Chain,AA,PSI,PHI
A,V,141.63822542603842,-114.07695334447419
A,H,101.11760452979084,-130.278198665052
A,V,133.5232253354935,-89.61504190804182
A,A,129.7148832842669,-74.04211029631523
A,S,109.23894882184045,-122.81951464281346
A,V,132.33987331191616,-50.55758111415701
A,E,128.04458541346142,-53.86623385743951
A,K,114.80241855513957,-56.13756648514807
A,G,7.6149926754754045,86.70087763354879
A,R,136.22879558618334,-94.55696204307705
A,S,-174.1151335115769,-120.60729993309002
A,Y,-54.427638148183235,-46.48079381145818
A,E,-33.8826507605263,-52.1470879859944
A,D,-42.56910154847757,-67.0654098170804
A,F,-35.271533252725355,-72.93403253707388
A,Q,-33.69335952440393,-57.113616131451614
A,K,-36.97862171575606,-71.19526310542196
A,V,-43.27458802715342,-68.28063820969624
A,Y,-55.6968778355665,-53.52744066705984
A,N,-38.062511195945426,-52.96208430992757
A,A,-41.50712907644655,-67.00204916431917
A,I,-44.31145949288658,-66.78956087019986
A,A,-41.20392569591384,-66.38884875803885
A,L,-38.899578805947684,-64.13271409210368
A,K,-28.893127450279454,-72.128799126972
A,L,-46.34777331792101,-62.33896136284506
A,R,-45.103699720112424,-56.05570960601351
A,E,-48.39112412049974,-71.86251053039594
A,D,52.84800791821054,-87.59126620577271
A,D,-14.39972300787914,-68.57190514798226
A,E,-12.638601933746122,-81.54046342014135
A,Y,140.09816587276987,-57.002325324567586
A,D,57.681518864324104,52.87906169965851
A,N,47.76379614687948,52.80868706680924
A,Y,20.152982655381557,65.01164903668062
A,I,-35.05528158364731,-75.52135655421944
A,G,176.9254153195558,91.30411632788004
A,Y,-2.6059880907982005,-86.14058843394962
A,G,-54.30671135600319,-54.66120496768787
A,P,-48.38208773426052,-56.38874676344015
A,V,-25.303320585628693,-68.23322233216342
A,L,-38.10686300926111,-71.93589125965671
A,V,-27.941305291910354,-74.87537485728694
A,R,-40.5993920043312,-64.30513257660937
A,L,-49.777723292059086,-60.72112128782668
A,A,-37.180558699560024,-57.085687157489794
A,W,-45.540922483146716,-69.92080566831821
A,H,-33.22356161846502,-67.63668813925162
A,I,-22.715208234827575,-72.86756547043544
A,S,-29.38610172219206,-88.04327915777618
A,G,-2.761333218018445,-79.76184237744495
A,T,-3.554231047697236,-83.59265547386727
A,W,140.76224176634634,-67.00580248568434
A,D,111.54799413023245,-118.28486014385446
A,K,-20.51598945099715,-56.4490901503085
A,H,-38.249635286904436,-74.36877173112414
A,D,5.9999956268677765,-122.16142209098871
A,N,24.56683133814611,60.81896457489271
A,T,160.82386560201905,-88.44256852159724
A,G,-163.83958651363568,70.62119761074992
A,G,174.48462477621237,91.2235866366319
A,S,-17.556913524840947,-72.4087715250389
A,Y,-53.75202574692952,-50.4936180548747
A,G,-9.424418612444086,-81.00000805750012
A,G,35.826842960207415,55.05324543074508
A,T,-7.7284978382912355,-74.38061964091234
A,Y,-23.564434597574873,-57.537529751479354
A,R,-22.87954748360482,-63.3803069944753
A,F,141.0517184606589,-85.23591614409952
A,K,-52.894968324448925,-40.29009329118807
A,K,-46.63738430736841,-53.14145097994363
A,E,-39.42539427476654,-78.68876432492515
A,F,-42.120405113919745,-58.98132808517292
A,N,12.970293371393039,-89.47526026922496
A,D,124.83174450510832,-57.27919903762828
A,P,-42.411331719477026,-44.02607190699679
A,S,-15.489992566504007,-63.86668318491161
A,N,3.833901836978162,-99.02126842575302
A,A,126.82301764598091,-50.23625268489928
A,G,-22.21234905437856,99.19816997363627
A,L,-16.269932478373356,-72.23968632553665
A,Q,-25.51428999112185,-57.525964763601785
A,N,-42.93283161656342,-67.66246864594054
A,G,-37.333717922683576,-70.08812794172582
A,F,-50.61621962559081,-59.805631559387834
A,K,-32.583379543154436,-60.538903833117864
A,F,-45.65387378232468,-61.83411649050892
A,L,-21.432617568112367,-80.16023642556216
A,E,-45.82596780278675,-53.93908203325995
A,P,-30.45223468422515,-55.54854139073598
A,I,-37.43193982076709,-73.30175600095895
A,H,-38.17258452032306,-69.53739787006937
A,K,-35.7337215575121,-59.34349239051343
A,E,-33.47291957481623,-72.66450459054141
A,F,72.56938533273863,-126.65727424242073
A,P,-19.24339203926637,-66.76873315809726
A,W,-25.31063250644611,-71.10510266799871
A,I,139.07632229780577,-72.55580421670253
A,S,161.3371562050104,-73.28646348093818
A,S,-54.718870033273646,-56.44280288177129
A,G,-43.397404023549285,-53.476850189953545
A,D,-42.02381365423311,-63.46800975394921
A,L,-44.94365991384541,-66.64077061864589
A,F,-41.970854325178635,-60.55160614234645
A,S,-37.655932059236484,-77.7800336456898
A,L,-33.68827958988918,-64.02453179050751
A,G,-41.127993228880655,-54.32980200157057
A,G,-50.89937673377872,-61.518421216662645
A,V,-45.53673876285408,-58.69047548814945
A,T,-43.29556978044971,-63.71828620169684
A,A,-50.10115196335872,-55.656118022424764
A,V,-46.15180193372182,-61.86956365746618
A,Q,-39.42584096706898,-68.59346475763512
A,E,-24.889295324100225,-71.88358119500344
A,M,28.152213302046583,-86.51744929200775
A,Q,23.715481353863055,63.52905071738808
A,G,-172.7966936501858,-78.46499634738244
A,P,160.91330549788694,-73.39956263478814
A,K,125.5272624402229,-67.967963061053
A,I,112.37814120386754,-105.3018740716192
A,P,133.09210721456395,-54.54662772134664
A,W,140.31686025436684,-125.19333477740497
A,R,137.89509830249938,-110.87745715129944
A,C,173.44104420198758,-89.58639110842634
A,G,-4.277706661955736,123.76520417853642
A,R,145.93691645613913,-63.751030761976395
A,V,131.6576528313322,-123.34817954121887
A,D,128.7138912811191,-61.3322443562167
A,T,161.8287844985329,-109.10248368143334
A,P,164.57991598983182,-65.17230226191413
A,E,-27.154084011057222,-57.57114173871973
A,D,-2.4251536732357586,-79.30087039483122
A,T,-0.7884445509059892,-93.42815961449718
A,T,119.56292838106538,-60.85698281512059
A,P,144.1027225713358,-63.726695915832416
A,D,150.548561588908,-63.33675981161494
A,N,157.1820379303575,-56.910051089844714
A,G,6.25471011269971,99.86962372977602
A,R,-8.386172988375035,-91.35522496282141
A,L,148.2452291889345,-96.32414453095696
A,P,146.04816210462664,-77.48995609324318
A,D,150.97219067237043,-78.05192817088474
A,A,-17.919655016707996,-93.30930664178882
A,D,39.161941229307025,-89.00298789181522
A,K,-179.5625738653681,-133.42909795379558
A,D,-173.28223647707492,-106.61593342492043
A,A,-23.922931874684576,-65.75983515454926
A,G,-39.88831696288941,-76.3572628749786
A,Y,-53.12714493409804,-54.95250230680239
A,V,-47.19833339937824,-52.467205313326886
A,R,-47.5034463874611,-63.44136812865154
A,T,-42.97972007044004,-63.68969229690292
A,F,-54.927838666612864,-57.46310483689902
A,F,-15.631248255583124,-66.99548722112584
A,Q,-34.71947310794693,-64.34246935673825
A,R,-18.706694102478643,-63.60062564612423
A,L,13.53395888851856,-111.78383452379452
A,N,65.59776505191661,18.657347023645865
A,M,131.55637600458994,-101.56254211443354
A,N,-170.78341993802582,-91.85928873216817
A,D,-45.86911552157123,-63.17174846607116
A,R,-42.40675622447294,-57.940589767396766
A,E,-43.5744686885888,-67.10898696532006
A,V,-48.335976173559715,-60.19177958077087
A,V,-44.609996158453306,-66.77530404532433
A,A,-48.12264125608433,-56.64006519016864
A,L,-43.08703840200428,-62.64179674028848
A,K,-23.526285682964232,-59.01632682619931
A,G,-10.816215073150383,-63.35311627837362
A,A,-11.24384802192215,-68.44574686149721
A,H,-0.4460686459421781,-74.65057645855958
A,A,-12.892372814569027,-63.7728672172135
A,L,138.6631152464671,-102.05983538772126
A,G,-146.66778961853393,69.6623665331066
A,K,168.07401188909103,-163.9899919619552
A,T,153.8579230669157,-88.42820497406235
A,H,125.32949946912537,-127.8687028193066
A,L,-43.56626745603746,-55.350415849305925
A,K,-27.400651745367302,-64.75968911690552
A,N,-49.00320731632808,-83.63095568311458
A,S,-2.6226928027754455,-122.46358022258862
A,G,11.003877853351364,80.35785036924685
A,Y,149.45742205992389,-129.68931300793665
A,E,128.65878477717223,-135.90785273716287
A,G,157.85125093683135,132.6056723870543
A,P,161.8198400299356,-82.8083322087517
A,W,-15.988987616095677,-86.79362600449457
A,G,-172.8620000975703,-164.44414255995432
A,A,-36.82275145481634,-91.54755912257909
A,A,64.66501544689513,-97.02363907431025
A,N,17.66973518858778,-79.54849148731617
A,N,30.101532431014185,-140.2371464894678
A,V,133.6649509850116,-132.3452059539417
A,F,111.3304269324055,-86.95354256923717
A,T,178.3546607098359,-140.7103803714807
A,N,23.527800009340307,-79.15646310023335
A,E,-32.59227101037385,-63.0515464932892
A,F,-39.37629253396656,-55.49174318055658
A,Y,-41.948966211484446,-75.36561843732996
A,L,-42.9306285577074,-60.35814690151139
A,N,-42.273233413123414,-65.38525227444175
A,L,-41.798851696676344,-61.698349037839975
A,L,-21.29902579356081,-82.16838901210582
A,N,-11.426207838232905,-110.98247034293955
A,E,154.93011392643066,-90.04622221282585
A,D,91.15654313371076,-90.58749097777006
A,W,130.1539782145384,-83.60951049612586
A,K,129.99587150072807,-115.69331512946248
A,L,123.64816630304162,-74.34691913894117
A,E,158.5484475094928,-141.30258658799232
A,K,147.2073020823455,-86.87438628013187
A,N,-175.52358614775963,-99.7552809481671
A,D,-16.33865460560029,-62.618494368940716
A,A,3.494520708154873,-90.8987144005095
A,N,25.84171448891048,71.70588412607106
A,N,149.23614085987532,-107.33957552443007
A,E,138.6965861992353,-83.73022397655501
A,Q,155.7630406200927,-147.24507771359063
A,W,119.97088529027224,-89.57157957884411
A,D,141.40173178423433,-112.56653013393628
A,S,158.34017929699246,-117.02183407839526
A,K,-40.226242370503634,-46.20854312196273
A,S,-8.193636410843114,-63.22997801695012
A,G,7.995933393570726,93.46484887758052
A,Y,162.6078563673651,-94.60957570690807
A,M,160.18981114655833,-137.47119760399784
A,M,134.87663945111473,-134.33420563708842
A,L,155.00362503959525,-73.96475830108037
A,P,-48.348656874823085,-43.126105325640516
A,T,-31.771795448502218,-63.4673698814697
A,D,-45.8873215889139,-72.02294115634541
A,Y,-31.015652519475882,-61.10999792667985
A,S,-33.72748240814378,-45.52038148678472
A,L,-19.224855430309486,-66.18613722419269
A,I,-8.464064408695208,-101.93965614362045
A,Q,-30.32259713930138,-83.37764004511477
A,D,129.10056088062348,-88.18749151581085
A,P,-37.466122170140025,-61.00075890992067
A,K,-49.091277075939715,-71.89752156030089
A,Y,-37.160865426262106,-59.61461383593945
A,L,-38.52889186137182,-64.49643089864834
A,S,-31.70794298614501,-66.01328100568855
A,I,-45.14715740397295,-73.72709095931168
A,V,-46.678590013871954,-47.47568848033832
A,K,-35.27585172133082,-64.18063213172421
A,E,-43.229574066278175,-64.67016463085135
A,Y,-31.780617170063564,-74.46861839559162
A,A,-36.54118090874256,-64.98256794419206
A,N,-14.050536956371223,-87.47577908439088
A,D,93.57908743643853,-145.6568315216895
A,Q,-35.8620471022475,-62.060001357713546
A,D,-37.044573562724054,-63.374606999461164
A,K,-45.66470622760687,-65.74652891205648
A,F,-48.19368700932041,-55.37317399126919
A,F,-47.23692195158894,-59.518602924162316
A,K,-47.28504522119384,-56.15152442375979
A,D,-35.17528454157585,-74.55692149574534
A,F,-42.855957354300266,-62.90658366044644
A,S,-53.435689854147334,-57.86980678288731
A,K,-45.085858070613845,-55.884598937934086
A,A,-34.368286502472046,-72.80746422243254
A,F,-40.852958952783695,-72.38730640053468
A,E,-49.92649076177942,-60.07288646499708
A,K,-43.038982976862854,-53.630138117901765
A,L,-42.058871951043834,-61.8778097615739
A,L,-21.093205317255403,-74.1179754413882
A,E,-4.970085091735545,-99.92755850232263
A,N,129.95564979888303,-55.1840940316512
A,G,-2.5756844628851376,92.86263998147007
A,I,126.6962391316494,-113.152553229378
A,T,126.52340138024888,-91.86859424052813
A,F,116.58709163219348,-106.91104348007404
A,P,150.67623638513825,-65.75946168387394
A,K,2.22719746643427,-78.67115868189669
A,D,-19.475354450160804,-75.18509533111569
A,A,142.15789067657616,-57.18610233763119
A,P,144.42260433090652,-54.21429740218308
A,S,158.0989814018953,-53.30692217883896
A,P,134.70510442159517,-56.302474627215865
A,F,137.26956476360294,-79.69427331408227
A,I,107.96099029676391,-105.97653245149814
A,F,140.47945648786825,-82.23412474191855
A,K,142.74815765346278,-71.54495474165932
A,T,165.0979732871728,-74.13642101875075
A,L,-37.86779267856708,-52.10251616434435
A,E,-40.656259894330645,-65.19810107888009
A,E,-25.434161321138166,-67.63859947332713
A,Q,-4.872317387989688,-92.4071815620983
A,G,25.094526850738227,72.23351017348345
