Chain,AA,PSI,PHI
A,K,146.36192955219448,-63.189307754877376
A,D,109.86146178072008,-94.53044836950879
A,N,25.77911522775414,-111.62067997792934
A,T,-44.870761004564,-55.49660528657649
A,V,-56.13377582753191,-66.638670546307
A,P,-50.37383671077301,-50.52429265541669
A,L,-53.37347480806603,-55.72504469477225
A,K,-37.124496761302396,-51.88728629963764
A,L,-50.0853911416524,-71.78784227624186
A,I,-31.78572463431412,-57.34311223942886
A,A,-41.03683392684334,-62.835825844987454
A,L,-48.86648096421507,-60.87065350558305
A,L,-23.03159185008765,-71.84790411362614
A,A,-37.36035235194914,-39.02154028703478
A,N,-3.126903548009829,-60.0905762640444
A,G,1.0567205093128207,72.31667311939891
A,E,-168.93389280741897,-88.42865625237455
A,F,143.02468706181597,-97.42937942877217
A,H,131.90069783256953,-146.92166849879587
A,S,152.25187211408507,-94.89576448607701
A,G,-45.389844093605205,-51.88155499845313
A,E,-47.949043551332764,-52.298510201014444
A,Q,-54.99110555303962,-58.52693284119707
A,L,-56.653313442210646,-57.84350007055946
A,G,-47.485167183780995,-40.223417864181116
A,E,-44.02080642787325,-70.02244621669351
A,T,-33.24063349049943,-63.15530260627989
A,L,-19.62158967379665,-92.46246294241224
A,G,62.76438191754245,73.92737702875556
A,M,162.92550977811442,-174.5713818063788
A,S,152.41751125362097,-50.6971799451891
A,R,-7.039151041642566,-77.299325832169
A,A,-37.84331888300386,-84.59499799732815
A,A,-54.073484709221816,-62.91825558241885
A,I,-51.015699841920494,-46.76600140880051
A,N,-40.86179025788712,-54.12658112661854
A,K,-43.20383229532405,-60.7179785695643
A,H,-28.316882778008505,-71.39846436383046
A,I,-33.65218105968548,-62.34425395314667
A,Q,-39.02833553539051,-63.08000640185222
A,T,-57.279293754892294,-56.45692786826593
A,L,-57.68835042153311,-41.62725366960387
A,R,-36.39754053033597,-47.71464423483957
A,D,-24.70233256184175,-69.32456092703856
A,W,18.843071409751218,-90.92300358728706
A,G,-7.7073212939821465,81.68088728114526
A,V,139.19086505171308,-62.149185753357465
A,D,97.15156346088504,-93.78721682281396
A,V,100.22746934359462,-121.38166653281537
A,F,145.27139273524563,-72.11924206732894
A,T,134.88457769542873,-121.03927379846375
A,V,109.89079708437059,-137.43317892798106
A,P,-99.72452365247923,-7.027778303713661
A,G,45.25107291978437,-76.97159432013349
A,K,-51.85791961606438,-143.07789055399468
A,G,-131.74999266958295,123.25207988153579
A,Y,150.66333199652462,-130.98071052498935
A,S,171.52304958393842,-160.8585672295843
A,L,129.84094412439188,-110.42860374991191
A,P,-10.36291865617854,-53.425045639212776
A,E,132.36702404079634,-169.76551884785002
A,P,157.4613655961465,-59.955230086782606
A,I,-179.5882172319107,-149.26889326599255
A,Q,150.33032793553954,-116.4946388146925
A,L,138.1956116125799,-132.08122594819267
A,L,148.33827349189573,-55.627340572164016
A,N,102.50107123119685,-141.96852155300178
A,A,-50.219101600708754,-42.987601696707344
A,K,-54.23528546278888,-48.7172993142334
A,Q,-50.37054853122747,-57.30765668140931
A,I,-59.659580025925706,-57.955109460687744
A,L,-17.358052530093445,-65.28990200208429
A,G,-24.031194411922023,-69.04007597809259
A,Q,15.072656104739366,-110.46446932272374
A,L,159.49506549547039,-114.0136233805193
A,D,-77.37323678915605,-94.36062001875963
A,G,151.6337682492027,-132.4283199919974
A,G,149.23340164982608,116.74517104956085
A,S,147.57329194360975,-71.81130035536953
A,V,119.62872731880587,-151.59580023029596
A,A,114.65098580840375,-99.54019325283572
A,V,110.49937870017601,-101.58536314050649
A,L,86.66858268858968,-132.76829929193892
A,P,-32.46743778543175,-45.61784767546251
A,V,127.83251565570056,-121.68520367898064
A,I,171.66113967177418,-158.88483843031278
A,D,-60.75560102603169,-74.98312096901068
A,S,143.13498226235478,-155.2201975620808
A,T,-33.95070843333958,-70.75325254483093
A,N,-45.815142561186384,-68.3354774621283
A,Q,-44.19753785279354,-64.00965968386826
A,Y,-47.8730313312612,-47.28239678929512
A,L,-43.104155009411336,-70.79198402073524
A,L,-47.65926450085152,-50.45456265411291
A,D,-11.290585533590354,-65.80888713687591
A,R,17.449972843781627,-119.87317273993528
A,I,-34.32275288562218,-38.9223640009795
A,G,-20.66748214637015,-76.14595789147361
A,E,2.357440432003094,-103.32326990652713
A,L,174.67550105397797,-99.33805937101717
A,K,153.76756039744197,-145.19237801651732
A,S,129.52619461572013,-48.3353852685116
A,G,-23.984059118037905,102.89523055891702
A,D,148.44441834727897,-60.3180039901968
A,A,173.98971127695955,-143.2637270756442
A,C,128.81424536485468,-152.19979901603674
A,I,141.69501620992463,-126.66478876340845
A,A,166.45468347283511,-151.93548494456925
A,E,13.684568601561349,-131.24207351663156
A,Y,126.90328283296854,-163.07709101544984
A,Q,108.10216585653649,-119.87140238605788
A,Q,-39.36034645449931,-53.32906541031343
A,A,-30.40757973048804,-68.44672120991488
A,G,147.8914869827989,106.05823540583043
A,S,99.23931202910525,97.59709588620196
A,P,150.48946056911262,-69.34134767800944
A,F,121.95810699309969,-43.40993393242403
A,G,-10.844830637473482,86.71886007985388
A,A,-29.09324962194133,-69.85085604181526
A,N,164.82282826089445,-133.754700445161
A,L,126.87367574595329,-113.90865797442163
A,Y,141.6573666085295,-114.51560621185108
A,L,141.99311039271427,-152.00470464760252
A,S,149.83028087983462,-141.20821753291509
A,M,151.22019305263504,-145.0006463684082
A,F,144.99873266193694,-105.44113399538202
A,W,141.78536848941175,-153.82829508796428
A,R,113.13002516532876,-116.10659864646034
A,L,144.42654365112207,-82.80109011271877
A,E,-30.050307259706788,-58.67076907954766
A,Q,-126.98912388112528,-116.44555578668063
A,P,32.6702711596233,-53.613537627533866
A,A,85.69537618896939,-90.23634867134173
A,A,-86.70347420290203,175.93045682969458
A,A,-109.06092699484722,38.43927730392543
A,I,-49.18216711411421,-40.807789744693586
A,G,-58.216640176927605,-46.1123531858818
A,L,-54.53656667331822,-45.38247669301149
A,S,-32.5018915384399,-56.39382390797381
A,L,-47.307363759448194,-69.61647848907425
A,V,-48.854687532473136,-54.862817317351244
A,I,-38.70682081979974,-55.61440915559357
A,G,-40.13226526384994,-67.27554254235316
A,I,-58.765500106204456,-56.38239280237451
A,V,-53.962653128938456,-54.56158185857548
A,M,-39.33906547717792,-56.74255390843096
A,A,-39.860037080067464,-67.60609223376328
A,E,-50.4336405609391,-61.84577497462247
A,V,-47.076998829610176,-56.69686927861066
A,L,-31.46762674246814,-62.53833505707911
A,R,-46.64969956522592,-67.33026854124809
A,K,-36.37989270100657,-50.218615335516915
A,L,11.328402321261116,-88.72130570759958
A,G,7.053273768589562,99.33305249477365
A,A,83.91433493280513,-100.02534694218753
A,D,-43.22564532145062,-63.136998649262814
A,K,25.39114173215739,-82.38256160353698
A,V,134.4956991057143,-75.85296186791612
A,R,166.71816255482437,-133.05192333503052
A,V,154.5235696035079,-102.92746879456537
A,K,117.14052908449807,-124.15420340352748
A,W,128.83194576681367,-57.473788256645754
A,P,6.169382546985834,-114.14535385139646
A,N,27.66925109018788,-147.24346332471694
A,D,165.68272821438805,-133.11058429226497
A,L,146.80629374866805,-113.15528603649352
A,Y,160.4607535555793,-126.6545463014362
A,L,120.89344672872895,-152.36852171183068
A,Q,40.39474536724342,53.24747027507382
A,D,20.256958767008864,63.719691543821014
A,R,154.22126750060133,-126.18770460606098
A,K,130.94841320227277,-75.64812750119593
A,L,-22.000873339793344,-117.07192408802577
A,A,157.37228106696406,-163.78330651699903
A,G,140.4867763413793,-142.46737220060078
A,I,145.95395929749262,-120.13879165732209
A,L,141.96796855692682,-137.10988755769418
A,V,133.11639987558186,-126.54165582865306
A,E,129.01608727389421,-128.67613669352718
A,L,154.06337691762522,-100.2580225757485
A,T,123.89998648717288,-134.57738115284252
A,G,88.20435403462152,-40.725647652702726
A,A,105.14956642153923,31.924071506398512
A,A,116.89596955905319,-107.34050077648203
A,Q,123.70647229932379,-85.38410052296175
A,I,151.13861724969263,-126.3492910557895
A,V,114.33272429680252,-129.80506936727375
A,I,147.25715728642126,-94.99664959278712
A,G,146.07797981981997,-142.33697996773122
A,A,155.17758056803905,-147.55743020520882
A,G,124.89829911811266,-137.59222056664933
A,I,137.05762129211507,-113.11073752839202
A,N,99.45669442554875,-81.9804473202038
A,M,-55.50140308348575,-80.53711323949058
A,A,164.46862635055368,-149.1952064104616
A,M,-120.3721720237228,-140.10506279969078
A,W,119.34634666754793,54.24876462564852
A,I,162.16633946229217,-141.28808974160114
A,T,159.41644437047864,-130.72246786503462
A,L,-34.5972579260667,-59.38574093083996
A,Q,-45.16842188713886,-70.80719159396462
A,E,-28.30758604932481,-48.98872883730278
A,A,29.975309034478954,-114.15834695483102
A,G,8.68377987203597,75.79852410101532
A,I,133.54088966394107,-101.07905757612988
A,N,72.7255845866354,-129.99211847687107
A,L,149.83049216136413,-72.32110113192616
A,D,120.14395574766098,-74.69107978533401
A,R,-28.506037366329974,-65.26323624945269
A,N,-37.764020706029974,-72.38040604128076
A,T,-48.26426039716687,-69.2156106443438
A,L,-46.21522778357396,-54.172643694403625
A,A,-45.92222352511148,-58.449780624741784
A,A,-55.44894234004533,-57.01177061282478
A,M,-55.04439806344562,-52.1183806901014
A,L,-46.57354729938343,-49.46586537439706
A,I,-42.786652934988,-66.01903973904456
A,R,-57.174774281867265,-58.55044960817216
A,E,-48.74275039233881,-59.07770614483265
A,L,-44.848864018704724,-57.647478928349884
A,R,-39.97435139233258,-59.32001384655413
A,A,-49.70452804972943,-67.0104213759693
A,A,-39.651566356157,-59.60737068772971
A,L,-37.12826664758671,-67.47035676765653
A,E,-24.956798962063075,-73.2348532619608
A,L,-41.331844384176,-69.3464189763615
A,F,-51.403562424569465,-58.39932695194878
A,E,-11.922920179828393,-52.71189479418666
A,Q,-18.03624773780509,-127.7599296840343
A,E,-5.1226539050603925,-119.20268302524893
A,G,-150.50595012247092,64.96887337453695
A,L,-29.251294177694152,-72.69366233850494
A,A,-51.16707616843069,-35.0376884481265
A,P,-1.9910482867264918,-67.80026066839919
A,Y,-20.089775475553157,-115.93223506040479
A,L,-43.942125728989545,-42.07220939295471
A,S,-32.87193620932984,-75.09364112126322
A,R,-50.38385192601591,-65.86603607279412
A,W,-49.97442977446774,-42.773049639563844
A,E,-48.518353984417075,-50.98779329452724
A,K,-21.847381156654436,-66.01148456646234
A,L,-18.322279853475436,-99.21952376016995
A,D,109.73290377441218,-56.825638542737885
A,N,-28.49856570224489,-58.52269953771709
A,F,-2.425061615758069,-112.92825166993065
A,I,134.00368299480525,-51.98470653768511
A,N,30.005863229141553,63.53087676922941
A,R,151.26486817297268,-123.80701238670227
A,P,115.34796079166881,-72.75489343060748
A,V,171.5579840996431,-121.86003140130504
A,K,134.00783172229342,-114.66717521528706
A,L,114.56503845098993,-119.03153173549741
A,I,117.06302834009601,-95.9839629641297
A,I,94.80460820172023,-130.72655312038566
A,G,-120.70941462280929,79.03094959307606
A,D,-31.885325568600212,-86.43864191039633
A,K,122.99325554385379,-64.12656151482456
A,E,107.52566801302554,-104.11519676338004
A,I,131.680213469816,-113.24662994980139
A,F,148.04947716719394,-99.52363039823469
A,G,-172.07171300262294,179.0454748592067
A,I,125.99971985631313,-116.19020662402868
A,S,140.5613438873486,-65.57541654669029
A,R,12.321644027419529,-126.26401918416803
A,G,-147.25250034669227,96.70119786479644
A,I,165.47379791072805,-124.65175024780179
A,D,173.2937606867689,-98.32056036532792
A,K,-2.965876698108488,-58.417342548339704
A,Q,0.743438650272257,-114.57828912382283
A,G,22.624557411224476,84.37865543598058
A,A,145.3909477839879,-91.7880427498775
A,L,127.9394357355253,-72.5449260943104
A,L,103.84393017384637,-92.71942785117147
A,L,126.1922119347959,-103.49389798243187
A,E,118.92114243939294,-100.35401201017069
A,Q,120.01331350143705,-123.413227351777
A,D,69.70278665841265,38.81351294023755
A,G,5.075075992213766,66.58669329699813
A,I,141.29628007096306,-114.88331382437863
A,I,124.60376882796844,-124.21787989996405
A,K,158.14470677812452,-135.11991819496436
A,P,137.41841881788912,-92.70675059735129
A,W,128.30975385023535,-123.22057554000295
A,M,4.669833852544743,-93.211923529595
A,G,172.9287753835571,-167.45968221957898
A,G,173.53962666164358,121.59212674108255
A,E,116.9769623025989,-118.7125012628826
A,I,143.12947180796183,-80.62708817778066
A,S,160.72764963320918,-143.19974051100553
A,L,134.17367649577392,-83.28377603450538
