Chain,AA,PSI,PHI
A,N,176.3966532904719,-149.37884816433606
A,I,-43.52815660209731,-54.61479232286659
A,F,-45.45891992671088,-64.75621922492164
A,E,-36.90130701090809,-65.05318770045929
A,M,-48.165420835635274,-70.52913043213137
A,L,-28.35102530651915,-73.10358653770538
A,R,-33.986180108555146,-62.11707575702694
A,I,-44.59218937856386,-69.0782220909819
A,D,-26.328494386101227,-73.57414620847779
A,E,-19.46615812531283,-104.30385154525376
A,G,-173.82588846903778,70.31220551028355
A,L,122.07294230449838,-136.3323400393598
A,R,129.39882936833132,-134.24727697719598
A,L,-0.18519973086981767,-90.789696854806
A,K,146.54245381263476,-124.18073478083392
A,I,133.7669898504271,-47.22191982008911
A,Y,165.4708700652689,-137.66739165920723
A,K,140.3602658678336,-98.62898837927789
A,D,-173.9409352739981,-87.19030502212334
A,T,-21.45682435304089,-59.670287177510964
A,E,-3.8242786166497047,-96.2044045791106
A,G,17.401796746793394,92.81203023340301
A,Y,145.0615720798046,-103.01117039042116
A,Y,124.74138515524871,-57.97088987325974
A,T,171.9511603878231,-147.22773748878876
A,I,169.18394373221867,-158.15401761160237
A,G,-126.25204121038085,61.716727834851675
A,I,72.32841055958133,-103.12090866586242
A,G,28.13388479840874,69.9927203909545
A,H,111.61244364528235,-90.68330599708834
A,L,133.398137843485,-68.48402477717215
A,L,-44.921145538072906,-101.31178224872671
A,T,156.45545236473623,-164.0513020963069
A,K,-8.191868962799711,-95.08482024714286
A,S,150.4633324957774,-73.19280407123605
A,P,-7.795569689922162,-80.86497396184627
A,S,108.67552590608948,-79.27751690584361
A,L,-23.506642869863153,-59.826308974002266
A,N,-34.75189523649853,-76.38722730609234
A,A,-40.137052206666354,-62.59370142347727
A,A,-41.06068455068655,-68.38239757233984
A,K,-34.6802174066522,-65.37125097582184
A,S,-50.87788667364591,-61.64928262723651
A,E,-40.751299432191516,-58.745639823560694
A,L,-47.0315266941114,-60.971508995011575
A,D,-41.24992046361361,-63.70659818959652
A,K,-42.54118177120861,-60.37211578177472
A,A,-37.439899972281985,-69.47410422627254
A,I,-30.101950015016048,-87.82521622304884
A,G,32.43612994130283,91.46352691161033
A,R,164.5370326283563,-177.67587718085971
A,N,106.29660839545393,-79.02371470599195
A,C,-31.387779873651724,-91.36605604261214
A,N,42.323919374315075,61.24500383741447
A,G,7.633472804586232,69.51844190045131
A,V,139.41142199955289,-129.24378138510428
A,I,173.7153421451247,-129.9496160526749
A,T,165.04857869961796,-95.38558360214535
A,K,-41.40962182795413,-58.832539773793236
A,D,-37.13360668418143,-65.81493707616926
A,E,-45.011028191482495,-63.996315560310094
A,A,-40.39780078788145,-63.09307476142235
A,E,-30.349826601902596,-70.003404804722
A,K,-47.15784859015175,-69.14584090744002
A,L,-40.75325045327718,-56.28281493090679
A,F,-43.40393539829839,-61.30404876551356
A,N,-46.24620031967871,-61.56669635092905
A,Q,-29.705811776507947,-67.10524765284667
A,D,-33.14493231914409,-73.82794079446808
A,V,-44.672232635400064,-69.88941812750765
A,D,-46.73662224356627,-56.40433271288365
A,A,-41.674856085566645,-60.482351110148095
A,A,-52.127453310194035,-58.02676082047809
A,V,-44.044023164592986,-56.50642925809143
A,R,-40.85497245692616,-66.09340486357243
A,G,-37.26758267788133,-58.41392707337912
A,I,-47.59788953188832,-64.07915214031888
A,L,-18.0835447639356,-68.65776521422653
A,R,-19.794401481161973,-89.44711263908292
A,N,131.46859945174035,-82.62478187525495
A,A,-27.23131144479228,-76.00814830351392
A,K,-36.48898087682744,-79.94268013412541
A,L,-51.91902426521481,-78.71215740945262
A,K,-49.28723774886452,-44.84761377602511
A,P,-30.829675361307537,-64.85392728985897
A,V,-49.98580560219538,-72.39432660877485
A,Y,-46.98475123346551,-56.331566413111396
A,D,-19.503544274597722,-67.98442227710012
A,S,-11.494478006618552,-79.89347450003632
A,L,162.83960391731046,-90.59766875663712
A,D,176.2044973244363,-80.21422862022517
A,A,-39.42867595856712,-61.1870984170092
A,V,-51.18828407470203,-68.51053894007046
A,R,-34.4800785221776,-58.38301183342552
A,R,-31.92082609172431,-61.11647725291977
A,C,-34.53774810067622,-69.28723474698491
A,A,-33.28291555336603,-64.97003960406869
A,A,-44.09184053427089,-66.77868412487514
A,I,-41.90613483110238,-61.65030357547784
A,N,-46.23400054901436,-62.4881238563294
A,Q,-41.927837703481686,-61.77428609856766
A,V,-37.63832513372321,-65.79772909595562
A,F,-40.295576483242186,-63.326587605948546
A,Q,-43.75701586528999,-72.33996814594576
A,M,-6.299659684251653,-111.81174694529844
A,G,157.18994253593854,82.11261946382133
A,E,-15.15824118262583,-68.08797741714426
A,T,-57.69059284912461,-78.30604063019125
A,G,-37.467675482149545,-53.1312290461124
A,V,-23.252705283129433,-77.14316106589217
A,A,-23.836544559288118,-63.38703975508311
A,G,-2.772066903793078,-75.960378727633
A,F,19.659090378111458,-90.83047588549908
A,T,-43.85747817700882,-44.20483736589927
A,N,-44.712819033801196,-64.88334816937754
A,S,-32.547105705174516,-67.47667180165918
A,L,-39.87328416083477,-63.12107446138527
A,R,-38.4533168490668,-64.4010203595524
A,M,-37.74977789992223,-68.98338192666313
A,L,-40.59283819194976,-64.13475496175192
A,Q,-32.75359626088153,-63.184340540449675
A,Q,-6.0399336653520495,-78.89796074573695
A,K,29.02855911766799,68.18105614855382
A,R,78.5884862593915,-94.69863703045901
A,W,-55.353761975980696,-58.566163311689195
A,D,-37.434173406942065,-61.76665295998567
A,E,-46.10831754716436,-65.41007116540214
A,A,-41.25802485883207,-57.096558265635366
A,A,-44.081544729022845,-61.749733675103606
A,V,-45.119611502223286,-65.90352238968302
A,N,-40.44121713467896,-61.77027488167151
A,L,-28.577789139783356,-62.06932181062827
A,A,-21.103076231371055,-76.41423455681908
A,K,68.58744739230772,-83.07814435417484
A,S,158.3158628119146,-158.0054240173171
A,R,-39.935363079549745,-61.50211182252456
A,W,-53.30427395317535,-52.754101503348686
A,Y,-39.202577039964936,-64.80126692449191
A,N,-23.888322783992685,-70.33772245692816
A,Q,-36.799464751686294,-87.40122236839434
A,T,69.39693378880091,-132.82526777780143
A,P,-43.48661297913572,-56.568483747241615
A,N,-45.61872312262715,-62.744825150442765
A,R,-50.69958927474533,-66.22000906824128
A,A,-35.33988087802852,-53.73061456331001
A,K,-43.02443401621109,-62.18070487440808
A,R,-39.37990710881783,-65.10363913427153
A,V,-40.94091389237282,-71.21771480506666
A,I,-41.63823585527054,-62.92328418741069
A,T,-31.92175755121492,-64.50782154601826
A,T,-46.75382985723641,-67.67885189712393
A,F,-28.74789556347756,-70.12640166713571
A,R,-38.830305633803796,-71.5423589544369
A,T,-21.860242294788574,-99.94842121293325
A,G,16.652230838862796,68.03186325331333
A,T,171.7670678524657,-128.4134433924256
A,W,22.484276565466242,-99.25318609897295
A,D,-30.22729607080782,-58.15146344315858
A,A,-16.231273856130013,-75.6098413680506
A,Y,-2.6901845950337693,-101.34288754769898
