Chain,AA,PSI,PHI
A,W,118.99825617754809,-79.76682432499749
A,T,111.79469142610264,-118.35463166271555
A,P,127.07258209382852,-63.90290849418035
A,P,155.53349629640283,-62.47748043241069
A,R,129.60927841622996,-81.39601986125064
A,S,162.58078318918498,-102.94364607310581
A,P,11.56405667954237,-78.40925753583811
A,F,-7.624315539746646,-103.28588994855829
A,N,52.9574718741574,41.578293863878706
A,L,148.5403825436897,-63.439460544704595
A,V,-26.82427265977006,-64.36066416088993
A,Q,-25.731023797279647,-62.06252221091556
A,E,-24.502542733821038,-71.92447394822022
A,I,-26.65717807005941,-90.97418508073201
A,L,0.6642927878344896,-108.09985404059962
A,F,-29.381894605304414,-54.999043838619414
A,H,-25.56131321027342,-58.84230875944048
A,D,100.64859700595096,-125.77489680242975
A,P,-35.706162894032246,-52.706563123942274
A,W,-46.36320668954721,-62.94035068844337
A,K,-36.61072021824203,-66.2802770724291
A,L,-46.295137521605504,-67.08272374481801
A,L,-35.503951162263256,-66.78483381045903
A,I,-47.13377713366964,-60.258191139253555
A,A,-42.835649509811596,-53.89453726644418
A,T,-29.720940397887592,-67.66722841531906
A,I,-47.936628131117075,-65.73200224747109
A,F,-41.784292171866184,-62.25522257493918
A,L,-15.719457173510971,-77.37402829558165
A,N,111.04421310857201,-59.97594084506951
A,R,15.191857972843644,64.12034938380347
A,T,139.6023536203098,-122.84651014032242
A,S,134.54851954153915,-60.29997705653315
A,G,-40.07645392219729,-61.78361262440014
A,K,-34.325679492382775,-57.04081251168711
A,M,-49.1569029043117,-88.7304413118398
A,A,-42.09814969546498,-64.33149025075939
A,I,-50.717487607648806,-56.77925621842345
A,P,-46.60938413822353,-53.82400975251
A,V,-35.58154475253719,-65.34679239123817
A,L,-46.48284120451159,-61.288828439905906
A,W,-34.36115046574179,-63.23439448941022
A,E,-47.88106962948741,-65.57239403349905
A,F,-48.8523581078818,-59.81267666179185
A,L,-22.428400788940607,-63.09332265386519
A,E,-39.50651990761452,-76.89166344495159
A,K,-30.54826090107858,-87.26402244347524
A,Y,71.94369648558352,-129.55329839074705
A,P,-8.754295000191398,-66.78745383186559
A,S,165.51776985667362,-144.6614453050805
A,A,-34.583513838073344,-65.52805814763987
A,E,-42.41671885663565,-63.92300631984122
A,V,-51.392036265204176,-69.947326535711
A,A,-36.3572190158613,-58.7523674292915
A,R,-25.655724021896983,-71.80529310267839
A,A,-1.2410094687950557,-97.01505293914241
A,A,160.99408300939564,-65.81585952495075
A,D,117.36119270126733,-94.58889271395073
A,W,-29.196234232949305,-59.39157214403964
A,R,-40.2487592230053,-65.23861252283353
A,D,-40.400827279622426,-70.59894427097501
A,V,-45.32036566883453,-64.93970975230962
A,S,-28.448900395145234,-61.051288793602765
A,E,-39.543435097460836,-67.36280919478651
A,L,-22.37402138423546,-74.07127965265335
A,L,11.139432244003093,-96.60576492409058
A,K,-42.13058309832999,-56.416226836275854
A,P,-10.427333259293922,-57.12975685584293
A,L,0.2074329936201157,-108.86277363951164
A,G,168.37395177103025,67.88196143485077
A,L,32.151842116454226,47.57372388254208
A,Y,-28.868398038080088,-59.97953205017778
A,D,-39.09047783004861,-73.35410835260727
A,L,-47.13189685478935,-70.36404637177378
A,R,-52.40689600976428,-56.36478304945234
A,A,-47.328899145424124,-52.951007908430206
A,K,-33.598287974419584,-67.5301069724484
A,T,-47.95009421065258,-66.9635513193189
A,I,-47.31315664976748,-55.98022352479655
A,I,-39.37459609492191,-66.65679063852649
A,K,-45.136226093168624,-69.86398730209247
A,F,-46.7526048940139,-58.386528565221
A,S,-39.66768684731496,-56.882162880109284
A,D,-46.38647251646667,-68.48190901513873
A,E,-41.40089956787469,-65.06798617470318
A,Y,-41.09119758965947,-54.08646936347959
A,L,-23.485702947474376,-89.46290677912144
A,T,-35.18252752453185,-108.49617936354115
A,K,151.60029981825957,-77.88597936090508
A,Q,116.86727384797851,-90.098264845928
A,W,154.3595502681496,-140.32949581265248
A,R,-39.17657474271252,-103.77052953590103
A,Y,141.00757370403085,-130.97594181215837
A,P,-20.80738038287822,-57.63904266030318
A,I,-17.71448044293565,-60.871501778973474
A,E,-11.373157427080825,-79.35478300891076
A,L,151.72990529255065,-93.16399725877925
A,H,136.29256853384095,-61.80620582388066
A,G,-11.970766504463214,89.03804024201416
A,I,126.56447831334096,-103.84351873297442
A,G,-158.10900758849846,-120.89372874148243
A,K,-46.76775652648527,-55.60516566159198
A,Y,-47.69042083043633,-56.13974537673037
A,G,-37.52196080160464,-69.57830674797778
A,N,-40.48308484008596,-68.93753372067428
A,D,-41.51926659616868,-65.27255744724353
A,S,-45.95157040231306,-60.53618913201095
A,Y,-46.897033106248685,-61.068885445483005
A,R,-8.715190464340354,-72.28593520666104
A,I,-35.39502657489317,-105.37215644263965
A,F,-29.395698459194232,-104.6495104165333
A,C,-26.734818734901065,-99.7221646343687
A,V,158.5104959103583,-132.9034175824937
A,N,86.8151127360468,-88.1415251917903
A,E,19.922373299014787,-142.44121763504342
A,W,-36.49926693089334,-54.07334161738038
A,K,-21.85959943226693,-64.36905359879704
A,Q,-11.024912326462747,-95.15832005461472
A,V,136.9040447080387,-88.34614473232833
A,H,85.96829706272963,-126.81729307923915
A,P,152.37116651687546,-59.76965556793824
A,E,2.760513602240094,-121.84753933783588
A,D,133.43303943107958,-94.84468250070971
A,H,-53.627052779521605,-53.354369909668854
A,K,-33.79613126563698,-66.77773747751051
A,L,-41.583988024940695,-66.22187983702531
A,N,-34.58839243643828,-64.0453268959369
A,K,-47.33621691563105,-65.36816396747729
A,Y,-46.257511255861154,-65.03077432526923
A,H,-43.478467306157754,-62.5859406978018
A,D,-43.011884409751886,-61.918164542826766
A,W,-35.254274167963594,-65.89104259738447
A,L,-40.86225398328695,-67.49171132869432
A,W,-41.32342703910798,-68.82022021891711
A,E,-41.16676886627523,-61.772957468186085
A,N,12.827341493707593,-114.28471622292558
A,H,-28.84765786304044,-63.14933951709626
A,E,-52.497497835388984,-64.02571043959425
A,K,-25.132044749772124,-67.83775725124808
A,L,-76.28302860484546,-74.66574952301032
A,S,-2.28467639049409,163.0286451280143
A,L,178.0095690089732,-86.94491022204659
