Chain,AA,PSI,PHI
A,F,-52.659016909109056,-135.53078943169493
A,F,147.9925609307345,-90.54210141916946
A,G,13.246764825531079,78.51888027085947
A,K,152.2749456361683,-65.689285510947
A,T,135.7335887358954,-79.03631434727654
A,L,124.29157979798876,-59.66660935745982
A,A,159.3803409162218,-158.78168333859716
A,A,142.43311691318743,-131.5242428135638
A,R,128.79969303570616,-129.1656526964861
A,P,152.0093976083249,-64.54633986950391
A,V,107.42853091625769,-99.79416202233446
A,E,-29.749970185535783,-62.84960826764879
A,A,-19.67305713102462,-74.45560084212984
A,I,91.24199617350908,-131.54107061677252
A,P,134.48052292341848,-50.585347216687026
A,G,-23.094673765325155,92.33209555841604
A,M,144.37986043865712,-72.95782011767987
A,L,137.1248886017722,-134.05255368002403
A,E,129.50904664488968,-106.57324212949973
A,F,135.70242105674353,-110.39436560671356
A,D,129.0873413309605,-85.27394089450229
A,I,127.93579282613369,-112.33383665784538
A,P,123.24204178228355,-66.3394572785637
A,V,125.29891017664127,-121.36201825901529
A,H,123.09568583767603,-115.07620987881786
A,G,-143.694033047174,141.49171535597483
A,D,-165.50647578030896,-156.28393911001282
A,N,-26.649935241594818,-55.72654237163981
A,R,-18.325903263090098,-78.40714632785104
A,G,152.37283383763486,160.25450835375617
A,W,175.28947887912756,-158.92506701159795
A,F,153.06925975148263,-146.177441871826
A,K,153.75659318685524,-147.85348165653102
A,E,94.93665820147801,-91.92653010894064
A,N,-34.50991787587797,-65.82736317457088
A,F,134.11055429819055,-144.75652450906537
A,Q,102.73513027722926,-144.1874346275774
A,K,-43.99779703246648,-59.53305257724735
A,E,-36.44774940326708,-62.8721114084825
A,K,-30.873896464107403,-82.95698480365276
A,M,-23.94092987924621,-84.34404343277023
A,L,-50.89386093713846,-57.73259414763701
A,P,-19.64284921520409,-63.814518591982065
A,L,-5.414331520494274,-81.66447039000455
A,G,-1.6971813593519638,113.1880100154429
A,F,124.66878822902372,-56.34505266988405
A,P,132.57988481954763,-72.27140388612068
A,E,-30.684684874104867,-55.3786039735801
A,S,-23.02374040518367,-60.35547718612676
A,F,-35.98146855901595,-55.20292833130783
A,F,1.2519613315870173,-96.43783491315467
A,A,-29.642214569077538,-60.472403783111965
A,E,-0.49475327760736165,-104.78968817764499
A,G,29.12630147577871,68.02172395029632
A,K,140.05682288102398,-104.24623027724307
A,L,131.32216231073977,-151.38054110206315
A,Q,138.5322114127486,-145.1617925871123
A,N,117.97887337879756,-118.75263920447742
A,N,149.94431782599827,-105.92940233658398
A,V,132.75971959792997,-133.98029658640493
A,S,142.80085105245533,-123.32315971893793
A,F,118.26689262032617,-115.49198527754243
A,S,153.29432279972545,-137.79335913911012
A,R,163.22871549234884,-98.40378843235544
A,K,135.61356135072432,-45.26230714624504
A,N,-8.58072189716286,78.89128006105881
A,V,133.5745237426011,-56.051067624994545
A,L,116.23539375829739,-133.40586363415156
A,R,139.24397200914797,-115.26311432335041
A,G,-175.49008120066478,134.03666980036922
A,L,119.00761371295457,-104.78379441987207
A,H,125.68115924358035,-118.16721722004783
A,A,91.87023012195615,-102.37571351895014
A,E,155.41478336043656,-80.18913984409868
A,P,51.19907660290086,-83.19245908368917
A,W,164.14543861276894,-158.9696034388927
A,D,157.21585585056104,-81.21403629552117
A,K,142.24089879763815,-139.84660813413848
A,Y,114.222707627244,-118.5636784396626
A,I,135.69516883004903,-106.81662715868192
A,S,171.21584138705907,-149.05326370658784
A,V,129.82526670031615,-118.2372388055332
A,A,-13.23035549470528,-98.27116138444592
A,D,-160.09183778085566,-118.5873577135739
A,G,8.513398767747686,-85.72583648516468
A,G,-173.8421176204599,-83.36948985085101
A,K,148.65135381107402,-156.57618390060537
A,V,155.76640576782287,-129.8321161947025
A,L,101.29097328516093,-87.6534295287026
A,G,140.47834453677504,-79.21523393058615
A,T,133.38738603096093,-142.01436894630385
A,W,140.56570487234714,-134.40555522573962
A,V,123.55774773975119,-132.3946075919695
A,D,120.74213032320448,-73.7365849696045
A,L,15.434815825300268,-106.89154712826956
A,R,135.83059561953021,-83.30216800921714
A,E,135.59415389981126,-57.153873515109176
A,G,-166.9768597956948,133.87523748472174
A,E,-10.670788744741513,-72.39012976435474
A,T,8.314746561644693,-106.21934087417263
A,F,127.07759924325195,-58.74333903966772
A,G,-8.876645963737214,88.9179640464206
A,N,150.84653684799991,-64.9489348878277
A,T,164.35101351536795,-130.5344620823134
A,Y,147.7636016120975,-151.1534658768217
A,Q,145.3103430959824,-140.21969490464795
A,T,156.54515522307915,-160.1898703555768
A,V,124.55219350885439,-78.86771599532976
A,I,125.61550148286759,-101.11946605889247
A,D,-171.76791956890662,-137.27012030880633
A,A,-19.415407513580423,-62.292534355142834
A,S,6.270671031838955,-94.38406833462058
A,K,132.45385402113268,-141.52599611568198
A,S,168.36597178897784,-128.0858293366672
A,I,130.84055771638165,-140.5649373274352
A,F,122.98640870917441,-94.24204159584347
A,V,110.93320238139447,-116.8153699966546
A,P,149.77109343410544,-66.39164478986108
A,R,133.3082732794551,-51.9841260360002
A,G,-14.706756931319614,105.24903544238875
A,V,122.09826673250473,-99.23779959057205
A,A,139.37033456602583,-72.22910325381235
A,N,143.63492614425337,-118.77163861752085
A,G,174.28703828416505,-162.16932499192257
A,F,154.71939501548272,-161.32343577782
A,Q,132.56170536264256,-121.26428465106375
A,V,124.12381519306744,-75.8179513510044
A,L,-35.02654998937845,-96.80026053182884
A,S,173.69734330035473,-82.46140396358645
A,D,-39.01148033622461,-59.685915330709236
A,F,165.0849300157266,-148.71491947713324
A,V,144.37536088494753,-151.02324556014682
A,A,107.33222875094742,-103.33773869089755
A,Y,113.23652931888012,-104.04930420972225
A,S,121.12235160979778,-122.1333112711536
A,Y,154.64935271780672,-134.5132055328194
A,L,140.8489296007089,-109.8708569900341
A,V,161.30803312828627,-131.55171325798338
A,N,28.952407004787016,-119.03044271442143
A,D,167.50841671675153,-158.98918694503868
A,Y,151.50551572078018,-116.39215867571197
A,W,134.75378082597118,-56.4035536533196
A,A,146.64715313290114,-147.91587943768405
A,L,-38.0606489420531,-57.60519366752502
A,E,-19.81906178334579,-66.2526078179
A,L,-11.16293231829304,-85.92796548064747
A,K,-46.42591661514783,-55.787047597492915
A,P,-6.913913062568743,-65.73842122659019
A,K,-3.351572878752837,-99.65635584272594
A,Y,152.47644237967023,-72.77687414810381
A,A,152.13751886405362,-137.60010488650659
A,F,145.57233134299022,-135.75163594263543
A,V,145.61598909810544,-137.87190979942747
A,N,126.74679164224219,-68.69674559706378
A,Y,-28.352780924888044,-56.431863905111506
A,A,10.313870320749487,-102.55707271119132
A,D,113.3057729175964,-66.53791346616087
A,P,-11.867039729292772,-71.56499372960948
A,S,-12.858439390345382,-79.23615536838346
A,L,141.17938495060184,-68.52922168597271
A,D,61.37225620228681,-82.7107333833956
A,I,160.22827847649307,-142.63680715533204
A,K,145.5144589265852,-138.50090217374566
A,W,158.923920515258,-97.86678422709366
A,E,-47.06161433571707,-64.19202871167444
A,N,84.12001325075222,-147.94345599117256
A,L,-39.51920811480444,-67.70652327149574
A,E,-35.963378189532676,-59.67355294525575
A,E,13.263426036905372,-109.056587959435
A,A,140.60496396129417,-60.19719782550391
A,E,108.48248576806539,-108.45001472601675
A,V,140.45112730129108,-127.99250954454676
A,S,157.7404379687078,-68.06090109347781
A,E,-39.438954333282815,-59.023612276431344
A,A,-45.28181478531432,-61.393669823392166
A,D,-27.704762667720647,-68.8774254101918
A,E,-24.2716552054541,-64.42880703758983
A,N,8.153722703325789,-114.02107974305306
A,H,154.12827284109352,-64.10649892684292
A,P,151.53661406907054,-67.23897264591986
A,F,162.8249579802083,-67.86942438092964
A,L,-38.17140398480092,-55.66346736214935
A,K,-21.34327524473215,-60.14533049209492
A,D,7.685433197355512,-106.97165317557061
A,V,132.7270279721577,-84.40994497522901
A,K,114.92268263874057,-84.7883804207315
A,P,141.38025630516032,-57.44450114326763
A,L,120.70490612133301,-77.3273550830697
A,R,167.13343277086835,-86.19504853508128
A,K,-35.951372597048355,-56.149342459889
A,E,-19.333132357540034,-67.13020059579165
A,D,-2.8944129049186214,-92.0603483835492
B,F,-42.980516875413414,-82.30187254433105
B,F,148.4302056730755,-95.8923566858863
B,G,16.758985364596914,75.82391091203456
B,K,154.10575024700822,-72.77545934519866
B,T,139.88923508747058,-76.7111140727172
B,L,121.88114064415716,-63.96418188131699
B,A,156.43572388014618,-153.7956440228735
B,A,138.56124745011206,-126.53010099957588
B,R,128.90593062111665,-126.58315712995477
B,P,150.19355366714285,-64.93837783718304
B,V,100.2785980392383,-99.25340817680146
B,E,-30.392387033516897,-63.519374849098824
B,A,-23.416972938429335,-66.34698558203017
B,I,94.15192080444378,-128.92147494473082
B,P,131.18345844175255,-50.464954198819264
B,G,-21.531837813154787,96.39788071721995
B,M,140.91087338668683,-72.51486494112626
B,L,136.4894857833155,-133.2597486828402
B,E,134.84846105722002,-108.48469987164627
B,F,140.72138013860277,-117.3162277014385
B,D,130.9999148449998,-89.15938587290093
B,I,128.17840779221115,-111.55531592481677
B,P,122.81383419837539,-66.05236520331356
B,V,126.44547477320347,-119.178660586671
B,H,121.93029164168513,-114.01731289833036
B,G,-142.96412938167646,142.2008518432521
B,D,-167.22616399364432,-158.03445415969625
B,N,-34.81298289318311,-51.700015597138204
B,R,-24.685648670472517,-73.4311664577727
B,G,148.0121883743755,167.82039588861718
B,W,171.26347557996706,-157.07338967450747
B,F,147.088106898456,-140.62567516745133
B,K,153.93403212511353,-145.9678067262782
B,E,99.72371593099908,-86.1408506557964
B,N,-36.24035776991569,-65.96407694855112
B,F,125.72426190083235,-149.98519505317358
B,Q,104.98248142836343,-133.78282004655975
B,K,-43.160361217672396,-59.248013653284794
B,E,-31.305788968354648,-65.09653753532717
B,K,-26.644584778884525,-82.5397427543641
B,M,-36.8992932807191,-84.2733339889151
B,L,-50.795125408592845,-55.427302031336765
B,P,-15.531644716146078,-66.08473983980576
B,L,-3.797214973996122,-84.14495959562316
B,G,-3.775718462154756,111.97450083941065
B,F,126.16829514551368,-57.20776151100312
B,P,131.40027905103452,-74.6976300229995
B,E,-27.340581991579413,-61.733545782458535
B,S,-24.968011197136615,-56.58517399635548
B,F,-34.68121021482752,-56.087558275404334
B,F,-0.36377448309875043,-95.2261491197793
B,A,-42.36799930527753,-55.417164952935266
B,E,-1.9035955089954577,-92.5415084529272
B,G,25.76388878806383,69.78100768320498
B,K,143.657481067519,-102.21398365017461
B,L,133.67571769824102,-151.9475030088408
B,Q,139.75787809730613,-147.20026086904855
B,N,118.41068366547493,-118.66308724905598
B,N,148.43786588964707,-106.55830540847259
B,V,132.65986291337094,-132.73395469197308
B,S,135.86452143211213,-118.2558435955068
B,F,114.90552056354373,-113.30954502341177
B,S,153.8019263799369,-135.7225937012756
B,R,163.92416171720387,-101.1857444571901
B,K,134.9719680619328,-48.26528415116764
B,N,-6.589773648753839,81.7117417077219
B,V,135.91733937699973,-58.07694275554706
B,L,117.00991129326333,-136.74783108016487
B,R,140.11524678029502,-121.75174535926226
B,G,-174.5761359429732,136.5804951770342
B,L,122.5459205068367,-106.05316503254082
B,H,125.13453128610887,-120.69999029843657
B,A,124.9538449326916,-102.19387996843689
B,E,168.6104984419745,-119.23258779076993
B,P,5.697747809146793,-69.07756321165547
B,W,156.94393700902577,-138.3166077175229
B,D,156.8226983781656,-76.25899611041706
B,K,139.20754634727783,-137.323597887923
B,Y,111.97297574516459,-117.02169999969017
B,I,130.18813945937782,-108.97004110721107
B,S,-172.20944999191,-148.41595077790026
B,V,136.54778914551937,-117.79174536250191
B,A,-11.62866145248478,-103.54598166936125
B,D,-159.8967667760738,-119.7216670516511
B,G,6.32193890692732,-82.43581477692076
B,G,-174.2330274343289,-85.81409819189946
B,K,149.8697683246354,-156.91255068218103
B,V,156.41954492276187,-130.71241429770984
B,L,107.47321289990126,-89.97540715236347
B,G,143.80502651087437,-82.51025961423075
B,T,135.3266313312731,-142.1540073341605
B,W,142.21257024739927,-136.2037141554185
B,V,125.51126020522807,-131.03533561123223
B,D,118.10270664825643,-73.96512474677687
B,L,14.825618962311713,-106.65121756443342
B,R,134.09085042789127,-86.20535113436776
B,E,139.48846776961284,-58.71458925314321
B,G,-176.33478654667078,124.5843569429011
B,E,-34.871856545986624,-49.19779955976965
B,T,7.408638989337593,-96.88528925096257
B,F,130.95109583191,-56.36086643104118
B,G,-15.591931975642206,89.82117093908107
B,N,148.75635444153073,-62.43454904603847
B,T,158.44020270558482,-132.5044719258799
B,Y,150.80169753688364,-149.16073916971104
B,Q,144.6525476464729,-139.97479739353787
B,T,156.73563542925132,-158.71636651818292
B,V,126.31973311228255,-77.62611042629915
B,I,126.38834034046474,-105.88946332838934
B,D,-172.00644335576493,-133.26525510994682
B,A,-19.269359318388187,-61.703301367337886
B,S,5.601035240533474,-90.82283816879105
B,K,145.51145716980506,-136.98149187041102
B,S,167.70030768660652,-137.75427081631693
B,I,134.09152759792184,-140.90164063181098
B,F,123.43208980294906,-98.23278235233855
B,V,108.16618160347555,-115.46288736121481
B,P,146.70994274902893,-64.1680518019108
B,R,139.44948470937706,-49.53579793195055
B,G,-8.357364182369809,91.24821696220353
B,V,125.3974688272383,-97.18629991236497
B,A,138.8291079207772,-73.73136007682484
B,N,142.40354229882846,-120.66171112972663
B,G,173.5327550340327,-160.7224530904702
B,F,155.35113329348522,-159.81695865653757
B,Q,131.59797630547956,-124.67757769110193
B,V,126.13347403263495,-78.30738946754406
B,L,-30.865218453092282,-99.78109784896613
B,S,173.31833448043182,-89.31037851971023
B,D,-41.757799917096136,-60.05392290901199
B,F,164.94246847383135,-142.31201119171243
B,V,144.4434231797276,-150.33964984459448
B,A,104.39643189786435,-104.55770673278629
B,Y,110.47938983887224,-101.57174587314078
B,S,124.63090939682579,-120.46618807938097
B,Y,152.8654152754275,-137.8158590880187
B,L,137.47169461217396,-108.96366250717887
B,V,163.27143560056257,-130.0260757802927
B,N,26.86841587875621,-121.83774684659562
B,D,168.31324314931277,-158.44253252436158
B,Y,155.08494774239003,-119.65546479977746
B,W,136.0004595376522,-53.893630252787354
B,A,144.52234709958063,-152.6768738936637
B,L,-45.08743967600753,-48.83542347305019
B,E,-14.712632676671019,-67.37984048598427
B,L,-3.5945031609656057,-84.42439384809994
B,K,-42.73250036683011,-47.43278208806989
B,P,-16.373431136590217,-66.59849749840582
B,K,-10.38267786952056,-78.70107150724714
B,Y,139.54217834840395,-83.82913170400168
B,A,156.1563338568917,-136.36188206230608
B,F,145.0308262896786,-136.16160328061977
B,V,142.82806965174385,-137.80860723193
B,N,132.50759335740102,-68.66817859731268
B,Y,-34.41543901049751,-58.523259546361345
B,A,12.705513448154887,-97.51411365151208
B,D,119.49123596698513,-64.72078132081346
B,P,-11.196828478495505,-64.60329588021729
B,S,-17.57102661991613,-87.11258889558046
B,L,137.48269877690728,-71.79132129672877
B,D,62.14448020724528,-86.71558581545456
B,I,159.77478048165867,-139.10326723125982
B,K,126.51616816646606,-137.8045044749513
B,W,160.29218122430652,-97.46748485212555
B,E,142.23686891252612,-79.65260569598857
B,N,53.72047646703985,40.47419763258779
B,L,-30.801737029538163,-55.75070680312574
B,E,-33.738485131853025,-52.257079826991784
B,E,7.462928374169384,-106.27766035973781
B,A,140.51882757850328,-66.63434341886767
B,E,102.79666545022762,-106.49356371994719
B,V,138.15386353120056,-121.20073986723959
B,S,155.40315602576163,-69.95126332740847
B,E,-42.82241519629681,-55.95732064876988
B,A,-46.2217379196182,-59.82165053058581
B,D,-31.594049844426976,-67.16488376782874
B,E,-25.901001914427454,-64.3355662254892
B,N,9.631477652582232,-107.88769526872257
B,H,152.99149011750396,-62.67497710295983
B,P,155.26933258975723,-69.03182261502917
B,F,150.07461780072006,-77.24415846204343
B,L,-43.35058497147752,-48.84634569862564
B,K,-19.67137990648051,-64.2561697907702
B,D,-7.073222999350035,-93.5019888925355
B,V,124.13001442767717,-72.1086813482903
B,K,113.24797420718225,-71.67913768241547
B,P,141.56791943469014,-55.83753504109151
B,L,127.05378792725968,-82.42494178941288
B,R,140.97377526103443,-78.52962185995723
B,K,-35.023274316008646,-62.2325819976116
B,E,-17.528471059338305,-73.65529813273943
B,D,-18.59919672316773,-87.77957403549286
