Chain,AA,PSI,PHI
A,A,133.67607253720556,-70.99550752136442
A,T,-26.839573329235414,-92.089024316399
A,K,154.20300193073436,-136.55579975218058
A,A,163.95429136161394,-154.21951928982935
A,V,153.4760510474756,-145.40162185537875
A,A,126.3921326998292,-137.9470870881169
A,V,113.85129141633092,-101.25630776485785
A,L,120.03568679348498,-89.67749436533306
A,K,145.66943250720186,-153.70843993990462
A,G,-169.74265693055636,-153.73120184702455
A,D,-2.0018742924514115,-67.34639660598098
A,G,-154.12410772615323,-137.8617261267797
A,P,-19.990056677307294,-71.35248427241613
A,V,113.75794038852058,-73.51935993424063
A,Q,159.5793122657934,-153.03477778652126
A,G,-177.4087106924208,176.37716775316503
A,I,121.48284494791822,-151.63983107655952
A,I,128.06455174011847,-120.65989919661085
A,N,148.77669600548057,-101.41611880754996
A,F,138.66407939656315,-127.98287878120999
A,E,131.6556273203801,-139.53637612538623
A,Q,108.21211340557055,-131.89548060293345
A,K,-39.128399987296156,-68.02041847766522
A,E,150.62083493223224,-127.58550658784662
A,S,-27.683714348253226,-51.92199428960421
A,N,25.729862978835392,-111.19429820686626
A,G,-176.9972902582469,-125.88317996669277
A,P,152.57034553155844,-78.39140422391506
A,V,127.55111461255076,-95.43055503330822
A,K,123.44621637588905,-89.61318349732038
A,V,135.7635944151189,-116.76501862604215
A,W,152.2986499459818,-158.09725099370866
A,G,-159.55137830627342,154.94490224799046
A,S,143.18233893903295,-143.20411017863785
A,I,161.4803283094693,-110.67113865507466
A,K,158.59516392029923,-140.61255580625016
A,G,18.897973463886437,84.08222795082347
A,L,151.70251676152313,-92.07660044535156
A,T,137.45151767043748,-71.68202965713456
A,E,128.31913049975597,-46.88976466393863
A,G,-158.93970281010573,127.32808762048816
A,L,140.6204123605671,-90.97851595823619
A,H,130.48997302079707,-135.96386274110122
A,G,133.5812730900589,-52.25480847411587
A,F,107.82716047219935,-128.82856424482833
A,H,153.29994942398952,-142.37340000554414
A,V,113.94394516178517,-95.36131314248108
A,H,162.57515402029952,-86.73859817305386
A,E,-42.01336172308053,-65.06690040609467
A,F,143.65217410609557,-108.0224218102919
A,G,58.97910517348692,-105.04792305363918
A,D,115.73456047430494,-114.17956708720493
A,N,32.862865023950654,-114.67326461892965
A,T,-28.5303432017712,-74.5320380275471
A,A,30.194312915714693,-108.9594750815354
A,G,-134.33606098598312,69.04536787607239
A,C,-17.35670748710729,-79.09657022700728
A,T,-31.24498764828784,-62.597086471326264
A,S,-2.7798173604832646,-84.38194548467999
A,A,-12.77703878295576,-69.23409772915724
A,G,-169.117379510171,71.49023466744727
A,P,178.35574064378105,-72.01800628367302
A,H,140.8457403496533,-62.88942463986794
A,F,122.33021720548253,-66.86929881078862
A,N,66.92727669193624,-141.53455170516986
A,P,-33.29107463044757,-60.8075397978769
A,L,18.8597690590671,-95.10419636152047
A,S,44.89408719547365,43.614299471103045
A,R,-174.92785079730464,-92.96678435547737
A,K,167.86894500981293,-109.39153299089006
A,H,142.12239503500365,-53.27584560446585
A,G,-172.16780507334747,-151.29036987602893
A,G,178.41863471417375,-97.89088602829402
A,P,-34.255497984339556,-60.332201897723024
A,K,13.549953642878819,-97.73914131022846
A,D,168.40538034295997,-93.57340172243552
A,E,-51.457384442405676,-76.47560680859338
A,E,93.55570570526139,-91.26226660499758
A,R,171.12880114357253,-143.8263031521214
A,H,157.53527556802194,-103.76189237866286
A,V,-34.270665443981265,-64.4281129001849
A,G,4.646322213593107,-79.55547780738483
A,D,97.32305514717638,-81.87820267556673
A,L,12.568754054456099,-100.5868995549472
A,G,-137.91058382090986,87.12159542337518
A,N,140.52075395150638,-132.17366178520243
A,V,164.90073774657796,-100.74961282299527
A,T,129.29963662966418,-119.15726704669355
A,A,129.04678690640876,-99.21919746153729
A,D,-171.0668757548982,-81.75286473599937
A,K,-18.643020374842205,-70.6155562642749
A,D,-7.8314943800065056,-83.9893381690493
A,G,29.09273091617553,76.91563355260541
A,V,125.99473536197091,-103.49157408314252
A,A,120.25182838864862,-109.06258019408301
A,D,139.73099688438137,-90.98335806322268
A,V,133.09579497097423,-120.2006917093433
A,S,115.46360051008745,-134.59005771655634
A,I,144.93577988339445,-140.13298078365364
A,E,135.59072759666708,-129.08910650240344
A,D,149.1961697624276,-142.66762949087473
A,S,10.116341168012966,-116.89863394395995
A,V,-41.196386734050655,-115.63780367570907
A,I,166.84408852185763,-70.83080563745233
A,S,174.83568792227834,-153.3965331660082
A,L,6.205940317591814,-111.47341853591892
A,S,153.32528929111928,-143.87059815722452
A,G,-169.28820494406833,79.50767886639095
A,D,-31.49468224237351,-53.64276484024866
A,H,9.415877522834466,-88.80359572220082
A,S,125.67461453608313,-63.68534691140573
A,I,3.7588461254674113,-90.58920031239289
A,I,130.22843798296265,-70.67397228142025
A,G,0.025640385683621675,87.86961968829627
A,R,-179.79572902263658,-101.16731094414426
A,T,125.70357214477607,-108.9887087327378
A,L,133.4089066033752,-88.27015580159717
A,V,132.91365132784537,-126.80467346165452
A,V,131.863977459052,-105.9723095431995
A,H,159.82439379842285,-98.72480954352785
A,E,-61.80724958218483,-61.71216596415942
A,K,179.97117901812706,-103.1408288557586
A,A,155.9190570086254,-84.62303508904711
A,D,126.0743330080003,-90.02740922076755
A,D,21.643346921360813,-77.1828180924873
A,L,27.885428883138935,43.64012176606318
A,G,-19.073563358772933,81.04519956791475
A,K,17.367943343190724,-88.51349603023712
A,G,-12.947907951807215,-79.86886907027224
A,G,77.37861658157783,67.36471789583639
A,N,160.57900287688815,171.46744998164164
A,E,-38.436566619135895,-54.4256303855382
A,E,-35.97833069816437,-67.82452029211677
A,S,-50.8642304759981,-58.43773219780796
A,T,-5.21351396625698,-64.86989617334919
A,K,-47.495065292291514,-107.14312692793453
A,T,-19.54248941421587,-120.99774204627901
A,G,25.928155759594045,75.33598593551076
A,N,34.9297668753323,53.448419739257325
A,A,-2.7769756581889413,-78.09303940501935
A,G,-154.22300280305507,73.44509046854601
A,S,155.0105286106462,-62.052854065510196
A,R,108.00511242191374,-85.82769474502452
A,L,-35.146238878692245,-80.57892118722812
A,A,151.4238187967189,-160.6647113241735
A,C,165.58853464271868,-155.12134723807785
A,G,152.5313166397524,-152.40753223495582
A,V,137.27642172171775,-84.26556676129375
A,I,115.59424611357397,-81.05796382668875
A,G,160.8016886033292,-112.05916948401338
A,I,132.86429826748045,-66.58827049073305
A,A,161.52594942600587,-127.1469228252472
F,A,119.77964737096187,164.93641665824018
F,T,-26.74413310469292,-80.24851247708702
F,K,140.5207183868071,-137.71112166878046
F,A,173.30392576203442,-135.9778255663224
F,V,151.47398147973018,-160.36395123094056
F,A,133.21279496225964,-146.64365012076053
F,V,119.10806393419928,-99.12010044026538
F,L,131.0838086765114,-89.45087596857093
F,K,148.03005345149592,-142.56120093531987
F,G,-168.59178060310836,-146.4067937603887
F,D,72.96913467677544,-97.43821769526717
F,G,-163.28041807269986,156.9354254163419
F,P,-26.084184233379233,-69.84447326920383
F,V,124.71368041072198,-74.56219565249097
F,Q,158.52656110541886,-156.28293300586034
F,G,168.88383171858987,-179.92643704150652
F,I,127.78125091460517,-126.3359057002003
F,I,137.1553514490674,-123.88626843352732
F,N,144.81205862665138,-117.95062741451164
F,F,133.868504355641,-124.58907663469736
F,E,129.69795060439523,-132.5460458293836
F,Q,116.42316493982098,-128.58495049028633
F,K,-29.961723562691038,-79.91593251824969
F,E,150.44919839250215,-147.62461466975125
F,S,-13.43731072982745,-59.456152614749456
F,N,-9.753871772001254,-104.79663505248445
F,G,167.39486634788244,-75.94329672859037
F,P,153.18116806995556,-65.43827912978477
F,V,141.8305472904107,-114.2600977389753
F,K,134.6471958450852,-99.53462756945372
F,V,117.78486427356553,-120.41614938587259
F,W,153.29680864629336,-131.27438002051144
F,G,-162.71863436063956,163.1698491630832
F,S,135.25628827758652,-130.93050253810063
F,I,141.878538736828,-118.54993836271217
F,K,153.52684052601614,-129.87498515154297
F,G,11.941349906448476,82.94457074469345
F,L,161.12882734953442,-84.15645440972928
F,T,147.74516380974256,-80.83794903099184
F,E,146.28338453975277,-45.66442941059772
F,G,-170.83004557031617,104.973639012007
F,L,131.16111451607566,-75.93220498843763
F,H,127.13419850590662,-135.33136377461423
F,G,145.38171429194009,-61.716288087499585
F,F,115.34909217147874,-141.40056283478071
F,H,162.4583953266539,-145.66056451755506
F,V,127.41932581173324,-102.89670045483892
F,H,159.39949975699687,-104.15731463986414
F,E,-51.97004410817959,-57.77927576911803
F,F,147.00469979413703,-102.26848559909826
F,G,53.3575102867881,-95.34296573149956
F,D,110.19444081991267,-121.57872563034883
F,N,41.241286924339676,-111.03351902577951
F,T,-31.7815461770868,-75.38601352098541
F,A,38.07533759463855,-114.1996367843437
F,G,-143.46477981524387,73.41593594597259
F,C,-19.42194767809928,-75.03521946249857
F,T,-33.98220942084029,-69.13148474868878
F,S,-4.2006804732819285,-69.42118084580346
F,A,-16.330641034999513,-70.5927427916881
F,G,-161.56328091721622,83.95740691156881
F,P,179.39005968205495,-85.68651811161322
F,H,142.11115351970722,-57.8967282496913
F,F,127.23450827632838,-63.221187506990105
F,N,65.21918167935904,-148.7674945639806
F,P,-23.984924836262014,-61.46315989897924
F,L,10.954690995765771,-96.52307245508986
F,S,44.67607597453855,44.048949200811975
F,R,172.8589878899239,-89.42806093641234
F,K,166.31591216058646,-92.28256541807585
F,H,137.4020426543879,-65.18154564259041
F,G,-158.80062068961763,-146.19808770302964
F,G,159.7247970327935,-106.7179777820253
F,P,-27.172429227405505,-53.089464247045726
F,K,2.8465967210446212,-93.3909928955801
F,D,151.21035506595265,-91.4900596986384
F,E,-41.83409426548039,-76.92942461010256
F,E,87.49551222721365,-88.2128054090351
F,R,171.07764819266484,-146.39142783377517
F,H,156.08053521547347,-97.82400829172721
F,V,-34.98364014420295,-61.500391604423015
F,G,13.129147833594594,-84.41784966326567
F,D,96.7391246771693,-86.5419711969349
F,L,6.875216089357025,-98.60701832753212
F,G,-132.8123245201968,86.63096386068125
F,N,156.33469955662036,-109.756259296652
F,V,147.4804529622418,-129.04343036503042
F,T,134.97831678364852,-98.3621808595121
F,A,127.57573880675207,-104.92939131926458
F,D,-170.31653614577118,-68.50602650476937
F,K,-27.140197842764398,-70.9079412657274
F,D,7.4332192223444755,-84.13529378324523
F,G,22.34222283277975,76.99603050866259
F,V,128.5392616184162,-108.45824580777565
F,A,107.60435220769236,-100.25116147144406
F,D,92.02811870110773,-87.60524115353745
F,V,140.173872921852,-67.66936490319239
F,S,103.3021801925984,-158.99282109051072
F,I,151.00235648826998,-133.6403112600572
F,E,128.55896601060124,-136.2646203987856
F,D,140.62661073613523,-139.94038175222528
F,S,9.441679944344141,-113.7815457474556
F,V,-46.21555538031809,-95.13061989680544
F,I,160.09614250905707,-68.3769126167458
F,S,166.1937654096033,-150.83875276302405
F,L,1.9256843124392198,-100.73048449255563
F,S,154.50478114495618,-136.413734224157
F,G,-153.74400246033736,84.61688046843739
F,D,-30.10099897705706,-62.61859726857265
F,H,25.864582890050432,-102.10471120081941
F,S,130.88383438729608,-68.0627698532934
F,I,4.9458086723742065,-91.79978969521326
F,I,130.8282803674869,-65.84242087529915
F,G,7.829287956014617,84.56478901934729
F,R,-176.39236362589952,-110.3760331769058
F,T,128.305079315813,-113.20909973499494
F,L,136.67970033072012,-86.64334978540442
F,V,139.69466382465882,-127.86323464092443
F,V,131.45895908076872,-121.44932561708023
F,H,157.34619194458057,-95.71483059149215
F,E,-51.133995797698084,-59.24901846933147
F,K,173.40256319075462,-123.04110776629685
F,A,146.0877902439653,-60.03604346019282
F,D,130.20648670419718,-86.8487164883998
F,D,1.458540900924622,-84.54434411666566
F,L,23.623823880124526,67.81782770598683
F,G,3.4918198369827698,85.01259174928356
F,K,20.477182640157437,-97.03600592250945
F,G,-5.912432045137648,-102.3358577687503
F,G,43.200828335249085,75.9683062570335
F,N,162.8431732895189,-165.32112046986524
F,E,-35.43211548195859,-60.85950039379393
F,E,-38.31285487515889,-60.01675870245966
F,S,-41.968957540043355,-52.00106004865615
F,T,-5.447626127657736,-89.80681671235995
F,K,-58.51608584623018,-98.7381311652784
F,T,-18.036424088164868,-119.39286856708458
F,G,17.071695012467526,81.34630595215663
F,N,27.3965782675614,58.60110528269193
F,A,2.2512055603387386,-77.09032800506817
F,G,-161.18248429944538,69.65360887588226
F,S,168.9526513920174,-66.35851909850544
F,R,103.6300718650764,-104.7725285520244
F,L,-44.0187130058025,-70.63200233609699
F,A,161.21360363980565,-149.9022631641158
F,C,163.17761372116178,-161.6520986749818
F,G,154.79495806692293,-161.86248336842826
F,V,138.73784280480734,-85.85887285779572
F,I,125.94957014288086,-82.67387240631594
F,G,169.5973373292649,-126.46583539001192
F,I,130.9464528797888,-83.12958876428526
F,A,-175.37762084074237,-116.62661250467414
B,A,110.24209261610572,-100.30152636962966
B,T,-31.732863407858762,-81.87422000762881
B,K,156.19662886793344,-120.57567110128772
B,A,156.36999022334618,-160.27069003824707
B,V,155.05204033860113,-144.52892761337634
B,A,130.20851613543047,-137.16455068737474
B,V,119.20718047116328,-97.38232728992935
B,L,132.5881415427105,-89.43648179389199
B,K,152.43446566035615,-156.57874715164002
B,G,-163.36977132334417,-154.0405103938223
B,D,-34.78605428197747,-77.31131082453712
B,G,-144.27128961356163,-98.19232591581388
B,P,-16.818373349109592,-84.08001775034795
B,V,134.1980041930312,-91.46148540021242
B,Q,149.594564487927,-149.36949912699484
B,G,171.23434603167505,-165.88649375072924
B,I,120.4392983276518,-131.09259557811643
B,I,131.22981797358773,-113.48931538205223
B,N,148.766507970588,-103.69133760226681
B,F,148.92650953163053,-129.74605432922382
B,E,136.3725690099536,-148.65805437941376
B,Q,110.684163256727,-134.93514346410458
B,K,-24.175788669391157,-74.59451331427857
B,E,142.3124035384382,-141.58320260284364
B,S,-40.20831267298194,-42.968987568591935
B,N,24.560738691872878,-112.17594028846605
B,G,-173.37271927453432,-95.31565661528202
B,P,136.9728078325758,-88.84767754766406
B,V,117.08442547443555,-90.64545145332869
B,K,133.33834211794033,-76.44477742385071
B,V,126.91361358645557,-128.68401888743168
B,W,155.4735633450383,-155.84310156455777
B,G,-159.87679052588967,157.16599472380148
B,S,168.30104214546677,-132.29072624073575
B,I,118.07540588611381,-141.0357914870947
B,K,171.39446180771495,-99.2625592615321
B,G,14.37952900861609,91.1516063651901
B,L,149.57474843857767,-100.21435004177711
B,T,131.26426812325548,-81.67272276590967
B,E,129.7735840280825,-33.38921748969909
B,G,-160.33823564694245,119.24316954371055
B,L,144.82514095759583,-85.85811912497448
B,H,129.67450047259558,-150.40624641404784
B,G,148.3157987336355,-61.95935059172936
B,F,116.82356123937801,-140.68510454404745
B,H,164.7983521006655,-143.90882777946416
B,V,121.92280299337395,-108.91559800685947
B,H,162.0789011589731,-95.2436109892628
B,E,-58.319433674911586,-63.08519691982007
B,F,146.48129509545043,-87.27914706169959
B,G,35.52852428237003,-98.7589564669453
B,D,113.20797616645996,-94.07120447602512
B,N,39.00763563632457,-124.93168521225081
B,T,-51.173849325053354,-60.473166770127044
B,A,31.630918696309283,-86.62278271617836
B,G,-142.46661119022568,67.98811045553303
B,C,-14.918627696084075,-73.66772248848848
B,T,-34.56239520184524,-65.94834389125023
B,S,-5.098863682952419,-82.61134835016288
B,A,-11.95923745443914,-54.66843325519733
B,G,-170.22550212901413,78.34037667965333
B,P,-172.44551618866666,-77.27349734132137
B,H,133.53959758945194,-65.5402517320195
B,F,108.63136523521733,-61.22690576059633
B,N,78.53130592274137,-128.1501611469147
B,P,-30.612773072800476,-64.30033589696727
B,L,26.647404975599965,-101.49411190653635
B,S,61.291729343779004,32.011595387642835
B,R,-169.33710267726784,-105.43781747465339
B,K,173.64861926358117,-103.79621145441666
B,H,157.25936141322907,-74.00346082076587
B,G,-171.80730552972432,-170.23178535926564
B,G,172.8138902338698,-101.07487838786378
B,P,-16.98295374457266,-69.77352059753447
B,K,22.065703279074192,-110.6253970203096
B,D,165.10245698858066,-99.47475201967009
B,E,-49.11939947584275,-80.66287387387199
B,E,107.89114159429263,-87.84622162756237
B,R,163.91917208264246,-168.4877107509367
B,H,150.61721878696494,-87.12237950058571
B,V,-36.24944696354919,-58.637553745379336
B,G,1.792826997960237,-74.88698871494981
B,D,108.75925436671866,-88.72612228242852
B,L,17.355956143327017,-109.88051503830957
B,G,-112.9860805055649,78.7094937548709
B,N,135.4518620979166,-148.60282630446082
B,V,153.28122701691615,-104.6637935751281
B,T,116.55592789378657,-121.93283254488311
B,A,134.09830329660406,-90.69313013592544
B,D,-166.80641387405333,-86.06044510465108
B,K,-43.587253001632305,-44.75479858762718
B,D,25.568630151807447,-88.49213725088725
B,G,16.415641319361757,54.17175206251046
B,V,136.5836134801232,-96.60894724308619
B,A,120.83311715838887,-116.84197995500413
B,D,126.76083650787366,-97.06728556080088
B,V,136.7635349675741,-101.49477194708312
B,S,109.54752944254241,-156.84433739866265
B,I,155.97684845966546,-140.5355103103386
B,E,130.14238291018677,-130.7719998169817
B,D,144.66305078976845,-136.33438136660348
B,S,6.5452187641631046,-111.0536269563221
B,V,-34.912856052648976,-102.0974314646628
B,I,149.83721604247032,-79.21799522066304
B,S,167.76929977923055,-134.47819897338192
B,L,0.4535334780361635,-101.63847403770353
B,S,167.07447010714768,-149.22406237426574
B,G,-153.84495299012397,81.64536148388278
B,D,23.425341002361822,-112.57984385548508
B,H,27.210193156570295,-114.1178710162368
B,S,121.76432530509523,-82.05874757285612
B,I,1.1043851189531955,-85.58496185369503
B,I,131.14262630362225,-75.3213227720659
B,G,2.269953924756464,90.85101113993414
B,R,174.1044242047909,-106.56132368739522
B,T,131.12388641000595,-102.21234496692162
B,L,132.6173409323991,-89.24650243526064
B,V,137.7910127165171,-129.20552880077585
B,V,128.93702965313705,-113.37590442468309
B,H,168.5090026035346,-94.10221760553956
B,E,-52.33433225975169,-62.07873917248959
B,K,177.66534460498968,-108.38198874918834
B,A,140.03732945853645,-75.27816331219493
B,D,130.9970010648263,-83.9000189405854
B,D,-9.548851906668341,-78.59004292470634
B,L,27.457557288933433,74.59764596142074
B,G,-11.303116334802935,93.70804369176254
B,K,45.15723922419172,-96.20229260490188
B,G,-4.401865805935967,-109.22792102548591
B,G,-19.67347832605398,75.40387463822604
B,N,175.34034639580605,-93.65589766397407
B,E,-49.448470513748724,-63.21158072639942
B,E,-31.365757183337,-60.85263502683598
B,S,-51.340735035439884,-50.69857986862689
B,T,-0.44511130981175795,-77.8625395799958
B,K,-42.883024290730425,-110.09835663632387
B,T,3.8098509441204205,-139.14965647061194
B,G,23.024372509984445,60.67076785965991
B,N,51.12456213076639,48.556648877154586
B,A,-3.86592525391245,-91.96880090383723
B,G,-160.79933318388495,84.18051452933598
B,S,153.91542859289757,-61.90726783368476
B,R,106.45588249748178,-79.61984359552685
B,L,-35.87304954975101,-84.75111843633059
B,A,150.89028626095632,-143.79477717803056
B,C,165.91640518795654,-163.58344370682772
B,G,156.3151674163456,-170.30808706552082
B,V,131.85386802590506,-85.49764911224386
B,I,111.66430402863459,-71.53819492985197
B,G,158.6407397732852,-99.47712851175267
B,I,137.64101404949096,-72.87051398862914
B,A,-165.49244376925,-131.0444359947399
G,A,161.70705529463717,-79.82755010254564
G,T,-33.104247999735485,-119.18726075019298
G,K,142.77443080031833,-137.97275773450153
G,A,170.81686904446588,-137.98557889593636
G,V,153.81400784924497,-151.4630614931391
G,A,122.89737095510179,-142.80270411061642
G,V,121.66400687914206,-93.62459508206805
G,L,136.58681818261644,-92.3634519559283
G,K,158.70157999298777,-142.1952913873925
G,G,-154.88498930145465,-150.3206150828774
G,D,32.36917367379266,-110.16625797167758
G,G,-161.71645323639262,-138.45895040965536
G,P,-5.869916000953456,-81.9406548187667
G,V,130.77364306544973,-81.09443231498845
G,Q,148.8072763394694,-163.94776922303564
G,G,174.5929435073926,-175.45703541378919
G,I,131.55284255498256,-123.7868110364021
G,I,138.40688810217605,-123.97795995451145
G,N,148.24197288781653,-117.38666268954115
G,F,141.2730813829134,-128.64950181888574
G,E,129.03009199535356,-150.82744566207705
G,Q,112.80485744445015,-134.43121704203028
G,K,-18.85211637341313,-95.07495513305494
G,E,138.77695502000137,-122.74438065386913
G,S,-9.471392085962986,-65.93075998743758
G,N,65.45868805712833,-138.2682933603243
G,G,170.82434207353828,-147.04684293619562
G,P,155.0635105173965,-78.84993410069876
G,V,115.77991290771482,-107.86418286284918
G,K,117.35723991019448,-72.61483963296199
G,V,125.20767979697175,-108.12328578920437
G,W,163.03290271124163,-143.9898522057882
G,G,-169.93826130802276,162.770904069065
G,S,148.74627030375473,-122.85198993404494
G,I,141.96263558722106,-130.66703433367306
G,K,165.67786425689124,-127.90791993931278
G,G,27.13086103992485,74.8595117259111
G,L,151.21387754686043,-99.8212792663414
G,T,149.82531292625546,-71.15805448085675
G,E,133.35231875757,-60.4020460387869
G,G,-154.78971095212975,120.65206873980331
G,L,140.94278042794733,-85.60154561301869
G,H,118.7595667019963,-148.03616293125972
G,G,122.2796479234016,-50.454685404450935
G,F,114.91016717768393,-110.68643024651757
G,H,164.42282242415666,-141.5406251791853
G,V,131.4007980860728,-110.7889373752225
G,H,156.40548483281225,-113.64871650565523
G,E,-36.58739800401815,-58.3699395658569
G,F,146.70815084527516,-121.6685826036114
G,G,37.455824514989835,-89.52702111994202
G,D,106.6840787537961,-101.00657874868297
G,N,33.3848549419179,-113.88733392191523
G,T,-41.567036226077995,-74.97847328809682
G,A,36.94351221481944,-90.97686134042789
G,G,-151.0808792541217,67.26282531841144
G,C,-21.056980404010396,-67.21455579446283
G,T,-37.711449776080926,-61.465243245234134
G,S,-0.741073994633026,-77.94669126483933
G,A,-23.191902471350836,-58.16090347895889
G,G,-165.6293189308066,90.44677931822143
G,P,-172.3470840405137,-75.09478772221141
G,H,138.15531366309037,-73.13446224262358
G,F,118.97666542567923,-59.395760513735425
G,N,60.3221217537271,-135.81690819907777
G,P,-12.995153234897941,-62.74883078790669
G,L,16.8901060553438,-110.10755219795666
G,S,58.93397068948769,39.555281297003326
G,R,-167.81649949249177,-105.92399057180401
G,K,162.32471832820684,-113.93280786546896
G,H,141.4777142149608,-53.97454087300859
G,G,-173.54857461623655,-157.36502565019416
G,G,176.25712966917683,-93.26801093684979
G,P,-21.05803539011177,-66.98795146068154
G,K,10.334539699214364,-92.57745268130125
G,D,155.9381553820983,-102.51877764253582
G,E,-38.90579534478688,-75.23098294121111
G,E,98.70924341247428,-98.04749515960505
G,R,154.48498770211404,-162.5097884857091
G,H,155.3402198907608,-77.02189312254202
G,V,-36.71385367801153,-58.21567054115802
G,G,10.611345518390891,-82.20534606277518
G,D,97.075234430745,-90.67425765062117
G,L,9.81656097438305,-100.53921257698498
G,G,-136.9760398863263,75.39291173000257
G,N,157.48839244925315,-127.17663458105648
G,V,161.79176810268407,-113.70730121451382
G,T,114.03552754999485,-118.0844245773717
G,A,129.75604314355417,-87.50199095532331
G,D,-177.71286969519272,-71.50987847785564
G,K,-31.294679774006102,-58.905433582708426
G,D,6.035185032331385,-76.42463312968756
G,G,18.52075718766694,74.80006149406168
G,V,133.1251020642201,-104.0107542935007
G,A,105.83234286692284,-108.88420603369407
G,D,119.59810172071309,-84.54878116980292
G,V,146.04742380787297,-104.67690503112226
G,S,119.26338734497715,-134.62498976561196
G,I,142.17834551537257,-136.37500972434154
G,E,128.62852932646126,-116.6508811872063
G,D,146.2971089336199,-131.48558598451737
G,S,-9.639960092717935,-105.1785958911533
G,V,-35.06451976023912,-93.23931468615186
G,I,158.4030502596325,-75.05713360122238
G,S,161.83156348008686,-148.92046298157211
G,L,1.803567384964576,-97.98624483955292
G,S,158.52842826376673,-150.48477602392592
G,G,-175.92639204000326,87.63431898425733
G,D,-35.140917758856155,-53.561440758313246
G,H,17.55739838949269,-85.7413442405462
G,S,141.77071140247767,-68.4163428783482
G,I,15.389342178273331,-107.2482507303606
G,I,132.94412251126118,-72.11190535686873
G,G,13.175980516438393,81.51773717212951
G,R,-175.90842676416992,-115.53625797670381
G,T,128.05871654500004,-116.85035326554686
G,L,132.8449486359819,-85.1463251124977
G,V,139.0525478506286,-122.03299616712228
G,V,128.31274501804458,-116.95175816628458
G,H,167.12716646958546,-96.80019588067283
G,E,-46.822609839144114,-69.85804432002769
G,K,173.47772563231624,-112.33006651418776
G,A,144.5234182068965,-68.72081313221454
G,D,134.51542167016538,-95.75868703182113
G,D,9.724656218856696,-86.7917035623861
G,L,30.57809020577971,58.47853790648935
G,G,9.484591613400461,83.84540914063489
G,K,22.318694174965156,-105.00077034461131
G,G,4.744437892170294,-98.5816842054494
G,G,28.776557684612946,60.93985335754542
G,N,165.8564261679111,-143.37967032310186
G,E,-46.91579097980796,-52.88177657072822
G,E,-27.11217087970855,-65.80739585845969
G,S,-39.48362812525339,-56.70222591160251
G,T,4.8426020540225325,-92.5765574502123
G,K,-55.52991576197451,-116.20764127670628
G,T,-1.8362899897924736,-121.15329818309819
G,G,12.602131126111454,75.72397040006621
G,N,32.070016076479064,60.328350236542995
G,A,-3.176832776479353,-81.3401367583175
G,G,-142.3402812099888,69.16953763940631
G,S,156.71594941781132,-69.2467797680516
G,R,95.47595190413476,-93.77469948425369
G,L,-31.54868783256059,-77.38841655020624
G,A,145.35682651494312,-157.2563705007495
G,C,170.5574262930972,-148.89495784985795
G,G,151.8001565106193,-164.24542118897665
G,V,141.1380778376537,-75.98262245056274
G,I,116.54200368124222,-85.34615041264432
G,G,165.43840304397202,-117.48334206148827
G,I,135.34105769000354,-71.53140397057926
G,A,173.758507200767,-123.77269426286989
C,A,134.8621172393905,-100.71742379261866
C,T,-26.346829625187603,-89.84099007231045
C,K,153.0514375533494,-134.09241419595634
C,A,169.56881142961566,-149.71312764140393
C,V,168.47086749610207,-151.73133973597987
C,A,125.52634185578731,-162.94526064784554
C,V,108.91662875873118,-95.85676059261515
C,L,121.75468173877272,-80.616972426839
C,K,156.13228683595034,-140.6944289912525
C,G,-169.024704780044,-163.69312591399458
C,D,-4.789057601661497,-88.33704821688647
C,G,-150.6444550675195,-105.70495420780834
C,P,-15.518041373083959,-72.19899026066726
C,V,127.60323430485954,-68.84079003142087
C,Q,149.46016665606584,-152.19428408041964
C,G,167.08315280848467,169.5029880624866
C,I,122.19535864545092,-130.16490931554293
C,I,130.21480692367308,-120.25111840630188
C,N,150.37003519167644,-104.02945672124996
C,F,141.53930898339027,-128.73765207962893
C,E,136.0372385237271,-141.4622172693495
C,Q,107.1590439149943,-139.38182267994154
C,K,-33.56251766342628,-71.23322044011786
C,E,149.2937457205715,-126.24470412212295
C,S,-26.76586396020562,-55.66709925182804
C,N,15.53459499077335,-101.9065551842349
C,G,170.5264557450957,-99.29728439672445
C,P,160.0124398618992,-55.89343542852295
C,V,130.94725513312898,-111.21142678688786
C,K,125.56093224781165,-93.42352297912313
C,V,130.34524323234282,-123.09862838788243
C,W,156.6534398202731,-153.28843261946344
C,G,-176.28706622204538,146.0418435674888
C,S,151.64602676393216,-114.91245003904426
C,I,139.89405832879763,-124.72720278536036
C,K,170.52174198846004,-136.58015541460784
C,G,8.136459693878722,90.24868255379283
C,L,158.07133251753572,-80.31306380426508
C,T,139.67953127439512,-76.4355142140082
C,E,137.55741750451844,-47.20454570194155
C,G,166.39696308905596,120.0106089182451
C,L,142.85854111211788,-47.23278727708855
C,H,127.09991795150846,-151.1130547168543
C,G,146.42862364747916,-47.37595376742082
C,F,109.59821997903882,-144.73927662908127
C,H,159.01466504171728,-144.05191027418402
C,V,108.6033316525669,-108.17740015787105
C,H,153.55132359097988,-82.80857482912792
C,E,-42.09694419216372,-59.34825234317646
C,F,151.04428013212723,-102.20534878572143
C,G,62.61452666722762,-105.19942005803225
C,D,104.9932839973521,-130.8894711463825
C,N,31.27688472490638,-106.9212704829656
C,T,-11.241419635729535,-73.8463119440838
C,A,42.037848972585415,-137.02720739579516
C,G,-151.7626261729935,62.773186955947644
C,C,-15.811527663315319,-65.94101549492109
C,T,-33.093070422587516,-63.07066772199698
C,S,-2.7497879531840774,-82.17517845772674
C,A,-15.830872748300335,-66.02273073263254
C,G,-168.74087710895225,80.89069276544906
C,P,-177.87056203887278,-81.66192598927631
C,H,146.80632934700043,-69.10427057313366
C,F,116.92976732235373,-61.36612509984246
C,N,78.57609880148658,-144.04971869340716
C,P,-26.338153558647196,-71.55136787957488
C,L,11.511677844427574,-94.62119224664919
C,S,55.51288100828915,40.771517246724585
C,R,-177.3892130115585,-98.22177006198547
C,K,174.67109793354888,-103.59112734527764
C,H,149.78997148341674,-62.34857645560849
C,G,177.08295226161724,-163.60537411253634
C,G,163.23287103673815,-82.51017057710376
C,P,-16.725250283305478,-70.68557132624524
C,K,-12.205521994924892,-78.81761320526168
C,D,167.53271262389387,-89.88853129902049
C,E,-30.171021832422618,-90.41325083229616
C,E,87.26729770935833,-103.21962414285498
C,R,160.244424867501,-142.72450463512584
C,H,157.332170233482,-77.73151538099074
C,V,-29.46908487563759,-67.04796391883849
C,G,16.798734822040313,-85.72701499351193
C,D,88.16692402653449,-94.13903048934145
C,L,-3.715353253829303,-88.9938910217987
C,G,-112.92966801109291,94.00973910764465
C,N,152.63479824655147,-135.7042855679892
C,V,150.40650569229703,-126.15372891108615
C,T,129.36946212301484,-118.22129683712112
C,A,121.99696313040121,-106.47665770463556
C,D,-172.9537001902987,-64.45515992040016
C,K,-39.665248686581144,-59.75127358919843
C,D,-5.152975956180195,-76.7891735334094
C,G,26.065323318641198,96.7058670819317
C,V,128.86298430701422,-115.18335558307065
C,A,116.25324628116618,-113.92944331742756
C,D,91.73922038616878,-102.24128571369964
C,V,141.27784726691803,-67.41290027121295
C,S,89.32817371794985,-158.01779360243023
C,I,151.2307476993317,-117.79298784354583
C,E,112.18062450290927,-133.197749866282
C,D,142.4406297015441,-120.25643131927987
C,S,-9.121247724105242,-106.45935293363374
C,V,-42.775321701411286,-75.63379446411638
C,I,156.68857122906263,-68.62612104674726
C,S,165.56963782867422,-140.609081898615
C,L,12.60791512780711,-102.89395484562934
C,S,148.83271420588562,-154.40513848661797
C,G,-160.26047256804736,76.3282885351528
C,D,-38.17612023322386,-53.46385323060693
C,H,26.347876475929304,-93.52396444821426
C,S,133.95079245319113,-79.90978047329169
C,I,3.9116296508348176,-96.36273589193142
C,I,138.0066296374947,-61.481530495945925
C,G,3.5703728462106974,75.0778083369148
C,R,-178.43332436327557,-102.67487314706412
C,T,126.10314295423997,-108.4157723466342
C,L,135.91907951547972,-85.91175768623135
C,V,136.6959429774894,-128.59856364078175
C,V,129.71300457238505,-114.09604108711083
C,H,169.75181079488436,-94.87022291634054
C,E,-33.685354560876426,-69.39116109532719
C,K,178.71153111533442,-128.02862772603214
C,A,151.32941728569796,-79.37112471000736
C,D,122.14663135596712,-90.63359464984015
C,D,-3.541126647198169,-76.6524177126761
C,L,34.255319318106025,66.66059619435768
C,G,-2.1907681496749385,86.31408624256542
C,K,13.561177769117853,-99.35522693550749
C,G,-5.730334867718082,-81.35585024683012
C,G,18.637460161087354,79.73287070917024
C,N,178.59859835525077,-142.23377134080633
C,E,-69.36045975668529,-54.05603273972704
C,E,-27.929277411128616,-48.84041476792874
C,S,-27.60523488912576,-61.36786700454268
C,T,0.12241744863774082,-96.60255412864822
C,K,-61.22890047077733,-104.6395034153733
C,T,-5.2545142423379865,-121.99559712233035
C,G,6.038935237758748,72.12858128562003
C,N,21.249949818470355,65.50897282241877
C,A,-23.403268573649868,-56.35521522146942
C,G,-153.06311099592406,84.66784178506595
C,S,154.45453291254083,-56.613763443883805
C,R,101.12024707685734,-94.81308307900855
C,L,-47.9024392985113,-72.04954040747253
C,A,158.54962824727878,-142.2580021436181
C,C,175.16213967237712,-154.36874050824085
C,G,144.64636210493168,-175.13745669794878
C,V,142.77071969901164,-76.80768590513843
C,I,122.6051650480137,-86.78178013613467
C,G,170.70152761225864,-117.63780342655284
C,I,140.42755478355326,-75.3830110208452
C,A,154.9514945986403,-120.88916399233773
H,A,-174.28551379683074,-159.32707568533795
H,T,-16.986737649857638,-110.94970768297397
H,K,145.593755031609,-145.41625855819316
H,A,162.65485924272846,-145.67837324355756
H,V,158.02302064521714,-137.8139537510056
H,A,128.7693085801591,-137.47303365443338
H,V,110.28429654907696,-102.81728700536513
H,L,124.460390788818,-84.05967573569126
H,K,161.22366687586378,-138.4225148998423
H,G,-170.71037674152447,-159.53930879070722
H,D,-2.3342393666889825,-87.164409776181
H,G,-155.10673787677177,-118.60390419802833
H,P,3.8211838055447034,-81.19609378184548
H,V,128.0918562114556,-101.33352154840232
H,Q,151.19635893980447,-150.75153725622903
H,G,175.62405286513706,-170.0006377636837
H,I,122.55534467455341,-132.75971714879856
H,I,140.54439377339878,-119.25442564821059
H,N,150.67272480894286,-120.69109441361228
H,F,138.68239524205023,-132.28546812307906
H,E,123.27732744102796,-137.41246646286422
H,Q,108.98456326434084,-115.9086991995447
H,K,-32.211407625047976,-65.20628448415347
H,E,150.57104028242608,-145.8777683879023
H,S,-41.11400505027825,-38.09469827199124
H,N,4.17365292042683,-107.13605265476836
H,G,179.94262191222197,-92.50469627483729
H,P,155.36627972784785,-70.98256217185627
H,V,122.70212133346685,-112.66615666074095
H,K,134.97054831128773,-78.17028750695451
H,V,124.60006037173399,-129.40481923921948
H,W,159.9321304213262,-140.02595951119824
H,G,-156.98194573341345,159.42050714839027
H,S,154.98374436953586,-148.82899824638366
H,I,138.95012983624167,-128.78637908665283
H,K,161.95856106321176,-117.64001322802922
H,G,26.452472581864217,84.56962560403026
H,L,154.4425086687889,-97.94336262259321
H,T,161.8798599410035,-81.87914604686044
H,E,144.02588273938585,-68.01749349342948
H,G,-161.74991901189466,109.7136684057819
H,L,142.09825422520066,-76.65006257845877
H,H,131.4120602420009,-142.01703198557217
H,G,143.40197951903912,-57.73190199313802
H,F,117.62399137984295,-134.9162289102162
H,H,162.29805351978416,-150.77181714820887
H,V,121.1531766386911,-109.72812457462403
H,H,153.68486914775312,-101.41090449125568
H,E,-34.36316081695341,-58.69371319256723
H,F,140.12189909351176,-118.19159403341796
H,G,61.22610392785896,-94.5900943792392
H,D,107.86987916943185,-110.95560810664077
H,N,13.689997500930764,-105.84239687247698
H,T,-23.91534907315187,-55.91694324590763
H,A,46.23912962724962,-132.8262708967313
H,G,-148.05133647885555,62.803087679969885
H,C,-17.558236173137143,-65.29164198183206
H,T,-41.38116786369945,-63.06625826549944
H,S,-0.7153130458086988,-73.20977877893186
H,A,-25.94553231819979,-68.25620762000906
H,G,-166.81489997093996,77.93803458727257
H,P,175.75238797282628,-69.7967689412263
H,H,137.69902402185693,-66.23754785291933
H,F,113.89673544858306,-54.106452127115105
H,N,65.75735354311469,-135.21425599398415
H,P,-42.03651516829019,-48.16073862501479
H,L,9.83411576100044,-99.22459246317503
H,S,43.877252996496246,53.97154399976814
H,R,174.70218059725536,-94.27506946209262
H,K,173.79860417822934,-94.67802154393382
H,H,138.4912722794015,-72.8429297977216
H,G,-179.9249322746175,-150.23829014852882
H,G,163.85666714636827,-69.68862647506346
H,P,-23.788000979960163,-61.44203065698942
H,K,-8.865825051421906,-87.88367821373545
H,D,155.85893654476465,-80.95724129985724
H,E,-35.52858411093772,-79.6858558691158
H,E,91.67037017668466,-91.2153836947443
H,R,174.22859682750624,-145.38884318833422
H,H,153.542551998605,-95.34270841589252
H,V,-36.42311975462673,-59.521568947295314
H,G,7.600521202812535,-72.44858895107153
H,D,94.42044881687181,-91.76805133379163
H,L,15.505994739646386,-96.65812843727417
H,G,-129.681194980397,72.15879656801997
H,N,144.11426146302787,-124.71361041218482
H,V,165.6257031111093,-104.65717706818899
H,T,122.76482929445358,-125.1517600212297
H,A,131.31359657469298,-93.56123393125694
H,D,-176.8406250737781,-80.61043365160579
H,K,-48.377117968097465,-41.64123033703235
H,D,4.2376886604239825,-66.09127515392706
H,G,31.394750015061984,68.84987984473645
H,V,130.84773571804988,-117.20827211831443
H,A,116.45424008227599,-109.08966490988587
H,D,102.49011680652093,-92.92662684023666
H,V,143.8000440796649,-77.01529750193299
H,S,114.84288605376985,-157.06254704466383
H,I,151.07984667862098,-145.08235051619343
H,E,135.34965719146558,-134.1591868607531
H,D,133.87598795152928,-150.43447738174484
H,S,16.47530898969098,-110.4999555260144
H,V,-38.909932554194945,-96.00155391647756
H,I,169.11323886438606,-76.77856476975431
H,S,163.00142178444003,-164.78228525081175
H,L,7.283960025931142,-99.5565786335458
H,S,147.44208867508618,-146.12371721449662
H,G,-150.40755355576465,81.9488130885439
H,D,-28.749383619236053,-62.164911211968736
H,H,30.405896547583488,-105.12546757968015
H,S,143.8144663135848,-79.78740555156193
H,I,-4.287281615797642,-107.31633025947824
H,I,121.80819667872787,-63.30102123500917
H,G,3.8397213985873084,95.52464210108377
H,R,172.94432627056264,-110.63096767264257
H,T,132.82503687178422,-101.66951973879449
H,L,131.18065453181688,-91.72363301614402
H,V,132.56280456253666,-126.87913035937221
H,V,128.73666321658885,-108.16356283253992
H,H,162.81671501485687,-97.75671807896478
H,E,-45.46794294024477,-60.2730164855004
H,K,179.44404795661197,-113.70144842452896
H,A,137.67118276427612,-79.57330647226586
H,D,124.556138336327,-71.82764029939614
H,D,31.9681339375619,-87.51269491367779
H,L,20.093068166528912,37.91597858151402
H,G,10.412564840321807,99.08625379073573
H,K,23.99638494409054,-113.24540737065465
H,G,-3.3903304945066672,-92.57470433240023
H,G,12.147292371767412,76.77849327307388
H,N,168.67610409197874,-131.37410985477078
H,E,-42.74335167637358,-63.944844970318954
H,E,-44.49558836033563,-49.753838208410116
H,S,-56.56662587097504,-53.12722585999554
H,T,5.387238445318212,-72.46111910500898
H,K,-55.42796098845574,-106.61064782749078
H,T,-0.5580258332838965,-120.3597175592881
H,G,4.699657262324825,79.05627669185802
H,N,36.17638282674977,58.29178865361556
H,A,-4.491098896569912,-73.32889853385369
H,G,-160.387288561912,76.64367735670027
H,S,165.71909655527747,-67.96796129967898
H,R,111.1015460937747,-94.98847630826592
H,L,-35.37243644425809,-79.40431068184151
H,A,140.39884903275083,-158.11046799790518
H,C,169.5763012660919,-131.41284205386123
H,G,136.8177337951371,-167.11940650046805
H,V,133.84585229307783,-72.45190624644415
H,I,106.82935909415073,-79.1523795698276
H,G,169.86109665033072,-106.443804223286
H,I,133.15428371641707,-78.66556467809122
H,A,158.31729826506057,-114.97527321791912
D,A,-179.30055526575626,-168.9769090958431
D,T,-53.48649274750903,-88.87964564011354
D,K,148.3125675184243,-126.70268761684315
D,A,157.51038740692567,-142.90712144383755
D,V,165.97119939932756,-132.67217988155676
D,A,127.31873107983766,-144.05911578064539
D,V,107.44825977790123,-114.29729359285066
D,L,127.27516670018895,-81.11941516915896
D,K,156.41189460004713,-146.82324819656128
D,G,-154.81263767345945,-155.06646086456777
D,D,85.38783251088132,-85.84216724785702
D,G,-126.72225695819512,85.09552788316061
D,P,-35.92936615337306,-71.0648209018188
D,V,126.6611500625698,-75.07054265133884
D,Q,156.2069300430201,-133.03581827018047
D,G,165.0681524885461,-169.19006859003457
D,I,121.4898973448856,-134.61909112907088
D,I,134.74013536467373,-121.01577448626698
D,N,143.17549899150038,-108.617735887289
D,F,147.14359807005704,-123.269653490077
D,E,120.51154907433519,-150.36138112800197
D,Q,97.20642285424225,-116.77582362606839
D,K,-3.4688929562995283,-67.24355159048108
D,E,122.02185795742628,-162.0904729827216
D,S,-36.406497612484515,-12.098150995436633
D,N,28.14853925685382,-153.7712392192138
D,G,176.3913958115498,-100.39469684195988
D,P,154.90080768780575,-69.22962375118368
D,V,123.89600376583978,-98.45409607368086
D,K,133.0381508505529,-79.15863367581126
D,V,129.64306917359048,-128.91338779847064
D,W,154.70435148113427,-147.51203533699683
D,G,-159.24221787915076,165.99230964046328
D,S,143.40484771188218,-138.74828490081364
D,I,141.9844620956321,-120.34578753018813
D,K,167.6253043300642,-137.57057059877354
D,G,14.80084813378289,86.56106008115859
D,L,163.51754787256013,-84.16685340854798
D,T,154.50785346184392,-76.89831994372707
D,E,137.26736312517934,-61.33795445795929
D,G,-164.3861506058121,124.01188666520929
D,L,137.778511764386,-91.23135397780203
D,H,119.26693600046698,-133.23906343256675
D,G,138.07972654932982,-54.3410647461531
D,F,112.01133678560397,-132.59542127851836
D,H,167.6319790644124,-135.74979081255626
D,V,121.43053519961806,-111.76014513143062
D,H,166.09031359999102,-97.00817269732909
D,E,-46.4670791819833,-72.4593947030091
D,F,140.13724918217142,-103.36922095705137
D,G,57.760406471174775,-92.0225788908356
D,D,115.32603196724867,-122.55931341973395
D,N,18.330176847931536,-111.86774667423137
D,T,-46.00105373572098,-68.83074344283463
D,A,47.75728742163524,-94.2581781754254
D,G,-126.50030098095628,68.37789490324859
D,C,-11.878651064665972,-95.98603100427421
D,T,-34.57710681274979,-67.02390009470163
D,S,0.456663156240011,-76.83422057975952
D,A,-11.297261236116526,-71.96390559373246
D,G,-163.27882267937466,86.0187514097955
D,P,179.39872309009306,-78.1589408696662
D,H,152.10166254934023,-60.54528107213809
D,F,117.40418742004654,-73.20947951083745
D,N,68.74589830647525,-139.9892104721525
D,P,-19.569778426686693,-68.5109402109992
D,L,23.389117225424513,-102.1748855432214
D,S,70.67370873174757,29.961119248807755
D,R,171.85939508729987,-127.1541827222152
D,K,170.7028434518736,-82.48272330660343
D,H,130.27966268294247,-78.94081720529864
D,G,-157.4446195375699,-135.21585668161484
D,G,164.7345065020167,-109.5514043433971
D,P,-17.45709369637442,-58.39031471702725
D,K,0.8262007490752574,-110.9909612794604
D,D,154.95072729938255,-84.90709143534822
D,E,-55.51992123631555,-64.87623545941779
D,E,116.03826062997089,-91.66393119242294
D,R,167.89926969329244,-165.14311006119462
D,H,156.04226232034404,-80.58562749955203
D,V,-38.37435260922002,-61.37418101222191
D,G,29.41223614243529,-82.62922280904927
D,D,93.82392308158062,-103.38275212671198
D,L,8.594490893699303,-94.30968922372017
D,G,-130.14829554736923,82.39006029071274
D,N,147.9066531380827,-137.53248071900043
D,V,152.67680957460266,-120.09927573292327
D,T,114.73700847350217,-115.54377517783237
D,A,137.62035447435863,-82.26669018356557
D,D,-177.22856714448486,-77.78790454014151
D,K,-5.564485627379851,-59.09412241724417
D,D,2.6037497751250394,-97.74855500208395
D,G,16.974266274034967,75.61418456887102
D,V,136.8601682329504,-104.67728813895407
D,A,116.44274133999477,-126.51933414092896
D,D,130.7567874379915,-93.93903214307274
D,V,141.09104777212022,-111.79277967715917
D,S,107.32620144162453,-165.26908789332828
D,I,158.5336304097052,-128.0122670468289
D,E,125.12409098366619,-135.60777716616877
D,D,151.12703092537154,-145.68897074188195
D,S,24.152618898561133,-129.65187438133347
D,V,-38.82269003162124,-108.86386328808103
D,I,155.3212305817465,-70.45172839429944
D,S,165.43828560230597,-148.61472629111861
D,L,11.01403216772034,-105.07713711154874
D,S,150.93185917960707,-146.94433486713908
D,G,-163.4199600603749,92.57563620439613
D,D,-17.208379910560545,-77.69394481754115
D,H,8.243612878436402,-93.360095481115
D,S,130.04313011329518,-44.70349346213989
D,I,1.3017183529026437,-97.80922441894705
D,I,128.72549037492354,-65.87824995628597
D,G,10.861589737165838,83.76900299820164
D,R,-170.6341100105481,-110.15436208512367
D,T,128.71697567451434,-123.51098214941192
D,L,138.5585440365688,-89.12160268085499
D,V,124.05515318052562,-135.13952275416534
D,V,132.65167163148092,-98.59805638366262
D,H,167.1954403747054,-98.45763597252017
D,E,-52.284570501052464,-63.17719451772836
D,K,166.25695560718407,-118.76021042359666
D,A,136.52021246876103,-57.026389740691116
D,D,135.8931385441822,-78.2608863752569
D,D,15.445845520861738,-91.6729495273357
D,L,19.653804740604194,48.97439612155678
D,G,-11.969539120476718,91.58727342725113
D,K,15.408519911565456,-97.15275249211568
D,G,-15.429077912132504,-76.98601982872341
D,G,78.7706812915573,72.28318573299498
D,N,162.37503445188153,175.4682174167682
D,E,-45.44860725713235,-48.89833787144631
D,E,-50.408123732279044,-53.37142474736196
D,S,-36.09110085731971,-50.63642230289816
D,T,-11.060456708948381,-90.30374560138009
D,K,-63.45132788905479,-89.4567919065962
D,T,-1.762748847678087,-121.39379498255123
D,G,26.926752325825007,61.324208633831546
D,N,35.93148042339682,54.49430601290432
D,A,-8.162996617836951,-80.94566283943003
D,G,-149.62917398517047,74.7231268987243
D,S,148.36709067904152,-65.61214504309453
D,R,113.40556767364946,-80.17771878401895
D,L,-40.000833963946384,-86.62607633652249
D,A,157.9117084171958,-143.36629020233062
D,C,160.40469652479112,-161.53830828046466
D,G,148.90045876073893,-159.57735064839292
D,V,135.60702194102578,-76.63887057849063
D,I,125.05521876987034,-85.46413191841317
D,G,162.4904701688087,-127.93497148490538
D,I,146.6300497017998,-67.61592119134559
D,A,164.6314252007418,-141.23370721181388
I,A,-169.68181200665518,-159.94424187936715
I,T,-31.69727321560487,-125.06309785812796
I,K,141.13464701714247,-115.59764437456892
I,A,176.76249887899013,-138.76912299102818
I,V,157.0356350242927,-162.0131889763216
I,A,120.64909646914865,-147.12229347568507
I,V,111.73982398733575,-93.51476780384824
I,L,122.9574066564138,-85.69137332007932
I,K,155.98583472991237,-131.58094925267315
I,G,-153.76803946954678,-148.38502974045278
I,D,-8.242275660191831,-84.9959552662228
I,G,-140.2572111621801,-139.06905575177544
I,P,-19.020163746571548,-72.4462675147626
I,V,132.36762889522802,-85.75113052960869
I,Q,155.27458661510934,-149.17139955159487
I,G,169.2052188681004,-166.85687579824702
I,I,123.78161759071054,-120.70568930569776
I,I,133.62730215122235,-111.84640667302536
I,N,147.88902562093594,-107.38377073628152
I,F,133.7775623969809,-122.75402045606664
I,E,132.33575196731968,-141.503954120637
I,Q,119.33952898109807,-130.04962986592008
I,K,-17.260599399866727,-90.93828257649247
I,E,148.38712996027516,-144.06945343748498
I,S,-52.82972324148162,-58.99525133488123
I,N,27.657384893416808,-87.80308144254325
I,G,172.0289295769822,-104.6999059636542
I,P,148.28854481586777,-65.79264005969421
I,V,125.41242277718575,-119.02595671205043
I,K,133.10487699213962,-80.43747626338978
I,V,121.60937436226084,-128.1138748632037
I,W,153.30865835941975,-139.03416856338768
I,G,-172.0491975767117,168.6076389030234
I,S,132.44350551617848,-134.53745986736885
I,I,135.84793243456744,-126.17479776391585
I,K,168.97682142651405,-133.11755854534618
I,G,-2.8769215677669964,91.95846881979172
I,L,162.5689289746284,-80.72753614106956
I,T,146.31399916569407,-82.82672917399455
I,E,145.0181668839652,-44.77785724165317
I,G,-176.71318312182882,97.22958548654745
I,L,136.95681783635868,-62.33643833467581
I,H,125.81934790506287,-136.9739251363442
I,G,136.73748367968898,-59.97831741392977
I,F,108.74533082150191,-124.11786642756611
I,H,157.80702961063832,-136.72458805022464
I,V,128.73153371694724,-98.46902458556889
I,H,159.36217418488226,-111.1962863885415
I,E,-36.47112424665056,-64.1512552270243
I,F,140.25912732547528,-116.06431878915804
I,G,44.918740372516226,-85.69287360314534
I,D,113.7287163508926,-101.25155428690599
I,N,20.94959004625795,-115.56646227523044
I,T,-48.42145719521092,-45.412307169474346
I,A,50.26725196141349,-112.0840030738094
I,G,-142.01352572359121,63.83878075727279
I,C,-14.619939736332046,-79.56582068927199
I,T,-43.54533664370542,-59.4436486165245
I,S,-4.108336260491134,-71.02589296781318
I,A,-12.787344693482261,-69.64985732022522
I,G,-158.79427735546471,75.37893413081451
I,P,179.49452346189108,-85.2485228184382
I,H,152.9092740567156,-54.38452074973371
I,F,124.13144158905465,-78.5131715706382
I,N,69.0821750965712,-150.75292106402634
I,P,-35.71710020354524,-58.922148657220475
I,L,-0.6146493684921758,-82.19183024298431
I,S,57.86377800147616,53.276772178456376
I,R,176.01638510164565,-108.1569146737694
I,K,156.76461614645044,-98.04196794417228
I,H,142.62996716751636,-63.0537291638933
I,G,-171.34798175173742,-156.7855365058924
I,G,162.24042506932392,-84.45049272260968
I,P,-24.019998020945227,-54.74710880025918
I,K,-7.874328158954816,-88.76701992656824
I,D,167.73716136595354,-82.43288247157203
I,E,-38.56588445437216,-87.50040850178715
I,E,99.07888397707698,-94.91429516593486
I,R,162.99399994674678,-156.99529766015388
I,H,155.33213689405227,-85.7863782996726
I,V,-35.14040663296786,-58.38286238726875
I,G,1.4019875438951475,-75.73567527310445
I,D,97.41289932642493,-88.31385702144112
I,L,10.015327342137727,-100.67662302705124
I,G,-123.50237801980467,75.74926303056844
I,N,153.97163388835793,-123.76659270769221
I,V,150.64417980777142,-128.2568494073063
I,T,117.4770492698418,-112.51211483389375
I,A,133.27262161614453,-81.32034257763972
I,D,-167.3950409243936,-73.73844248609225
I,K,-12.750599189078795,-63.26998652766409
I,D,1.3374179514838593,-103.120339544348
I,G,30.773568805077126,77.62376370360737
I,V,120.34902249915181,-115.77494106416036
I,A,100.5930398365716,-102.9111285286912
I,D,92.32381459406017,-83.41347890433515
I,V,140.60284791284195,-72.44169974519974
I,S,93.62342304016991,-152.63492642474154
I,I,156.01616084429918,-121.5699341373896
I,E,130.44804855243623,-132.0494810351007
I,D,139.72318155654148,-136.72217940348435
I,S,23.87986955388414,-107.65596105160765
I,V,-41.99879092405191,-122.13273721488837
I,I,156.66042151066569,-67.49619512478482
I,S,161.73310853802963,-148.91176582063972
I,L,10.657917897172327,-104.3615867436227
I,S,154.91533728883687,-138.68859080597218
I,G,-174.55758087172387,72.46467663329379
I,D,11.150246895946612,-71.584476211691
I,H,24.17472006154472,-114.63395763054659
I,S,142.49749660359137,-78.41718655315042
I,I,4.443329434844105,-104.04704354464509
I,I,129.47766857971249,-75.90955311120464
I,G,21.09290678979192,85.49878532879123
I,R,178.74859641204878,-122.19347391526482
I,T,134.28662981944896,-108.40752530895156
I,L,130.67104401550532,-96.38756793247441
I,V,135.31710249007642,-123.54328935139735
I,V,131.84373004312494,-112.53564145726202
I,H,153.76420366425762,-93.98223780379864
I,E,-48.34408619892857,-63.52727878627727
I,K,178.13243159074233,-105.03476490254594
I,A,134.6588057029609,-77.18930204758416
I,D,118.89116901352922,-67.55800782041544
I,D,6.25419446520232,-73.04336985106927
I,L,22.61754721259592,62.92472560369402
I,G,12.227815961373109,89.31971008242022
I,K,16.850582824785064,-110.75487256343492
I,G,-12.12898056403542,-79.98413272046037
I,G,6.190699602885107,72.57660891302805
I,N,167.0300854514648,-117.67654544117771
I,E,-37.816596701886986,-62.05724723425
I,E,-28.244570880043835,-59.59665658173621
I,S,-37.67237863693293,-60.8823219723221
I,T,3.558416773807951,-84.8964283157725
I,K,-60.14271863155939,-107.68354802800025
I,T,-10.354903367621237,-116.29900501428669
I,G,16.758473434854523,82.10846362917829
I,N,39.93711707726034,53.80227016436059
I,A,-1.6904662101621728,-76.3522616694677
I,G,-162.48405512968264,73.01978553423871
I,S,171.19815196708777,-78.03352007199872
I,R,114.78827443128867,-95.70473842673553
I,L,-44.20554974130721,-88.71038034271324
I,A,146.85774207661,-143.58658343439285
I,C,169.85778296742922,-150.43209977662374
I,G,155.57510390529035,-169.35762800239726
I,V,144.1921512152283,-86.71395533812093
I,I,120.9891894197315,-94.56850310331926
I,G,163.00065478947687,-122.44765530070397
I,I,139.66290920850204,-72.19714806150886
I,A,174.5514130987874,-117.56306478284645
E,A,148.3056933421581,-142.9596252556321
E,T,-35.25947163848385,-100.95088317456806
E,K,149.9049453779324,-120.5674151748551
E,A,162.07109659400697,-143.8701091088175
E,V,159.0544283340002,-139.7873821364821
E,A,121.0813868157545,-143.43438351593844
E,V,133.5979877077629,-84.30566701388818
E,L,129.00603409273725,-105.39454946243873
E,K,147.16648585199064,-155.4070657125277
E,G,-173.3447367964441,-138.84343061577965
E,D,95.4470886931507,-75.45055694497319
E,G,-148.59016777259777,105.67483134644397
E,P,-44.969304414186624,-64.09888794196007
E,V,119.61761422319763,-64.06544129432962
E,Q,152.6793543037954,-151.45712356559594
E,G,167.24030534579092,177.94824758617412
E,I,122.24778472220878,-118.9793306551979
E,I,144.92650397107533,-104.40105827222594
E,N,155.45857386224125,-114.4057729536588
E,F,138.7663250908798,-137.91270259114202
E,E,122.99707399989299,-143.75591382901226
E,Q,89.43937981491824,-115.1325964099858
E,K,-33.16104082429216,-42.46750375913194
E,E,138.3013471213624,-157.73497530747818
E,S,-34.84741890218962,-30.57021460014857
E,N,-5.602012274675914,-103.93701502832371
E,G,179.02982809894058,-102.20680382544607
E,P,136.24498542684788,-54.80130879195835
E,V,124.37772959678081,-94.77356211897546
E,K,109.69305437848675,-86.86802799186857
E,V,116.38733077450935,-108.13774296087503
E,W,-179.70655822085584,-126.28165887531198
E,G,-161.03384006433762,140.33237580138282
E,S,148.55755396124894,-152.27412082542068
E,I,135.93602736471462,-134.68646678790194
E,K,172.3712359844283,-130.2198078221974
E,G,20.175671003515475,80.55384129996182
E,L,168.20727677996908,-90.72026863201445
E,T,137.73513218917216,-87.4216553948904
E,E,138.0462623869186,-51.798349047241686
E,G,-172.32249442625593,121.82112245579737
E,L,140.1484867957469,-76.50447171328298
E,H,127.55094208085524,-144.37199680124382
E,G,155.99759631320708,-57.86709264839175
E,F,118.4680278634454,-148.90682311776482
E,H,153.21774509754354,-139.64995134261693
E,V,119.13745346954872,-89.58641245016393
E,H,149.8763253776752,-100.68413464531388
E,E,-39.443326003648025,-61.55534156720725
E,F,148.02185610749987,-98.31644123685875
E,G,45.369623665556674,-100.43748963168558
E,D,118.62606851370106,-108.34303969251349
E,N,28.864971501961207,-120.10314387452773
E,T,-40.70714587012412,-61.574006477874946
E,A,30.782480787859267,-107.09675376482544
E,G,-152.15982615250118,75.48053234906085
E,C,-13.444407710095504,-65.63120094113793
E,T,-34.89852047093731,-71.6443930545794
E,S,-4.758831529368761,-71.2875897082815
E,A,-19.739227405059317,-69.14064245407057
E,G,-138.6052854140905,68.10297370448984
E,P,175.6158430875928,-83.38327193778734
E,H,135.90158667503306,-70.07034822988265
E,F,109.5934201353217,-57.16193780126842
E,N,67.5121120391788,-126.91711770058264
E,P,-17.52201843768197,-61.85973584004425
E,L,1.6306543341789281,-106.50723573246215
E,S,73.3446466237638,40.12227104125897
E,R,171.5493147742576,-127.56604149010259
E,K,179.49146792893134,-91.61625837405504
E,H,139.10747627915626,-79.92736674656318
E,G,-152.4780031677384,-142.65348671229395
E,G,168.90635583058616,-132.32623567805436
E,P,-16.73499256318617,-55.15674631170195
E,K,49.4739083746552,-123.17875093652724
E,D,154.20901249366375,-118.20386348513497
E,E,-41.05472669306484,-82.7735891453399
E,E,109.78806765013793,-76.89048490453878
E,R,153.70011958757138,-165.7509958530333
E,H,143.019839917912,-78.65421060207306
E,V,-31.52645060602905,-56.53526594349735
E,G,15.314507599054544,-83.2182185350374
E,D,85.65138523317817,-92.52916568419856
E,L,23.531791373228245,-94.54849444111937
E,G,-142.78943199394843,61.26926505514654
E,N,149.0998151347333,-106.18122878428142
E,V,163.2938244209932,-112.6846011848443
E,T,139.00281015351004,-127.80223127942537
E,A,129.63432894056996,-109.02439255845879
E,D,176.84954285349593,-59.97268168138411
E,K,-24.39326383207349,-53.54705921475075
E,D,7.249892976033728,-90.10314159652002
E,G,-10.233863338024587,89.1200360397683
E,V,124.55294747548159,-83.7317904381533
E,A,114.75122121170811,-98.93451034082194
E,D,107.12191504366888,-88.70089168441586
E,V,134.56398816453878,-94.43825272328208
E,S,114.27632485548288,-154.69995733766638
E,I,151.69628874580562,-147.3686830226575
E,E,121.21359722076987,-141.30593624586157
E,D,143.0685878248557,-135.79758756810818
E,S,63.807398616317954,-129.2112891594281
E,V,-45.26579975264392,-148.87170207437143
E,I,151.13440557576536,-69.15454291661548
E,S,154.47954228987953,-137.08947441208522
E,L,-17.79705382569028,-93.62605139617445
E,S,120.86353664749508,-138.1316291249793
E,G,-155.87223837598987,126.86257389168448
E,D,-46.83278565836517,-66.57259395295118
E,H,28.631533374510386,-83.34378348209168
E,S,148.90394154533342,-82.45705465658733
E,I,-5.000092660164554,-108.69157333997943
E,I,132.4545138595633,-57.77232054809038
E,G,0.7163686485801871,88.73438539655979
E,R,170.91246724437036,-112.15382057006643
E,T,138.74350939446794,-92.59517541516605
E,L,130.15787672018138,-100.18563184080385
E,V,139.46877912411588,-119.9998215210179
E,V,128.22612307564776,-106.52995769883677
E,H,170.59801440195918,-100.01453161373043
E,E,-45.088062776982824,-68.71912230605156
E,K,176.3607878527507,-121.53719007833996
E,A,132.85391947434013,-78.56587423833517
E,D,129.4472996567345,-68.32652376561192
E,D,6.685057428047359,-81.67225136283847
E,L,21.650376644638296,55.25876771607947
E,G,-51.47962970452642,109.83524103669099
E,K,36.83340623520867,-72.39610688276241
E,G,-14.817934396402121,-94.35440088303494
E,G,-30.605403172135915,90.45814902742298
E,N,166.87059879420568,-86.5962584981294
E,E,-18.794555997809624,-75.15100892916483
E,E,-32.944368165097686,-58.17923950624819
E,S,-26.690418316329776,-60.05517960909635
E,T,-5.36788887772027,-97.42197363533907
E,K,-76.6414632483919,-102.7089535221406
E,T,-29.736806303637625,-85.8838231904685
E,G,20.045059542074675,78.80438632344934
E,N,29.022764821137482,58.61369294177442
E,A,-2.4168420678860096,-73.2550711144695
E,G,-154.1238118742756,78.9084794600469
E,S,173.0110708221885,-68.7020244068158
E,R,108.29446439602705,-107.81741856486957
E,L,-32.31880749291948,-78.60782995359041
E,A,157.49048985514835,-166.1959189121182
E,C,165.8066106442576,-163.9828523597696
E,G,165.9127120396446,-151.60326104228972
E,V,139.15708174649345,-100.6986861581444
E,I,106.4523555545551,-80.74301006817505
E,G,162.07972449632842,-95.99522329357572
E,I,119.2651580869857,-80.07300307664892
E,A,167.54924690558846,-100.18911529636335
J,A,-175.59323942109614,-143.8521453164932
J,T,-29.212443110689364,-84.58688847489522
J,K,155.177698418961,-143.81694837645887
J,A,160.74086712875396,-150.34603366719801
J,V,148.76986102122655,-142.58534289047725
J,A,138.56604466286257,-137.37775783253693
J,V,114.44612205814033,-118.16992999649212
J,L,116.61647433756822,-95.55359334924988
J,K,158.40470689540365,-136.0242527707224
J,G,178.96454415438,-154.06623326606615
J,D,58.19427936780061,-81.52202612662083
J,G,173.17717401861168,169.20509284514486
J,P,-12.375693695033737,-55.655055749104015
J,V,129.76912131150203,-83.86936962219625
J,Q,161.7765269236267,-156.03661403812677
J,G,178.41409744742563,177.3510525664959
J,I,136.76153229013897,-136.64175881438436
J,I,136.23220071890813,-131.3395851649197
J,N,141.99756812167956,-107.32254157199277
J,F,143.2227215292249,-119.23518735141657
J,E,130.62155691226346,-146.80103166018506
J,Q,76.61045715338557,-130.75694042924493
J,K,68.64609169156346,-80.78151560265646
J,E,123.30993519793374,158.0534570580873
J,S,-25.777112082322418,-25.32882132548728
J,N,44.64394677949667,-159.01428814009404
J,G,164.30827960489108,-105.93199723487298
J,P,136.34702366033864,-45.714617193900416
J,V,126.85510221256189,-115.35995496141578
J,K,133.08240415581972,-84.93906113190137
J,V,119.62324348887886,-123.19805181219469
J,W,167.19338431107064,-134.0392566782697
J,G,-171.8842170568368,153.60499495360645
J,S,144.9746878884013,-135.18120817139723
J,I,139.35037387127176,-132.27563480838282
J,K,157.18262730382736,-130.26358257957588
J,G,23.211006484563327,90.05552156977348
J,L,161.6429083871929,-96.56123292473579
J,T,155.8433064837754,-81.51417093814288
J,E,138.6655693184132,-61.66430415533898
J,G,-155.53540079191734,120.13079990817155
J,L,143.38320094687703,-100.1343678678162
J,H,132.73044550802751,-140.06397289986003
J,G,142.63702069206707,-61.33997232641613
J,F,123.31619356007909,-132.63643843392825
J,H,156.52870934020078,-154.6083696418122
J,V,117.43812878578555,-96.57912730406225
J,H,165.03006698113828,-93.31891851200422
J,E,-39.37618243839101,-64.84476419902826
J,F,151.42046229356927,-119.22699839146267
J,G,31.94913793932471,-96.35114809816707
J,D,80.2333114929311,-85.60074935906697
J,N,61.99376328940773,-105.81288507445726
J,T,-49.32277647910638,-89.18283327533946
J,A,49.20647521042146,-102.66534807757279
J,G,-142.18095035429616,67.69343904152855
J,C,-31.429923872686444,-73.29736313447182
J,T,-42.62421102358206,-55.83075288767171
J,S,6.62036558925134,-67.96400693447872
J,A,-16.03198224380312,-76.48790062343716
J,G,-164.8241670575408,84.09050686802561
J,P,-170.83091172865582,-85.71576152865306
J,H,144.94659151407205,-69.56331057619775
J,F,118.87325226710212,-66.59838615848855
J,N,66.22471557602684,-139.76564721937748
J,P,-33.08357099462383,-52.802999842330784
J,L,10.954035888303169,-103.40501006565181
J,S,36.477537054261006,47.90612106892257
J,R,172.73243598673696,-82.06219422561036
J,K,166.45557556610703,-98.49665606889434
J,H,149.57897933350904,-73.93731881217381
J,G,179.88140261780185,-159.80572667559807
J,G,178.60076281804237,-84.53256239382587
J,P,-23.154154365870884,-78.31665165917728
J,K,2.077524394129465,-78.66996695451898
J,D,164.45776941530238,-93.32641741108567
J,E,-45.76145574154602,-73.29789659011576
J,E,107.6130983836951,-101.64363538941285
J,R,163.5608862677602,-165.45252532383938
J,H,144.13035598700026,-82.50019180047798
J,V,-28.676387876567848,-53.94309312360652
J,G,20.655179517150344,-91.30346165057615
J,D,101.98241553145961,-96.92969090069857
J,L,15.01091771574238,-104.90528472887459
J,G,-132.37723797267682,77.20229821455068
J,N,142.70590839570283,-127.97199779824125
J,V,145.85422428766165,-109.68781425483618
J,T,143.69864080074436,-93.00619305366241
J,A,134.30472277560153,-116.49899152892348
J,D,175.40146452343245,-76.21013073617753
J,K,-45.958503456507,-33.12952233244773
J,D,64.75299232766787,-103.73885017186065
J,G,25.611980761098266,27.370595544362313
J,V,135.4653759723648,-100.59314257529982
J,A,120.87975538450345,-120.23036994294277
J,D,105.63066311717765,-107.97074623114912
J,V,133.996621562435,-76.03284098589866
J,S,103.9376798499765,-151.11501950085412
J,I,157.1439857239179,-125.90450239985651
J,E,114.87768151849288,-138.87726643155088
J,D,155.70545181894317,-118.76322893399052
J,S,54.5202692533564,-136.3635571438713
J,V,-32.71803686674489,-148.81878499603087
J,I,152.9870027487726,-68.20911505158057
J,S,166.42391548344975,-145.41967750480276
J,L,-20.267355594215417,-112.05836882725598
J,S,169.395691567034,-104.72548295357214
J,G,-171.79687467781682,82.71314872278964
J,D,-2.4539647796776176,-86.44213839359499
J,H,26.389363294232567,-110.09403505180684
J,S,136.0395321919916,-69.80936039686596
J,I,2.6459110119556875,-95.70978318804117
J,I,138.51551401609711,-71.95547837032879
J,G,7.820742041834152,85.69147018655455
J,R,-175.34978113065117,-116.86116512399401
J,T,139.13954442527404,-109.18473093091762
J,L,138.10558801326562,-98.54967052126175
J,V,144.63826616934992,-129.20825180103841
J,V,137.56406813012967,-116.79969081125152
J,H,167.9873861556752,-104.51849586130649
J,E,-53.48889843545618,-58.28748421229877
J,K,-179.12975705006716,-117.75441409827071
J,A,139.10268601382344,-85.48062853094366
J,D,134.38407402265182,-77.47895403205335
J,D,9.013898566065908,-90.5867514656967
J,L,36.45041085026296,54.65425385412852
J,G,2.3275265454920917,84.11732061724726
J,K,14.955822724473906,-99.77848938778718
J,G,-11.228454212324099,-91.63819338386773
J,G,5.334607049208098,79.3748576895357
J,N,165.33988933515838,-118.42964032864388
J,E,-49.017778274026995,-48.49638934969979
J,E,-28.52710699471163,-57.88731488130537
J,S,-38.50259266393757,-56.66244620510567
J,T,14.184030559519636,-97.53910906825227
J,K,-63.100820789040306,-116.98813902455966
J,T,-11.70881132831492,-114.10664871478099
J,G,13.075791680731042,76.7320941451955
J,N,31.050779831888317,61.53241542573089
J,A,-16.52797022234542,-76.59629726467801
J,G,-164.23769436938957,84.37101220086585
J,S,152.29123895106406,-50.88962456253398
J,R,123.91052220264075,-92.90792562198905
J,L,-38.66775881402919,-97.18171074741382
J,A,149.08487913661202,-152.9720359608419
J,C,168.12458212844643,-162.14756819931262
J,G,159.10840917893998,-168.6801301574412
J,V,134.3016636866742,-91.82971604557054
J,I,107.43586018595775,-79.85880076252786
J,G,163.69843569526014,-112.5302474630063
J,I,139.57455976462066,-63.02648561065561
J,A,166.2806425178354,-119.80216585745104
