Chain,AA,PSI,PHI
A,P,148.2048205372322,-78.27154013444981
A,T,152.52386090070752,-108.06227378789293
A,L,148.26233026172622,-117.29384436368647
A,L,126.01865233896402,-127.3166138629348
A,R,126.82360826186132,-119.65474346515815
A,V,128.0588449469518,-125.06127650627114
A,Y,111.25850840277546,-112.35901030611865
A,I,118.93273005873743,-88.00052027842828
A,D,-167.23846383331664,-135.287239926892
A,G,176.67998667163667,116.26132429422069
A,P,147.5191713926874,-58.79192221351576
A,H,158.46497923999274,-65.0853311654868
A,G,48.43195385901761,62.78092820301766
A,M,-13.436954970262615,-120.97954270887838
A,G,13.42282780190213,108.84286810788043
A,K,-46.37618372833192,-63.8701515275507
A,T,-43.68600056149193,-64.4135239687165
A,T,-51.52220729627284,-60.443589749553816
A,T,-36.14360369291713,-64.01817800476432
A,T,-39.67785024682929,-72.14639841185195
A,Q,-39.23274414477555,-61.70864633004988
A,L,-42.81905541162506,-62.90454018324872
A,L,-48.533304583707526,-56.1476004956458
A,V,-12.834464717179536,-80.73940735545938
A,A,-6.264914170190295,-70.8582749023602
A,L,-4.4881440499224645,-73.16859356586222
A,G,39.709407084892504,52.10141390222172
A,S,48.37848238465033,-75.21982501925508
A,R,-164.62557819497943,56.29688648558995
A,D,-16.294200792207707,-70.98201378816633
A,D,3.9607398690507165,-64.80648652043295
A,I,113.21207300630556,-150.94891042216526
A,V,133.22467445963557,-116.41928934039639
A,Y,126.80718971256213,-100.30021265999991
A,V,111.41843708590102,-105.0644610114805
A,P,171.7354614407296,-80.90552162841969
A,E,138.199574052804,-67.99767895089998
A,P,52.36204877572193,-75.93629036645592
A,M,-39.83259762740371,-49.36511761182891
A,T,-35.190064717775456,-68.8052817156523
A,Y,-45.08695497279872,-64.78143629774189
A,W,-44.99897782246658,-59.99199187901325
A,R,-28.501837490156984,-85.42120119277016
A,V,-60.39071084490063,-128.4003316489081
A,L,-45.31270461045867,-62.40441287518938
A,G,-36.65228179522212,-82.89712136575149
A,A,170.60199500598372,-173.79923252644735
A,S,126.33429515604057,-85.6769186764533
A,E,55.13289168064256,37.41632272775161
A,T,-38.984273461727625,-53.8836642002335
A,I,-40.73025176475922,-62.18855056260075
A,A,-42.58624042280336,-66.0914240707714
A,N,-44.488817931027725,-54.785366392838434
A,I,-57.05837393248626,-62.57143072829534
A,Y,-37.69779386224667,-62.562407758723765
A,T,-49.575863950472964,-63.82245141810607
A,T,-43.58370724113548,-56.33064172571354
A,Q,-41.57098913560262,-64.36834425181078
A,H,-51.26747768856765,-60.5106636266859
A,R,-42.76594988139325,-55.56920613234756
A,L,-40.954319974785875,-62.78361714060477
A,D,-27.63142695302357,-66.83135615277502
A,Q,7.000975779110315,-91.92280566083514
A,G,20.21859716385232,68.48438567215386
A,E,-13.257353298593214,-84.47232617298869
A,I,165.09940247956482,-145.01746883222592
A,S,159.86179054456576,-94.34864058050519
A,A,-38.05233625060415,-53.31371473124695
A,G,-51.71993235069132,-57.03977927636433
A,D,-33.354462801196476,-67.4754342628621
A,A,-54.24858968438328,-62.93170450430363
A,A,-46.17942709827365,-50.22994756475723
A,V,-42.13595348916256,-62.94142460795519
A,V,-41.87880401128604,-71.84473136732724
A,M,-46.062726637816276,-61.95182788508673
A,T,-49.27464325940897,-57.2425983686968
A,S,-37.79679903180173,-61.00345697175421
A,A,-40.89881061791966,-68.29836490502824
A,Q,-31.24177029805435,-66.99679638791761
A,I,-36.874219975227916,-66.08182275419924
A,T,-39.9177876672445,-71.14850312360652
A,M,-46.8032529257906,-59.54384644198178
A,G,-6.925441756999232,-87.41546127333007
A,M,-52.55110031486975,-52.241748619711
A,P,-27.580516651887915,-63.55708052970055
A,Y,-44.36665901784388,-71.35449266787109
A,A,-49.133345808380675,-64.66838980981689
A,V,-37.9174167723767,-62.90768548182821
A,T,-56.290621586269026,-63.07066202815753
A,D,-39.43152311936594,-52.815672960968314
A,A,-34.58316245850772,-66.0774564044981
A,V,-14.324327533425349,-88.63665157899203
A,L,-25.931899472128396,-86.4390804906125
A,A,-46.219326610442906,-51.44256063373376
A,P,-6.916933232224599,-61.81549383827265
A,H,-12.777770654025977,-108.89245548070326
A,I,121.78567338358113,-86.94795354981116
A,G,-174.5235983807128,-104.89906665491766
A,G,161.34757340503617,-57.9558237264198
A,E,142.2364013897794,-68.75698793576781
A,A,59.94561068137277,-119.17830126712526
A,G,-119.91386268674452,69.54698331123578
A,S,-46.65427027761903,-136.10298046345955
A,P,96.58568255120223,73.13788814384874
A,P,124.88023288091125,-61.79196171414871
A,P,141.10294255447792,-71.5043401785329
A,A,-33.61525766243176,-64.33500244968693
A,L,147.41645188652,-146.21352864327105
A,T,134.46481385507687,-126.00521668383423
A,L,120.05125343800005,-118.55919109280909
A,I,105.32840621171297,-104.18778869685656
A,F,145.19365073520532,-90.74466216107109
A,D,97.57562159396628,-98.76162924426603
A,R,152.80208646896216,81.20347323157365
A,H,154.1106652013342,-110.12112102595148
A,P,-31.9996397072739,-46.478023913076164
A,I,-18.517151559173307,-63.306382597640244
A,A,-47.77300293337417,-64.18914619584442
A,A,-32.88682629272768,-82.80325997585409
A,L,-13.76765098465387,-89.75882854817127
A,L,-56.424525124476574,-136.40139537242592
A,C,-47.82612237984078,-63.28196202451416
A,Y,-42.349006686537784,-74.1355319125802
A,P,-41.276220070164435,-58.68517610444613
A,A,-42.232698442470074,-64.94785822911648
A,A,-42.6851992433755,-62.315813026094695
A,R,-33.52395617564013,-65.52476743970524
A,Y,-40.97030286337211,-58.52708600997607
A,L,-23.345587975345136,-69.75819126783288
A,M,-0.3858087829637716,-88.94164379257087
A,G,3.0054005680537226,82.16622346923678
A,S,10.307269121491368,-99.6941568133873
A,M,146.13370755490763,-149.57453278309958
A,T,150.4995670111427,-95.54213702701458
A,P,-33.563007044998685,-59.99387369968533
A,Q,-33.61386388826213,-63.508285091270224
A,A,-43.388415024779015,-73.50422869102967
A,V,-42.25192991471618,-58.32861611477627
A,L,-25.935338118980024,-70.76607387355385
A,A,-32.1761452248576,-68.24153036597893
A,F,-45.48551588428019,-73.98179379686802
A,V,-48.41668106226695,-52.90186910504857
A,A,-16.893089776437805,-61.15321196555413
A,L,4.1009599972658926,-104.38185125684957
A,I,122.29309549129516,-65.43673297220248
A,P,150.25730715223023,-59.13358042260804
A,P,138.13381715129103,-53.65334383274872
A,T,118.86437270500366,-69.86524798425798
A,L,156.11536107264266,-74.12269867676167
A,P,153.11694522459442,-67.52516893811664
A,G,25.975984191114623,72.27736706432397
A,T,93.66871016699683,-88.22901348612083
A,N,117.2041538276676,-95.30789360045543
A,I,125.3737284790745,-111.50669420953459
A,V,104.39680633921752,-103.85974202323852
A,L,172.3878750975841,-87.54830915795597
A,G,162.99358270421573,-117.61125895048475
A,A,122.33842571667724,-133.74729486523313
A,L,128.90522589729034,-160.92555167490008
A,P,138.8251843847979,-59.89559625874932
A,E,-53.76028876764741,-41.23282113731534
A,D,-47.203435736167926,-57.07800285208985
A,R,-23.409550712571033,-68.33647018974303
A,H,-51.03872719536457,-73.78279475155563
A,I,-46.83536572717215,-51.65132101666149
A,D,-46.94115612625597,-55.77089512320352
A,R,-43.11971944982433,-65.68221322513287
A,L,-35.58543309251562,-61.51310836465426
A,A,-30.749586195931627,-65.88360423739651
A,K,-55.50204924959155,-76.71028356785393
A,R,104.09031133032562,-81.27199464426408
A,Q,101.17240867190685,-119.72418853530387
A,R,167.14548203244576,-63.89680198235236
A,P,118.77217879306025,-63.771306371319376
A,G,13.226166765286138,77.74047816532125
A,E,139.02235065191462,-97.33320183131801
A,R,136.83411107232274,-118.08035827450678
A,L,120.78472150099363,-63.58582227554904
A,D,92.95486197826584,-135.89854008168015
A,L,-22.24326283836322,-61.109448474666486
A,A,-48.96325802859423,-71.98242341015266
A,M,-37.55021352408926,-59.66736903954833
A,L,-44.75264219791841,-62.111753249708975
A,A,-40.79841154911893,-65.17468802924073
A,A,-41.526183754785386,-64.15553649274612
A,I,-34.7176096993256,-71.59865543989402
A,R,-38.855640460654286,-64.81876183625936
A,R,-41.07134268538215,-70.39172637910569
A,V,-49.34173141996719,-59.951211293877286
A,Y,-32.99242724910825,-63.09913217392889
A,G,-46.073765236239254,-68.49874199570158
A,L,-38.02844951747778,-59.608164461748665
A,L,-52.01290474039907,-59.34825461189745
A,A,-45.168162958742855,-56.223864825501465
A,N,-31.08875985894513,-62.067847599042146
A,T,-45.42556163779369,-69.74518798975657
A,V,-50.94034832946464,-58.49486023036935
A,R,-58.09188294960086,-55.43845633884649
A,Y,-48.09063075185345,-48.439715233218244
A,L,-40.56007341474083,-67.07546140729725
A,Q,-20.28419104771421,-69.03388347276916
A,C,22.516206527989123,-92.5424164813703
A,G,24.828468779160048,80.98580213468163
A,G,143.41385572421441,-76.31857986677804
A,S,107.40928008276835,-132.4901757443425
A,W,-37.68057592069055,-53.39204690059076
A,R,-29.4681726791167,-63.12722822573574
A,E,-32.348433193594104,-78.67025236973679
A,D,-11.533149371379709,-99.57355925949727
A,W,-46.79935289839066,-40.21403732346542
A,G,-28.24334730211109,-57.52249975401363
A,Q,-28.533380729516345,-61.806194260484716
A,L,-41.74078670747413,-69.75272977415591
A,S,-69.4441808522547,-45.568317154942264
A,G,168.97651635215865,75.6419582605433
A,P,-6.078070967756111,-29.788773152187016
A,R,87.93225885681761,-103.47231267362538
A,P,150.23126488423745,-75.5356946243409
A,H,171.9373552537825,-109.32563084878419
A,I,-32.43360808925294,-56.71368470165138
A,G,-7.755734973454746,-67.10757115766907
A,D,11.196969530032574,-110.18653500419765
A,T,169.71378740112553,-113.7377447626882
A,L,-20.79334695569252,-58.69414968521573
A,F,-28.13209928904351,-60.048597003341115
A,T,-39.29385303828546,-57.60114947618143
A,L,-17.168650434304453,-58.02385148877336
A,F,18.96485690428048,-100.63819051245571
A,R,26.667660735391923,-88.3995858919094
A,A,141.00351675968687,-69.20504813686316
A,P,-37.228205377839025,-55.493670249868295
A,E,-29.089770710189804,-62.053992774109346
A,L,-26.392172074264646,-87.63290100772447
A,L,129.88521688518568,-76.97472589040265
A,A,168.36554757985033,-77.79179998984247
A,P,-36.72349151389163,-52.48821188465635
A,N,16.499376941224078,-75.98087541375948
A,G,10.9283806077747,71.00539086941097
A,D,155.21155203860584,-114.76630074125963
A,L,144.98573587182193,-64.56803839592581
A,Y,146.0832213678652,-64.64261368116357
A,N,-37.01303193677561,-52.411404166276284
A,V,-45.478172433491366,-57.52214434789836
A,F,-34.47835764682064,-71.46688560216313
A,A,-41.91453395787571,-65.47027784439086
A,W,-42.00489029127732,-62.48626133136888
A,A,-43.300127667042204,-57.08731727295046
A,L,-35.25211931796896,-64.29929820090663
A,D,-49.89263016869346,-59.69442765571509
A,V,-39.832368425442304,-59.52555518243026
A,L,-47.03744178573512,-57.06834159816722
A,A,-47.6426823407197,-61.31968071182387
A,K,-36.308805087920746,-57.25907723193986
A,R,-46.95444687690374,-74.34112528670217
A,L,-27.081878430789114,-76.52689649088607
A,R,-45.25539735068556,-50.91537600955823
A,S,18.109524383317424,-88.90947741114375
A,M,151.8912113643647,-98.50417439010407
A,H,103.1356001932087,-111.9480360987924
A,V,142.41606024538558,-95.84065081323213
A,F,141.2301899485784,-130.3533039242357
A,I,119.61477509991163,-106.06323424909061
A,L,128.92030388499677,-103.53080176833178
A,D,108.96988666820118,-85.78515981633288
A,Y,-1.9971549887810045,-84.24068113163726
A,D,57.78580410562726,-75.38395295852757
A,Q,-179.71907540031575,-166.94223572792163
A,S,143.77875186555053,-58.46090887996635
A,P,-40.29882891687213,-52.811531736317605
A,A,-46.85116659528057,-64.95197467842442
A,G,-43.19781148503368,-54.48223510114493
A,C,-42.71700386371632,-62.418606947539345
A,R,-43.80774027221315,-60.22926625741101
A,D,-50.894389045568666,-62.8784448094981
A,A,-37.6947861539549,-58.16868471460753
A,L,-50.51905075252205,-65.46744399659548
A,L,-43.32082767224357,-54.297114565885956
A,Q,-49.91374847304377,-64.06267953920934
A,L,-36.20406827187023,-53.97922869102633
A,T,-38.42728921634204,-53.28311480813681
A,S,-34.945622119661216,-53.60274410008387
A,G,4.926146604987779,-91.13365790373793
A,M,148.18653802156246,-80.87435143344727
A,V,133.96491174916054,-73.72792307594025
A,Q,173.60123628659136,-105.25539004319566
A,T,165.91129093595396,-145.05318759032153
A,H,158.61805350016468,-95.61781348959117
A,V,153.37109130301693,-100.85422567476095
A,T,-19.992848574343533,-76.90504020820393
A,T,157.7180286824845,-140.2216182235191
A,P,-34.19910466020369,-66.85876849315474
A,G,-6.020073553007171,-76.11698461042828
A,S,-47.98913152309675,-58.377550423646326
A,I,-49.030145079451415,-54.93109194454541
A,P,-44.5121379162614,-62.362986733149015
A,T,-54.428825799742846,-58.4072310320985
A,I,-39.25564505107563,-54.35106259686208
A,C,-36.76907000215583,-67.04130263050652
A,D,-46.945418921958435,-69.58423055692658
A,L,-56.57707032673624,-52.247991892706985
A,A,-41.73278696629959,-55.03377890597531
A,R,-45.1803197309078,-66.79956912955969
A,T,-52.80675799839962,-61.341118964715726
A,F,-52.57195455887973,-50.02549174288142
A,A,-40.84524610477389,-59.180241501833684
A,R,-44.069581671493786,-68.24872377237195
A,E,-28.830653213777648,-82.40040240523086
A,M,-10.593699373136472,-118.72316407741036
A,G,128.1277074863761,-74.99856205350213
A,E,-26.92188142370452,-64.78552220488451
A,A,176.59050014784222,176.09976370799802
