Chain,AA,PSI,PHI
A,E,-25.570876656353004,-63.28644405289142
A,L,4.055744477884797,-90.91248672638791
A,L,125.8619799575399,-111.7505978403644
A,V,133.93589278832997,-132.8529128516533
A,N,122.99655327936799,-98.98020834301215
A,T,171.0418465570989,-115.1017977073746
A,K,-17.537138932329174,-62.02334906954242
A,S,-4.8718273414861235,-98.0975555260196
A,G,176.0198759882168,134.49005948146853
A,K,148.85550605554474,-80.77803377791174
A,V,137.82489907796455,-136.55115667804566
A,M,121.94983194948388,-119.28122023013178
A,G,-159.77799061791683,-94.25834281164147
A,T,150.03794568201735,-142.17168603087168
A,R,130.84492704016975,-88.32053505469992
A,V,141.57198451248084,-123.37576608129466
A,P,145.66285236210652,-77.8135802639647
A,V,116.2704543944924,-151.41312045089924
A,L,51.70603604603832,46.0253898596723
A,S,21.44451234923732,63.253950804520194
A,S,-156.58778346561203,-134.59873782388837
A,H,156.0575494229429,-155.89064068164984
A,I,171.91879028506074,-147.48866152586345
A,S,148.53554727112646,-97.37481131227526
A,A,135.67215300788803,-132.4313257907303
A,F,100.18167873494393,-121.0987658414518
A,L,143.39487533017592,-103.09527298556543
A,G,39.689011847657675,67.35242631647849
A,I,124.5405031694174,-81.23279619621044
A,P,141.84695124718874,-74.03962329520871
A,F,-0.4236632954920331,-126.67547771160386
A,A,162.28590538253104,-151.28829728430293
A,E,145.8131397576974,-71.33909295276804
A,P,130.2861930983815,-53.7624320704311
A,P,65.04951860633211,-90.58088981347825
A,V,163.48233646789205,-111.47777467481087
A,G,-124.0118433845191,62.144054003633826
A,N,-8.870238882147625,-67.50798496735817
A,M,-8.06150533760552,-89.491540282211
A,R,133.01340954197883,-59.17874961959943
A,F,-13.838925850365586,82.07987936387174
A,R,159.55765271633905,-83.50373494349554
A,R,148.47457482055856,-55.44760434759324
A,P,154.01517167229514,-69.01223043144819
A,E,143.5168708234738,-112.8825480711688
A,P,145.7593024092877,-61.79787746284997
A,K,131.34769262857793,-65.20533021008411
A,K,136.23059631886326,-70.85726400456929
A,P,150.41828423368864,-57.03954036862218
A,W,151.39854711901228,-120.49298470092093
A,S,170.9014711450344,-96.11084362500581
A,G,-172.85386016532271,83.40696984562798
A,V,124.55672808421221,-115.8604832743611
A,W,126.9274966637129,-80.17636979264205
A,N,107.86981526461571,-77.58889600296466
A,A,48.045190064457614,-114.18925527620668
A,S,-10.266166062642496,-98.28275174890133
A,T,151.35188645609992,-137.1354005617807
A,Y,144.76777978563985,-54.66652319226694
A,P,173.82402881317836,-81.41784215567279
A,N,164.56137319008175,-67.25100348540307
A,N,152.080778400294,-101.61805014837552
A,C,156.22471021107864,-65.9828986163538
A,Q,133.61469051068164,-63.04228361415977
A,Q,159.6393195389749,-163.27242958305283
A,Y,130.06334674787252,-64.21546227895986
A,V,126.14321821874628,-103.83666271248046
A,D,119.29873935431675,-66.49072787098649
A,E,22.40084554993871,-120.88089796590278
A,Q,-36.00521434578671,-64.66934800879991
A,F,73.5126147739332,-135.1752823848786
A,P,126.61654145698736,-47.019400475276285
A,G,-2.701679901699025,73.24847528336362
A,F,129.60186734270937,-77.9639914124259
A,S,-32.6089416999036,-66.29532016477098
A,G,-32.38136060695773,-56.46347187614257
A,S,-37.58013787310819,-100.46407341642202
A,E,-17.708539229089272,-68.4939683724794
A,M,-15.12166268490905,-63.564739699103875
A,W,-16.154866609904232,-100.1874501832299
A,N,155.53602999236062,-75.11838769412056
A,P,136.00389274095454,-56.817612290373134
A,N,10.141065465849264,-112.08228406898755
A,R,176.66899675115488,-128.36525393605038
A,E,148.15049514630095,-71.70022932229384
A,M,144.16336928228012,-89.41682443466313
A,S,149.56203166538424,-156.12557058874222
A,E,-16.874416707523956,-70.02748655880598
A,D,88.12073807989643,-86.2013601320193
A,C,13.981691313277462,-141.91235633619678
A,L,84.9177164543765,-89.3006174989757
A,Y,160.18804817130206,-132.1345165450693
A,L,159.7362812742517,-127.96752534450755
A,N,141.6163649721169,-124.31659489614142
A,I,127.94021110543322,-131.55087971507058
A,W,127.04970862287041,-106.8936789652386
A,V,122.7758506654601,-123.9742399218303
A,P,156.7334142660858,-50.52205665078545
A,S,124.89883987110035,-125.37900019415292
A,P,155.42681231252962,-66.5211478580484
A,R,124.35960113754098,-51.6241977176678
A,P,169.6862937970221,-66.77661562870242
A,K,-44.40155024188109,-94.86395052743397
A,S,79.90536947157005,-160.44239080882184
A,T,172.0274177068205,-114.07014149064776
A,T,133.98353479426078,-52.40429335604796
A,V,138.124475531942,-115.72063366788342
A,M,131.04264356973542,-127.6288976584514
A,V,115.07319447784445,-120.50325113949643
A,W,131.92505144915785,-86.08367984238272
A,I,110.22376809910672,-117.27627280370822
A,Y,152.7701109374897,-65.5492970979463
A,G,-165.53615976673265,-95.86530749237681
A,G,29.943122325672693,136.9155637054858
A,G,19.096985921745937,60.078685943446835
A,F,3.3747565840057936,69.23558839944428
A,Y,-3.159467664189182,-118.68597388389088
A,S,-179.37256864781213,-154.8968891867969
A,G,153.60442975080932,125.55875806269837
A,S,148.16514995462074,-151.5343073254631
A,S,-7.072150103463054,-85.66976869397247
A,T,3.8265811273102206,-101.83860516126786
A,L,144.97417423484964,-59.73945298835508
A,D,-35.745352350213714,-54.670384855583066
A,V,-16.40722197440858,-68.73872704285434
A,Y,13.730261636573324,-103.84318542407216
A,N,112.75677243007286,-59.63633263511413
A,G,2.222574236635786,-83.51636744110833
A,K,-37.64749245180369,-62.74855106128047
A,Y,-44.36884915499393,-66.14021487026008
A,L,-46.619640192895936,-68.30869794271953
A,A,-41.938477847007945,-60.666036259765896
A,Y,-55.270175081543194,-70.07695096294266
A,T,-35.47870929583358,-62.72364151865565
A,E,5.42847428317609,-109.0276607141577
A,E,53.841919313204535,54.02814289016337
A,V,156.87625593558647,-120.79299973093313
A,V,116.75656943010418,-87.94086915843663
A,L,124.76768864623568,-103.47842819447409
A,V,138.22890831377705,-115.30709170611983
A,S,127.56340816819808,-120.01395643220933
A,L,-172.73559674068647,-98.67551411798354
A,S,170.1808167331677,-142.76680805178003
A,Y,155.23010530080722,-165.82920706073767
A,R,139.29295258591262,-68.2912094535159
A,V,176.09491962708265,-120.67029869655151
A,G,-152.78681361131632,61.897649908759185
A,A,-38.656675366765946,-59.97140017822999
A,F,-31.440157452603422,-58.16794757049593
A,G,-16.731043803035266,-103.56096079276482
A,F,5.718833873785911,-136.0909151507204
A,L,129.62389892146942,-56.52208374166853
A,A,117.7021984289252,-130.19578762121083
A,L,80.17500871518963,-120.75901749109512
A,H,130.15221163411263,-52.83677014144091
A,G,-19.40307981214598,108.21498718283296
A,S,143.46264665212345,-95.42228092790512
A,Q,-6.756177653118165,-95.78580719537923
A,E,-27.244552139704773,-82.64749155189705
A,A,72.79192982243306,-150.23323970653567
A,P,-14.570005021003745,-75.90706925303256
A,G,164.10075393310797,94.8036170058481
A,N,11.723510021406938,61.95311962544863
A,V,-25.376482079976928,-66.42720357856562
A,G,-40.49115760213242,-64.46220659094021
A,L,-38.265770157605175,-66.95279295949807
A,L,-32.94499959466512,-66.23696981922423
A,D,-42.161090430136966,-61.77107534908507
A,Q,-43.070841316313334,-65.95647985861949
A,R,-41.399782909162234,-61.396871016670694
A,M,-43.00922437867262,-60.22412760739361
A,A,-38.57561360322891,-65.40089312876732
A,L,-35.47548511050269,-65.43504402789368
A,Q,-41.46980561244785,-64.94772966322488
A,W,-45.5189188621408,-63.33848769408331
A,V,-45.33041759059093,-59.94490866624034
A,H,-46.8252472111688,-58.53909860395123
A,D,-25.65164528450697,-73.54102494205708
A,N,-17.507021249806595,-124.42763811092698
A,I,-28.43400317065222,-56.44580641057573
A,Q,-31.76644959715218,-56.274518860729145
A,F,-18.29776528282527,-69.89496343631461
A,F,4.237522470668207,-99.0324904582195
A,G,1.6810773127756182,96.49409782488512
A,G,150.9916833488597,-87.23945334793603
A,D,105.3619444807016,-95.59211744038419
A,P,-13.734865404145904,-62.958349684176156
A,K,-8.895390339136842,-82.55950359795533
A,T,59.22184854375274,-131.47651387257454
A,V,124.05439570930145,-99.68629047443173
A,T,123.48015576765151,-107.30711576847699
A,I,138.03553780481698,-93.65115133765931
A,F,145.975306286904,-142.44763397348396
A,G,159.4837636009876,-164.94908274020304
A,E,139.45028294035367,-117.1602298061624
A,S,-114.5717832340375,56.80353807072227
A,A,-27.125715066718744,-60.46068022008738
A,G,-35.89297040865468,-72.64129226885946
A,G,-39.21811964132715,-72.76568290078961
A,A,-43.67833762312824,-62.382842063585485
A,S,-46.92093601836698,-57.77110965486178
A,V,-47.31463882295159,-53.013814039994166
A,G,-26.79774338537554,-67.55257575156556
A,M,-34.62549534958333,-70.23941834019641
A,H,-27.059149879355502,-76.4686206085527
A,I,-37.080517889695884,-67.88100856785776
A,L,-45.94280305559711,-78.24650103782739
A,S,116.5924540942943,-66.66903971342815
A,P,-41.321199145046755,-47.9031227176865
A,G,-2.722414236338664,-72.55923209264053
A,S,-26.989445550069465,-115.42723618389408
A,R,-42.1139708662523,-44.346015882335216
A,D,-11.951764475531895,-76.96787261153749
A,L,2.8763283903161256,-81.98549814248061
A,F,166.9022726194686,-156.68826254022252
A,R,-40.55745601435987,-99.37001889890404
A,R,167.1966910968707,-148.1550723187517
A,A,145.72031036766396,-146.9305018037146
A,I,130.07778458899725,-125.6702626906883
A,L,117.21242522100566,-122.59785125117358
A,Q,112.09347316535019,-107.29879157118536
A,S,41.73606497336322,55.08236638549121
A,G,147.8690571605164,-169.77611114946149
A,S,154.8158769919548,-151.7416718965783
A,P,-28.858579032271717,-60.010041806668134
A,N,11.571256236115866,-86.12335934976532
A,C,141.98255178639135,-58.792200726424454
A,P,-21.858483895336814,-61.69514897050171
A,W,-12.44304089981066,-93.950935664499
A,A,-7.2087927093319655,-81.54290029002583
A,S,161.07671147580803,-158.6147727700052
A,V,168.11701211454005,-135.52485852478196
A,S,167.26928541901438,-78.60508226059795
A,V,-30.74357951781894,-66.75052889597679
A,A,-42.207673790530364,-66.27529175224129
A,E,-40.96113985708301,-70.88201111292491
A,G,-45.5034524459258,-57.29346839042497
A,R,-47.25728670366726,-61.19667250337325
A,R,-41.54961684156777,-56.64131784236758
A,R,-36.63024427448329,-70.13148570128922
A,A,-43.99656835891299,-65.27776825630835
A,V,-41.74937103973891,-64.6628150929167
A,E,-36.752512977280944,-63.258153402434374
A,L,-49.389274589620165,-61.93603142331859
A,G,-39.83987316577312,-56.783686612104574
A,R,-33.43006625102107,-62.426327963736426
A,N,-22.112521400153266,-71.6839448356519
A,L,16.423701874410614,-106.37421280054923
A,N,43.47732020056949,57.8923999048441
A,C,155.84854684195096,-88.11472512417627
A,N,127.23999645080247,-70.6918638383583
A,L,13.688764070205915,-106.18841663136399
A,N,-30.22528728194705,-60.62082971826276
A,S,161.98761249273647,-155.40384241539658
A,D,-43.92248394027646,-54.44765043139943
A,E,-42.555499449777244,-60.96222785910906
A,E,-49.99211025767994,-63.53838561499071
A,L,-52.308605003698524,-56.42705865941457
A,I,-46.542495845904504,-60.747635843754225
A,H,-43.07071784331495,-58.20194669458256
A,C,-45.49799719820837,-63.199757164672626
A,L,-27.752778417621673,-62.98299499199445
A,R,-18.448230011250537,-78.65786697711265
A,E,-9.870320286389148,-87.43016423532701
A,K,146.73571754054274,-79.87846648126589
A,K,155.09185782048826,-69.91074025996669
A,P,-49.47896003114368,-50.12893673147146
A,Q,-22.693867977346308,-59.82665366393938
A,E,-34.92282762720246,-71.50495117991646
A,L,-42.38318734284568,-71.81009091895778
A,I,-36.192222509131625,-66.15635604569098
A,D,-27.387795233672453,-57.86679463040775
A,V,-0.6685275628478013,-115.67545784244278
A,E,-44.75808555797719,-44.92221290276862
A,W,-14.707418160578484,-73.343698513583
A,N,-10.91174552739907,-72.39139763856817
A,V,-0.198713613794323,-94.67046514561893
A,L,143.97194110948652,-60.234707012180436
A,P,-24.98488768172877,-80.82974222425752
A,F,166.63190822609056,-126.94396992992624
A,D,113.3558379703181,-77.33831648174046
A,S,177.8377146620911,-151.0091865475658
A,I,148.67883430055582,-131.5058454470098
A,F,37.87870182511074,63.94849401673449
A,R,134.2752016481224,-136.76521040354996
A,F,148.46497525320032,-124.03254316091106
A,S,-60.82103667408701,-61.0281037011169
A,F,111.94913405874772,-110.27289097603405
A,V,172.40849682091329,-137.186646564881
A,P,148.11696692038154,-48.50502008524712
A,V,142.31684333435183,-117.75496576728729
A,I,95.75733670598235,-78.16737432976683
A,D,-9.47981820602844,-102.75547049637439
A,G,3.4105743866721183,84.75287975573751
A,E,-75.97453162835409,-125.92830493328596
A,F,-43.41354956968718,-55.49155103016675
A,F,109.0546356203495,-111.98812246803776
A,P,-40.8416627533911,-59.162899778419025
A,T,-171.20782856500435,-139.57546178519058
A,S,149.7116765011468,-56.719974811524196
A,L,-41.44479556266098,-60.41304021823243
A,E,-41.38113314599326,-61.71099491257437
A,S,-33.258272854377495,-71.7055515065056
A,M,-47.15696324970091,-63.75954792609903
A,L,-40.387926591434436,-60.4704733006908
A,N,-34.76473479529582,-70.52273328252268
A,S,-0.22414324168608252,-92.18634913220933
A,G,22.8341528338196,74.94952130923392
A,N,77.28040421606146,-82.8611366220345
A,F,164.40139498011428,-169.95372373269876
A,K,130.62183999946905,-62.8290778655492
A,K,116.02514049084809,-100.856571557173
A,T,-159.4302522065025,-159.96254619421288
A,Q,144.8782136140298,-99.13213781650927
A,I,149.45199076739138,-132.70056911909245
A,L,130.25786930363577,-129.9837378258832
A,L,165.09366336051136,-162.50314446647744
A,G,-174.736688116523,-179.71982804125466
A,V,167.7976809905725,-136.20045823509443
A,N,156.53879859068593,-100.24466388007185
A,K,-45.808627438424004,-57.23467429136372
A,D,66.09999944160863,-119.21451912531406
A,E,-30.328712853699933,-61.28751091249109
A,G,-22.02207424546271,-78.62821941569456
A,S,-43.318018637530415,-52.72091982970099
A,F,-40.81104896883526,-54.39229929499246
A,F,-28.54860447112955,-78.78150162776011
A,L,-40.64061239582393,-73.2663064225634
A,L,-46.719871879132924,-57.80160153272601
A,Y,-24.47470223389207,-75.0366767332448
A,G,-11.103525099722633,-139.17627013236552
A,A,140.65080389991132,-86.36090936438218
A,P,139.18837887082833,-64.55014609412741
A,G,-20.2587110045897,102.30823841941678
A,F,137.5908245894886,-96.47490135274916
A,S,158.3423896693717,-146.13881768108274
A,K,-34.502672601073165,-68.37180740674712
A,D,14.228906768007125,-102.51435297238112
A,S,171.6693100581256,-128.57132455489213
A,E,-10.59583875425485,-75.74558813126644
A,S,45.982034182871075,54.28109700037441
A,K,133.05465534735686,-72.65819161990011
A,I,129.7006909234108,-105.3228983646959
A,S,162.57315748935687,-71.43226159997899
A,R,-36.07706644739068,-57.14227434783536
A,E,-43.468583016251934,-71.16498321860298
A,D,-30.24245288660792,-67.56954820987248
A,F,-49.75344299096773,-61.82108378921907
A,M,-37.07882265298095,-64.86762253783677
A,S,-29.111500223854076,-73.44976065330623
A,G,-43.15048374015774,-64.0854322342758
A,V,-34.27536171914845,-67.43421649354552
A,K,-44.4789762950638,-60.35015616798185
A,L,-33.602109130409275,-64.30557413065418
A,S,-28.206000683227874,-74.88815262006973
A,V,67.44236314301573,-129.72745390996826
A,P,-27.878310259350037,-57.52787292942487
A,H,8.494549240270521,-83.28175072382041
A,A,143.13591035603744,-99.62589549567542
A,N,-178.16305725665538,-80.95449893310526
A,D,-37.77881416645478,-63.33930999023922
A,L,-45.71792981331104,-61.14943513098219
A,G,-46.27483515549484,-60.25650838663479
A,L,-42.443928653873044,-59.14674760064901
A,D,-44.21031739693959,-61.08731905824709
A,A,-45.46094663281707,-57.303693001022936
A,V,-48.32004456940774,-62.0746786974685
A,T,-46.91829318970661,-57.79553997779993
A,L,-38.46065212343519,-64.34847897135928
A,Q,-29.028950014839854,-63.96762276339407
A,Y,8.732743948734011,-113.08540307693566
A,T,131.62388274632252,-104.19788713764102
A,D,103.23817318182664,-87.71816073259305
A,W,-5.507856558344849,-72.43538503796663
A,M,-4.557004492775927,-86.95479298575673
A,D,52.816788404235815,-160.74842458542162
A,D,-11.077688951868998,-69.3930855979539
A,N,10.293264221047094,-102.78614913610248
A,N,114.55779267177714,-72.9768520731148
A,G,-42.812318132167626,-59.82950951186136
A,I,-44.64261540950851,-66.32909925871371
A,K,-38.92296019880312,-65.15756156345077
A,N,-42.531776001666145,-68.11222979539164
A,R,-55.9939365109212,-62.22127312702417
A,D,-34.160935650122,-62.78258683122773
A,G,-39.5488501383587,-64.87370036530471
A,L,-37.4093190835802,-68.63228416699837
A,D,-46.957240680946015,-61.26469307140255
A,D,-39.02251613630982,-63.712934630530114
A,I,-52.24895091988831,-57.79008693157124
A,V,-49.09910195804801,-61.051265283794514
A,G,-43.70922572175413,-63.915830762161924
A,D,-47.57044518307844,-63.53437173900843
A,H,-42.43890186294391,-67.57989871809491
A,N,-26.302304268698112,-90.77945602995764
A,V,-60.32232606746526,-128.01880807388935
A,I,-53.29729027062948,-62.902091346663354
A,C,-35.75511943428363,-69.21456245200396
A,P,-39.812007889716746,-62.50804837866081
A,L,-39.626596969342394,-66.35022698990595
A,M,-37.01513170687918,-64.18003386791334
A,H,-43.39239392313156,-66.87354913458253
A,F,-45.6445546779532,-61.394116084936904
A,V,-34.225320585222484,-68.28523405528472
A,N,-38.30816256677841,-73.75595737876287
A,K,-43.313307238846775,-66.27563114135573
A,Y,-48.192333150154326,-63.236013670410124
A,T,-29.577866163487133,-53.43111553526208
A,K,-36.33946192462076,-59.87754964139794
A,F,-11.837655344412617,-112.58530556204968
A,G,-179.33762285016718,-78.45426427102875
A,N,18.812776291863507,-111.74542711538744
A,G,124.7834198376363,145.42917857052043
A,T,133.5274049525736,-127.44842693309795
A,Y,123.3835268344524,-125.58033028460319
A,L,134.42670113038523,-115.8967323173435
A,Y,160.24332717105818,-125.21438568295319
A,F,107.1586973311527,-128.3658285863687
A,F,116.723174802532,-88.64434844843893
A,N,34.38395808948345,-133.91843157523323
A,H,126.0247350282135,-100.63965448918512
A,R,114.07752715414857,-89.68698379709214
A,A,134.12037135975768,-59.296031857107074
A,S,-25.710439486473845,-59.73101606904728
A,N,21.189489275912305,-108.48072955917121
A,L,132.99844157436218,-62.592660596899805
A,V,-10.036800520885304,-90.68481026912313
A,W,158.45637939831545,-77.70828271188053
A,P,158.9947493126618,-66.92477152627434
A,E,-39.17787605674013,-53.59762288637696
A,W,-24.12315661474233,-60.82278529313239
A,M,-17.631262647505554,-76.96035290190711
A,G,-131.55125262719807,63.21119443493647
A,V,92.61738470019179,-97.30633491562794
A,I,147.6394843001893,-70.51916657326593
A,H,123.156578841343,-52.33193854457828
A,G,-11.858407058285563,96.37200771426154
A,Y,11.193908357061778,-88.77011155657785
A,E,-17.80993926563641,-93.28105735249662
A,I,-46.755145892697996,-57.42012691729985
A,E,-28.00712215017102,-56.28514362581929
A,F,-36.65440767803052,-79.03080811322202
A,V,-35.01107183940895,-66.93612864703452
A,F,5.9837601945610235,-91.62858741967435
A,G,26.484575110503236,70.84749232442388
A,L,-33.400386225682574,-61.071715830677434
A,P,-10.028231263103347,-65.16862642233541
A,L,-18.941338643562823,-77.95390209646675
A,V,112.12604744673072,-94.83282157290685
A,K,-46.01190162955064,-47.04129382054542
A,E,-14.708121481522186,-58.00393243070584
A,L,0.14449578712058556,-85.2764618202543
A,N,34.74849386772124,68.11875183876036
A,Y,167.56357703878538,-92.56129317085127
A,T,166.90127031313605,-85.33377165296027
A,A,-34.30459663206821,-63.62724312274203
A,E,-25.242767798154727,-71.44231428495804
A,E,-35.541733265269215,-76.31231496529642
A,E,-41.74206313138425,-64.87518863766215
A,A,-38.53192297389329,-66.10773556522048
A,L,-44.607981233698666,-61.32979401195873
A,S,-46.038962088857616,-59.63556017083472
A,R,-41.69472958454124,-62.03742667080688
A,R,-31.290897567432353,-71.41987448170879
A,I,-48.472259914054526,-66.98420801200197
A,M,-38.16306368038889,-57.7521172505482
A,H,-38.03631611537029,-72.92391225094754
A,Y,-47.925626303293114,-61.607377851099876
A,W,-47.4992515454041,-60.00772887241156
A,A,-36.58102640601741,-70.99622013368906
A,T,-37.57328760054868,-69.18610684940236
A,F,-42.082842520015916,-67.00628471303273
A,A,-40.11391434092018,-59.35378160004239
A,K,-39.83350257800873,-73.31700748046285
A,T,-11.848770165754335,-119.44667442463113
A,G,11.552267475601612,86.38460273917417
A,N,121.9867073320049,-151.6669022412903
A,P,-18.426195449193656,-66.72940795433705
A,N,138.8010395557209,-82.18241249491923
A,E,121.04272157723429,-74.6824170943278
A,P,44.697423452659194,-49.44480779853477
A,E,141.66120064872592,71.83024336217971
A,S,126.62153563370651,-51.452900061269844
A,K,128.62364264507704,-91.2512499703815
A,W,111.86362583606687,-79.60198510844656
A,P,156.6944738179053,-75.9031012958017
A,L,138.59571475337046,-66.90770533709448
A,F,123.37708719808622,-83.91790923311108
A,T,159.9119571049424,-120.94037915759247
A,T,-40.64664592980922,-56.716754485265945
A,K,-46.95524419948069,-75.8435318698727
A,E,-32.07694308465721,-90.47216702738699
A,Q,41.51058558184081,53.410668247756846
A,K,151.64326179233692,-77.73450864053983
A,F,164.02930564083368,-152.6135153255607
A,I,158.72401277079646,-119.18252594588083
A,D,150.56139545688285,-87.48391593149832
A,L,106.84062404814536,-122.27561724602478
A,N,-169.08180774397593,-164.68116426015402
A,T,0.014402626047737494,-82.78424238289004
A,E,164.12252933075905,-93.21283392729269
A,P,133.60452818027608,-59.625395177741076
A,M,129.73530699775847,-45.56895727710421
A,K,143.3982857716387,-122.07268684008166
A,V,137.74095712424523,-108.01428875328365
A,H,-177.82554083518644,-135.95223655166689
A,Q,151.3272504375364,-138.1254389648041
A,R,62.56226043611961,54.662672588376616
A,L,119.26789643917621,-48.17191029366876
A,R,45.09446033086282,40.0258875135652
A,V,-45.06883216130861,-57.098630494593145
A,Q,-55.63429477727637,-53.34887799873833
A,M,-37.485906645436856,-69.11168648546132
A,C,-23.269563132194335,-71.53316975287488
A,V,-38.7622868107451,-67.6531798647929
A,F,-51.96694226423225,-60.355451590243824
A,W,-33.70335589939176,-72.15288249544643
A,N,-22.265591197207012,-93.01165083996358
A,Q,-56.49108467529761,-122.17196564945506
A,F,-54.72725650664968,-66.92392068172089
A,L,-48.99554874459155,-56.92438064039594
A,P,-39.97737369418358,-59.29485971082514
A,K,-42.96781024690566,-62.110038492975036
A,L,-53.77133739008576,-57.408036345412725
A,L,-35.76362403791153,-62.49292350663525
A,N,-32.648081943666945,-69.71669527070176
A,A,-35.75453900700353,-82.54819183808387
