Chain,AA,PSI,PHI
A,E,156.0099692969304,-76.67863818048485
A,S,163.10007267935663,-156.47640974671629
A,L,130.82930873725286,-135.4457219668966
A,T,123.87573143088673,-109.42688700853401
A,L,126.3959001378175,-98.95808566882178
A,Q,155.7998037537004,-81.61374365303809
A,P,139.16221711060126,-49.754779838325135
A,I,117.90645839964617,-106.3743902200983
A,A,-35.47728970928482,-68.83725518870692
A,R,150.6537945454177,-162.1077514876341
A,V,143.08255982383665,-122.55027695358712
A,D,136.4204450482758,-171.4592339781649
A,G,-170.04008233030436,151.28453242213178
A,T,134.63872044797574,-125.30089719191879
A,I,127.12282144364576,-119.58638188865747
A,N,108.33811416818261,-89.28356480904138
A,L,143.68089922234333,-59.946523117988164
A,P,165.37271289112502,-72.19434602191855
A,G,153.6010251103103,-64.63122971943895
A,S,127.27628797220287,-65.5917249437018
A,K,-41.8228287744431,-68.76631247494595
A,S,-48.731422788982435,-59.126797744382834
A,V,-46.02747726238543,-67.50477104225574
A,S,-52.72221310009892,-52.782900429641266
A,N,-29.391540306797772,-70.62184418923896
A,R,-44.880710299988785,-69.46587780030936
A,A,-39.06010167750342,-61.78702224663979
A,L,-45.55293879820441,-64.79087567166827
A,L,-48.278351595319734,-63.37379001644512
A,L,-40.07807728857603,-63.142894885451724
A,A,-37.61159662654996,-60.749589124233296
A,A,-36.263962252172306,-69.34873092683537
A,L,-25.095408832716238,-81.35948141150321
A,A,166.2300386793057,-71.22723794334046
A,H,134.52457572414826,-96.6072564782095
A,G,177.2506895235673,103.23353725002013
A,K,126.88968252796712,-99.60027585908406
A,T,138.0753125115807,-106.95555970264324
A,V,109.14214466188353,-116.53251547512683
A,L,134.4546656021878,-93.4746747213179
A,T,153.51691978842976,-120.81098852621362
A,N,28.573697236499907,63.57348752932031
A,L,143.41639501121972,-66.64433455322767
A,L,133.11487534227027,-76.52707245871346
A,D,104.8507424975785,-105.92506994530088
A,S,170.83032343764125,-159.50592721898016
A,D,-42.867381166965025,-56.77810481012005
A,D,-42.67457454504681,-57.90472671470811
A,V,-41.87372518389006,-74.66919353035063
A,R,-40.40317539138921,-58.14233463061964
A,H,-35.74431612234344,-66.92670567311646
A,M,-47.47041501497508,-65.10056339763327
A,L,-41.03663757782802,-59.078935508951304
A,N,-42.62234192420423,-61.69207344394168
A,A,-41.4770848464812,-64.68170545930015
A,L,-41.44973771384019,-61.43171475636537
A,T,-46.4936421440054,-59.73510154271306
A,A,-34.74760132868967,-60.87247171954877
A,L,2.7716317200856637,-80.20882248422242
A,G,9.673964812204071,87.80387848406454
A,V,134.283826720094,-81.98667997013513
A,S,135.2385012689633,-97.3197629671375
A,Y,162.69279001264644,-157.9617351021664
A,T,143.67364699849685,-133.28630979840318
A,L,146.3438183801325,-115.5292818152827
A,S,172.82161622894085,-74.24377293179259
A,A,-48.26467582069258,-54.18280390042704
A,D,12.401087736204065,-84.73198143191546
A,R,25.657712548171556,52.53030771270006
A,T,-7.182858878075568,-103.9680848366546
A,R,124.97080602173337,-120.3804974263224
A,C,127.83081972923154,-132.02801628789112
A,E,111.267285485444,-105.96187390543565
A,I,134.91539816065676,-103.91156983038842
A,I,104.73546359769773,-91.74814697170223
A,G,143.36480524085778,-56.30284793798396
A,N,-20.022681656821035,-76.6527165390224
A,G,41.8380329912728,72.61923028829402
A,G,178.168938597253,133.29091051593286
A,P,140.32786860906498,-44.49368471312274
A,L,141.15556902673848,-79.47457877099895
A,H,131.68909587867623,-109.7075841784066
A,A,115.83802305193521,-147.69517589765601
A,E,177.9507691866129,-121.67657480440356
A,G,1.24479990237387,90.26792812682878
A,A,44.24473174381521,54.63318760422527
A,L,162.1389284611324,-81.22407872084582
A,E,133.79278778664232,-93.9167759825597
A,L,114.18043037838343,-110.447869415289
A,F,118.30834036316563,-94.28006419133526
A,L,15.83752945264209,-102.17636136176033
A,G,-105.87861659373976,58.03916274845531
A,N,23.05116329682999,-140.35044763311677
A,A,99.43104432915318,-89.99460127833967
A,G,-30.50176319527112,-66.85804470804102
A,T,2.9749059930809967,-75.59234960558909
A,A,-50.3907299662458,-108.19314152209881
A,M,-56.12747442321842,-53.17911357685838
A,R,-54.399724132702566,-60.67918427814112
A,P,-43.50725535177946,-60.819986097207995
A,L,-32.05687726538347,-69.12660958844661
A,A,-41.400493250476785,-58.95762626154259
A,A,-52.456212562558086,-74.37767551450362
A,A,-38.36354448927092,-57.4909020670608
A,L,6.519348591922307,-78.24626927405073
A,C,-4.453050491412541,-91.1057749870887
A,L,133.91510791756275,-80.63986578320899
A,G,-145.21839193790882,85.69808961422856
A,S,44.33111813676299,-122.49746803216613
A,N,172.25890497385055,-69.87621939939812
A,D,100.57378885565738,-155.75531895488038
A,I,151.5799035044571,-149.94287526382544
A,V,124.04136837357817,-112.01947665749289
A,L,132.54596330917582,-99.50080313212275
A,T,-173.81191202293599,-155.58574058511667
A,G,-158.73788874074197,-172.56051762136025
A,E,157.96678315343357,-58.879701803460925
A,P,-42.60647651033356,-46.97178287331195
A,R,-27.51099386732054,-61.63027032331823
A,M,-33.616835955463465,-63.38552542091415
A,K,-8.215055148891157,-68.57582951946364
A,E,-7.535076041063417,-94.80186377842809
A,R,126.0338407340304,-93.98637887752642
A,P,144.52999604909226,-61.485576694635746
A,I,3.1835877087355837,-143.93012644631577
A,G,-43.237833466299314,-51.745967608171206
A,H,-36.46862510017373,-62.428031468625555
A,L,-44.527180209717024,-71.72674704260042
A,V,-43.74786599881598,-59.1631552442935
A,D,-48.30766914754766,-55.77256034590131
A,A,-49.82521598831765,-63.27502362865978
A,L,-45.2372512946158,-54.25523420810156
A,R,-41.53309517418515,-60.50445386739482
A,L,-26.263357005841296,-61.61108485827498
A,G,1.8448459602482026,-86.09281636394185
A,G,-10.816288687615883,108.60353107607745
A,A,142.20928240681326,-64.87100959684138
A,K,115.34262865831664,-102.28606888612875
A,I,137.51999212776815,-136.16623659823435
A,T,132.08327935213364,-127.48306946734586
A,Y,122.2468058458794,-82.62399350916752
A,L,-16.99148788131684,-84.49675354252963
A,E,-114.33007488844581,-131.87368565142197
A,Q,132.60726691321267,-74.65499064587254
A,E,142.60319001608624,-54.94622391976779
A,N,9.240560256396188,73.65947332009695
A,Y,163.2018035791868,-138.85840339134506
A,P,163.65194139977453,-72.73724438662423
A,P,151.956343303617,-75.66103791126457
A,L,145.92610271982156,-122.73866595071352
A,R,115.23690306986819,-110.38651414720758
A,L,127.87541122296226,-98.50272098973248
A,Q,34.79786863332802,-123.8433337892717
A,G,-165.00925756872215,63.45418619333873
A,G,-4.484118166835115,100.80667040567168
A,F,110.98607416746108,-71.97659336923739
A,T,-16.090434144425462,-109.14331498609454
A,G,-149.1575053119942,117.19372946137574
A,G,-158.71543233987205,98.10156373383246
A,N,114.56875492670588,-84.15299581114114
A,V,125.29085126764615,-124.55299682789908
A,D,147.63822380169793,-95.07008754523372
A,V,134.02686265726126,-146.4322125779803
A,D,121.83789455718423,-79.25118729602694
A,G,17.58714063115747,-112.64344738030628
A,S,-18.50457384623237,-82.1273112132432
A,V,-39.38136829064777,-107.37567998955798
A,S,135.90863275071035,-149.5831772887148
A,S,-17.743710626021798,-75.18378007429166
A,Q,-28.11064216289702,-63.082231246216544
A,F,-47.389236640440295,-68.26071326278274
A,L,-44.00275058406929,-59.646788306371775
A,T,-47.32635217560779,-54.85367008526881
A,A,-44.630687859418074,-61.022087675461144
A,L,-45.07201683168477,-63.32349906973404
A,L,-41.647084370892166,-57.961272083195766
A,M,-31.35871046984147,-73.03555423849309
A,T,-42.62424799556027,-81.68634738483166
A,A,-42.269883425521286,-48.440236910685684
A,P,-29.082611322439707,-55.540193310674724
A,L,-11.346844367247883,-87.23423080382332
A,A,149.41576928702557,-68.04914394634065
A,P,-31.566970718017394,-63.858519848174005
A,E,160.68387259372898,-105.69564349279048
A,D,150.72334761349794,-68.95313406490219
A,T,137.67599940515123,-124.53096657176974
A,V,106.09608392146075,-115.76325201940959
A,I,115.69749286488987,-91.76675154334012
A,R,125.73925621162881,-106.70896140356376
A,I,123.39940597054249,-82.70076674159723
A,K,-49.82429762394957,-54.920546608493176
A,G,-111.32764002963499,-150.0597108342777
A,D,152.81707514804938,-73.04982720468308
A,L,114.32261263083744,-125.124058338866
A,V,162.54699694473493,-94.09996523630917
A,S,41.562183171479994,51.02761587597425
A,K,-40.028387574571695,-50.92263434322239
A,P,-29.435404883481002,-53.748818832485824
A,Y,-25.191109768362594,-69.4455485446381
A,I,-35.895113650205296,-68.19727802983408
A,D,-38.15899267302648,-66.28460731181623
A,I,-48.72563799647695,-60.11267920364396
A,T,-51.72738090053887,-54.96904324443454
A,L,-39.58368499293639,-61.40274062350339
A,N,-49.30637568154792,-61.31440006546263
A,L,-43.60518878328108,-61.49023296086859
A,M,-44.44148450451588,-58.631312643359436
A,K,-37.56437925813735,-64.57729612895737
A,T,-37.36117002902111,-59.5790372639749
A,F,17.77685040519131,-88.80986432137351
A,G,12.69356164337623,90.03603837509694
A,V,133.2849418402296,-129.4383954656269
A,E,153.7485689881363,-127.10326181583902
A,I,172.240430342507,-135.33858940819425
A,E,112.94107131497444,-97.22722736899254
A,N,115.54977200327144,-95.24918376662498
A,Q,86.4579345603823,-102.45802150991963
A,H,31.580133491453992,49.06918544422013
A,Y,18.450498749170386,62.309357471137034
A,Q,-25.485519273020106,-103.7483581137406
A,Q,142.34226673248733,-155.41174489658692
A,F,121.48934355047992,-126.37938272719099
A,V,119.04428505925516,-95.9852321728543
A,V,128.81246548123988,-119.33278462038518
A,K,131.08691868760104,-85.01773074580329
A,G,-177.79624718403608,-82.34542608782552
A,G,22.58275269801194,68.10255330576858
A,Q,176.20656020500584,-93.56681032296913
A,S,141.1379175475806,-141.43963711456757
A,Y,142.65312249265202,-85.44224970169506
A,Q,137.83563743508455,-121.34903966704435
A,S,134.66473628693058,-58.87495363876303
A,P,7.055255879977473,-89.42651626199535
A,G,-109.98873750535888,86.8049135959605
A,T,137.6345772944145,-99.63963302253111
A,Y,127.84713064754276,-129.7699163015399
A,L,119.08809074517806,-94.46093986213313
A,V,127.69925617092095,-78.7680205485213
A,E,151.7562875144816,-62.81770557912939
A,G,160.98429343259843,-64.1397490728039
A,D,112.83868762765357,-80.4989181006743
A,A,-27.399601009365487,-69.23147687132956
A,S,-43.489387422573465,-71.86532090121273
A,S,-33.92512583582409,-64.59654490730816
A,A,-26.571695915290185,-64.80893015184058
A,S,-38.120297464084224,-58.17429859607379
A,Y,-43.90835567025414,-60.2275755758518
A,F,-39.05708611523535,-72.66759573386281
A,L,-41.18396570421306,-66.5761748937336
A,A,-39.467297940172266,-63.73332041760229
A,A,-42.19785820437744,-55.27547192739429
A,A,-41.61961999481072,-68.74115466414344
A,A,-30.38500958968764,-60.14955391699054
A,I,-46.5806611194755,-89.84305809194456
A,K,20.746120349262732,-130.39012484849573
A,G,176.9488574971035,-82.63844591152773
A,G,171.2732209976886,73.75523861836535
A,T,129.83144905649863,-127.05386155801584
A,V,125.11389496735292,-118.65634529623162
A,K,132.0764296295908,-109.71224335823028
A,V,134.69599044642462,-112.19958959764597
A,T,152.1424806656629,-111.76727325492236
A,G,-15.259407506763628,116.16860535529344
A,I,151.01223600627512,-139.34216082698876
A,G,-165.43501835879522,-153.79171729304352
A,R,-20.106718991385982,-60.627584151862
A,N,-4.5033131932456385,-93.097450991177
A,S,145.44871084852966,-52.75783109481506
A,M,-15.685905423458854,-86.88555072430778
A,Q,132.29418272764855,-74.5738984236338
A,G,-26.38413794324956,-64.48104406211411
A,D,-7.506317023728005,-67.25040588164674
A,I,-18.5142409528219,-69.5180984417993
A,R,-9.208069706498364,-69.95626165173226
A,F,-33.96474393831349,-61.26514729170748
A,A,-36.18647417368452,-60.43657330523217
A,D,-34.61676671002573,-63.41372988403049
A,V,-44.991725424220775,-67.26301215544899
A,L,-39.35742076403715,-60.94636160708236
A,E,-43.26546096037356,-63.06803451678214
A,K,-28.43186009549368,-64.78430037711176
A,M,-15.988973205086191,-78.55623589932777
A,G,-5.0256912769111945,124.90864052757381
A,A,162.60963943803807,-81.89223299592985
A,T,129.7136075986513,-102.0429127190787
A,I,138.51905283854387,-116.75670642502016
A,C,130.87446922848102,-121.9653859061676
A,W,132.74779790007852,-108.07960748875895
A,G,176.92414316128887,-125.48803268643086
A,D,-38.36305730940753,-67.68270673594598
A,D,32.386523588704954,-129.95871424916106
A,Y,162.40667936080803,-161.0340180617035
A,I,136.25116684681993,-140.5497227195647
A,S,153.7759425952353,-131.41206459352702
A,C,135.2377115929842,-130.53081168960378
A,T,135.7482981108588,-121.68618903443684
A,R,134.97441813474083,-52.08718760462707
A,G,-95.71226203062814,-131.44804520891495
A,E,172.8870648124221,-146.5233319865894
A,L,118.90392895473457,-132.68571398846913
A,N,138.89889771405336,-119.15625585807581
A,A,151.99751311876364,-59.06249283023939
A,I,165.19352037873585,-133.30090070952303
A,D,101.94098155384641,-134.29010890241236
A,M,156.67907020806132,-139.37033579494909
A,D,122.3203295930599,-81.60554867948632
A,M,18.388021508604705,-108.83275717002563
A,N,-25.186180423085403,-59.632937045449914
A,H,-18.75399827170563,-79.24116870897335
A,I,58.24017411725094,-137.88117054593312
A,P,-42.105019038997256,-50.24251340173565
A,D,-52.275249284322136,-75.69264844921742
A,A,-23.430348285562694,-61.11468733017282
A,A,-31.43752376130791,-62.95716146999994
A,M,-36.08269373677934,-60.689477289536626
A,T,-39.63661485332688,-63.75850102230619
A,I,-35.34167615359116,-63.6280568276521
A,A,-41.73389123624716,-56.59921003614309
A,T,-28.384728890741062,-84.30553825124511
A,A,-29.98309309715721,-63.204310277852855
A,A,-26.250693798177323,-58.70060120064071
A,L,-27.162233045222553,-59.47169165733007
A,F,2.057386253547638,-101.86052046276693
A,A,157.11089314618349,-93.91327581454576
A,K,119.67152279042244,-84.31801583478891
A,G,178.96513017154876,102.78979530154841
A,T,124.42147655694592,-91.78012900422962
A,T,136.37008157034623,-95.25387053450136
A,T,125.86299223179036,-126.06887067680846
A,L,119.12687908050923,-114.3872203169424
A,R,162.04376648240103,-110.52274901441179
A,N,47.71813446926969,58.5678713393932
A,I,39.609395442061896,-124.60538353510461
A,Y,-44.288001867704004,-53.994231033222206
A,N,5.206960702589014,-66.39904164489252
A,W,-31.179643740662062,-63.771524529723784
A,R,-23.77767917734283,-67.73752950001412
A,V,20.452238809132744,-109.61177782607567
A,K,-149.4726067013487,-99.47897195381319
A,E,-30.13617623591185,-43.37178626614635
A,T,175.11303972622972,-160.84138072040957
A,D,100.47796918436228,-79.85367881096512
A,R,-23.730430499028024,-67.93120633008927
A,L,-46.08980372330121,-72.28358794314086
A,F,-50.043817721666485,-62.22592808584204
A,A,-50.34347346724806,-61.51555114697474
A,M,-45.737126423496775,-59.63237722108985
A,A,-45.774433924375074,-61.74531027908436
A,T,-51.798878137145,-59.299880536052925
A,E,-34.221893575827586,-71.28763641926788
A,L,-41.01737109923771,-63.589445722592984
A,R,-31.402298852037315,-63.928002220321446
A,K,-30.276306018309675,-65.44299292815971
A,V,7.860526584617655,-91.48496910579213
A,G,-11.40971270333133,113.60109412621989
A,A,152.26162802471706,-75.65855472456074
A,E,122.8373141749381,-96.39382144376388
A,V,133.43696871245967,-130.68181163886132
A,E,116.92051046255793,-104.31085793841937
A,E,97.86014258979584,-89.86787157947576
A,G,167.03736098771412,-79.85942249537058
A,H,-40.06648821189016,-58.68395633486024
A,D,30.564162045678003,-138.14203631673936
A,Y,171.41238001109673,-157.04134929283387
A,I,135.56218189892277,-146.29150717135687
A,R,125.47910440355845,-118.97755152233249
A,I,118.0616546055311,-118.11998880782177
A,T,107.28743327906133,-109.81804737683011
A,P,148.1871215310736,-64.3143019748232
A,P,169.7781407060121,-80.72798183668719
A,E,-36.55318860056775,-63.72941314076434
A,K,142.61300417084598,-147.71907349436603
A,L,158.4128183687832,-75.78150766120638
A,N,164.01048526779715,-126.66975714559658
A,F,150.0140845003041,-66.3843634863
A,A,148.32415796634382,-159.40060405766442
A,E,105.89033731589616,-95.95642600646784
A,I,125.40381921158301,-77.49377305888059
A,A,136.93455376107121,-82.3104017940249
A,T,-5.257141416370024,-107.68915388861589
A,Y,29.25210731290275,54.958241668891965
A,N,29.109926815933516,56.80679706937234
A,D,112.58378851766757,-116.71817601799505
A,H,-38.07417654698441,-50.58496457244121
A,R,-26.01915000684706,-74.06234883249037
A,M,-44.12635460247294,-65.48786704754431
A,A,-45.08574036226698,-61.257398743388194
A,M,-42.31586514082231,-72.21741782312382
A,C,-45.97287905577212,-59.199091258719164
A,F,-9.65997068791387,-76.47598372341683
A,S,-26.371445595880147,-63.87534576331035
A,L,-14.292063961002231,-68.6209102946125
A,V,-26.255321279986983,-63.06375598372908
A,A,-11.327034762566443,-69.68901565303572
A,L,40.638786756590704,-81.21733228870401
A,S,-161.28413170663103,-144.60785359907317
A,D,-10.169504733780911,-85.54082072898403
A,T,141.29787270352273,-108.79164965202646
A,P,172.50696904149143,-77.26618894142192
A,V,141.23856787015922,-145.16144956487364
A,T,125.84125424906301,-107.66987901950736
A,I,118.07673393624452,-105.67509540459601
A,L,149.8986992286904,-76.97955426201125
A,D,54.32951902767212,46.09675718266177
A,P,-27.702570140219017,-55.78637435933869
A,K,-12.47526875664084,-65.97583451893792
A,C,-13.229276405074355,-65.20620029169564
A,T,-19.364876461206386,-67.61113196835426
A,A,-18.218908192173267,-56.45126294169472
A,K,-42.6168778934764,-53.4972385934183
A,T,-11.936129566427004,-132.471873945566
A,F,73.7571501139339,-152.89669399118162
A,P,-37.96380639405744,-52.8127211235369
A,D,18.459666129687417,-94.09317214038408
A,Y,-56.867934815056536,-47.12132510941042
A,F,-33.42524742108487,-64.33554725570008
A,E,-38.75368793628878,-68.92734372033468
A,Q,-41.27920051826873,-65.78472766375555
A,L,-40.19081970977758,-63.10900293224167
A,A,-33.857945179041195,-65.6847667795067
A,R,-42.14965710169803,-57.093986556295285
A,I,-3.272279496724013,-90.80718434978894
A,S,123.19783833668156,-79.11205549462757
A,Q,139.50298801790126,-117.38640574087361
A,A,-26.959981935999767,-82.76453594201817
