Chain,AA,PSI,PHI
A,S,-58.227305800729404,-95.99777344580971
A,F,128.4705738539907,-127.76523571179324
A,N,129.06193533114597,-153.0976844336879
A,A,20.106271471475644,-83.84955615827161
A,N,-52.83938064774023,-56.21914056234906
A,L,-39.875338664751034,-126.00557766989532
A,D,-57.121217390939776,-56.233375274656396
A,T,-25.356109124844245,-70.19727163880198
A,L,-54.47532164013283,-70.03284595641918
A,Y,-24.196528155783547,-72.27958486456633
A,R,-49.61748231284653,-56.99045318258314
A,Q,-36.862184874258254,-68.026657049941
A,V,-45.49966731591546,-60.249454821452936
A,I,-31.418841357889832,-78.61131235618573
A,M,-40.65073592647738,-68.38328506441944
A,D,-34.487439293001835,-64.89185980671373
A,H,-21.303190271902555,-71.32663235109348
A,Y,-31.186250784837732,-85.96708174556639
A,K,-21.361015632512295,-67.36680848694606
A,N,80.16018935099189,-128.35011635606804
A,P,71.5456009556574,-73.64600407595404
A,R,125.53383044342198,-134.4458153096651
A,N,152.41265923035974,-167.20040492873667
A,K,94.33409634814329,72.64307839881099
A,G,162.97147912384054,-156.06997476260727
A,V,119.47240284918546,-136.9403185333569
A,L,101.16407209180369,-115.41028339471609
A,N,108.82061649772382,-87.23180848681528
A,D,-72.87976115802628,-152.975171191499
A,S,-71.8860830644846,-113.87523084319183
A,I,127.26344832150262,-108.24785364698731
A,V,104.90030314331936,-126.44244704525956
A,V,114.33412390126091,-130.04722935542236
A,D,154.0590730913221,-113.92706550687717
A,M,123.39478578493677,-140.83271531174347
A,N,152.0398716509867,-109.7072788643528
A,N,83.08025103900131,-122.04867543999055
A,P,-6.714477013149352,-63.80317868163531
A,T,-43.18178668659041,-86.10781499980591
A,C,-24.933909251838728,-99.82169600417515
A,G,0.04344501023749902,106.66590529176977
A,D,145.8279912401547,-70.52496391453433
A,R,114.23972218548498,-154.08764668941473
A,I,110.1741420029582,-122.39861086357377
A,R,109.4539551925758,-94.41942321434315
A,L,104.39881196502688,-99.5452130647705
A,T,103.55927201204841,-115.74973017179416
A,M,163.45202139358884,-107.77449403975405
A,K,100.4592485420179,-130.0074171852513
A,L,105.25101435375807,-99.33127954044598
A,D,72.53928417604996,-109.72204809394171
A,G,-101.1685737645339,144.0513583541038
A,D,20.48412832830398,-142.66210493045904
A,I,-162.60281545573653,-127.36632899100753
A,V,117.73632579620998,-123.76159053546161
A,E,-48.99381337177171,-86.10527155004212
A,D,174.75688245312574,-150.8973704047353
A,A,131.46029117311994,-162.0364136760076
A,K,118.99306943871235,-121.76250503212422
A,F,99.44795669581272,-106.40952745162069
A,E,79.4285308025651,-81.26705284798338
A,G,114.68757830434825,-104.18099749752456
A,E,150.75681762447957,-121.00610641832922
A,G,-132.50273307246894,145.4389909393551
A,C,-175.66441959395027,-101.57721521282184
A,S,-40.81749582265617,-61.48106368189003
A,I,-42.93078715918501,-79.61037482721328
A,S,-52.34607385207643,-65.50764863914407
A,M,-22.38213959540377,-68.39423601833272
A,A,-48.61118458817434,-85.2754043391244
A,S,-46.76758790332974,-59.21878450154237
A,A,-45.97323651590225,-57.23566800563788
A,S,-34.25013744263391,-61.2912780193692
A,M,-43.720475298667345,-78.19490027633833
A,M,-32.08492095247626,-73.74905871422224
A,T,-19.967178838716887,-74.60017012934885
A,Q,-38.36710670505892,-72.03572083587656
A,A,-34.106122076782526,-71.28567580147617
A,I,-41.0694345429029,-71.99342260973363
A,K,-18.99648748663716,-57.290197242772585
A,G,25.5951368595719,-114.53030107754032
A,K,-168.59507331401974,-127.55172861531923
A,D,-165.97866034728736,-120.1495259458574
A,I,-38.415035250466985,-87.27276779452852
A,E,-49.79170001214129,-59.35997993322387
A,T,-32.58850070743839,-67.54544706439923
A,A,-43.59600517609727,-70.71521886916433
A,L,-36.16110291922135,-65.79031153632734
A,S,-45.47914827392352,-68.10564153453133
A,M,-35.175478072462134,-58.11346135451473
A,S,-30.25698993281767,-87.68787569785019
A,K,-48.19733079227301,-61.82577502309302
A,I,-32.32191987073296,-71.66565330191186
A,F,-44.98855458021342,-57.21632225504902
A,S,-33.971635510580896,-77.9906735432298
A,D,-30.993254896229978,-64.23800285494474
A,M,-32.881642736842224,-53.81897729071834
A,M,-18.928576289510467,-76.66444508303378
A,Q,-38.94972266947882,-96.21183187130005
A,G,-67.79664900212097,-70.38545098718656
A,K,-80.94916080102429,169.93502126519925
A,E,109.49670918022495,-166.1981099938349
A,Y,142.0529418651058,-173.66680256269603
A,D,133.46053716564407,-133.90134955112828
A,D,-26.565075625599626,-57.892385838740566
A,S,-11.998030958266288,-107.78337298592393
A,I,4.897555919949687,71.7483130034411
A,D,80.3214625855319,-86.81097438682745
A,L,22.468537701707113,-109.58484096154109
A,G,-57.716546123065044,-50.049786591358576
A,D,-35.005524882420936,-81.38332612729675
A,I,-39.510811286753935,-59.78470673290995
A,E,-23.350242713032646,-77.61034878188458
A,A,-43.16993512250346,-78.8260684948551
A,L,-37.398852585215565,-65.02673459160151
A,Q,-23.490273985492266,-73.37232347788778
A,G,-47.97523700735564,-64.93163709796566
A,V,-18.580628926755455,-81.98876614283394
A,S,-12.64360663628919,-52.15080408211981
A,K,-25.079918718971946,-117.91706748137118
A,F,129.59574120851104,-74.58036825645998
A,P,-29.95881286188876,-49.493742263993866
A,A,-15.3172816852193,-91.53110228994949
A,R,-4.977654076673916,-113.64599276620669
A,I,-32.05178021534874,-75.93244989156379
A,K,-19.028097831531426,-81.1381157340354
A,C,-28.12305006828091,-85.60700484826339
A,A,-50.3608887207632,-75.23408261851095
A,T,-26.340652086612945,-64.91825393705575
A,L,-64.67074106631861,-54.18344553444135
A,S,-34.121409848891396,-63.94055638237643
A,W,-58.01599534215856,-66.4153436072918
A,K,-32.930627752502204,-66.91814195587666
A,A,-36.31385585136093,-68.92310584822812
A,L,-38.421150803872024,-79.0613790685016
A,E,-21.910507902954564,-70.26305004841599
A,K,-22.48044080384074,-86.98198036649447
A,G,-60.18749357971671,-61.63728854148872
A,V,11.49238334420205,-112.48498340331592
A,A,-175.83527601850648,68.85635709703486
A,K,166.69740457951502,-145.32799567264365
A,E,-104.88866381000084,60.146170488049854
A,E,19.553749676839622,-138.73883791390824
A,G,-52.699480893714714,166.89911457270028
A,G,-75.74357513535969,77.31669074924349
A,S,104.28530013890546,-75.52912166402956
A,F,147.92117382890208,-109.23235910452273
A,N,90.47687789075714,-82.93011810185361
A,A,92.82970079503825,-102.47296093146836
A,N,93.82457059478337,-49.92846222420043
A,L,-15.494305770654554,76.60759328689694
A,D,-45.26253305075327,-59.917004360384745
A,T,-45.88492376003159,-59.8134678168477
A,L,-60.71656617486982,-70.39781057156571
A,Y,-36.094428764817415,-63.728633699886004
A,R,-28.6273526105626,-74.64755870107021
A,Q,-42.15909087555084,-76.29161875582194
A,V,-46.47344686739693,-63.39605199976232
A,I,-32.745776811038034,-67.26664749291851
A,M,-47.31498017132517,-68.76939875701613
A,D,-48.241433225328755,-62.86432354560075
A,H,-17.900655986512422,-72.03972156088663
A,Y,-42.490186429954264,-68.14758112720043
A,K,-27.040534080729888,-71.14672765609399
A,N,85.56517856527681,-135.9591813417231
A,P,167.78007457495752,-94.51585809194131
A,R,25.972259738817396,-162.9933455500318
A,N,36.929049613518586,-95.83064466089722
A,K,108.86905642292948,-141.7508336084138
A,G,144.8322542340664,167.39605923766075
A,V,111.1614694855013,-127.82505651533302
A,L,85.23818204510313,-109.52880184482487
A,N,80.0733278657601,-77.06038216522045
A,D,-73.34704933561521,-141.93659760388488
A,S,-85.320971164076,-95.26252098429406
A,I,130.64263675244047,-93.34947818004574
A,V,95.91524857193127,-131.0055027564637
A,V,108.07664475989031,-131.21263462326868
A,D,145.04689886453318,-95.33920766688799
A,M,115.22270297284471,-144.17124516184157
A,N,158.0414275961687,-120.26835805165203
A,N,105.88185273032711,-135.06061162186282
A,P,-16.935709244263,-64.86860460283555
A,T,-38.906935072549636,-61.60104819518589
A,C,-14.126159474443085,-131.00376338707292
A,G,42.4966899316821,92.75593893259693
A,D,145.96491805190334,-87.07131092378208
A,R,113.73605433011448,-143.18196688984224
A,I,93.93795050320405,-121.51583842781379
A,R,99.22038538243292,-89.11649617277011
A,L,106.62712938096762,-88.09545555555957
A,T,96.16030454092275,-115.76962136301552
A,M,156.131723771961,-104.38150622698404
A,K,87.15453099040141,-120.81036808034467
A,L,105.05806766922895,-87.3782315891796
A,D,67.13947748188191,-105.93038603457899
A,G,-101.50441751846728,144.34719074059828
A,D,18.200330078105992,-139.00588032417883
A,I,150.06558798536506,-120.25803865926429
A,V,112.50242038478369,-105.30410852048918
A,E,-45.7849450625025,-114.12344045120429
A,D,147.71113645332568,-109.09181470472859
A,A,118.63188556487542,-151.65451025288567
A,K,111.23182410472123,-111.70429448944486
A,F,105.21690662415227,-127.00857581966116
A,E,82.56296709582791,-74.89369829593247
A,G,109.25291062820361,-103.61166634698773
A,E,159.57660789005325,-127.74328584022668
A,G,-131.43995316990492,145.4717992905799
A,C,169.0993693309668,-102.37127109662065
A,S,-48.15693501707031,-52.285922555996066
A,I,-36.22598847443538,-69.59847947530245
A,S,-43.83243314391569,-72.10599912593358
A,M,-23.93481188390048,-70.83563666192528
A,A,-61.03689963941774,-88.68860654258742
A,S,-50.47125142628607,-67.19448929539553
A,A,-40.57265824917847,-61.17593926463642
A,S,-31.961622695480212,-69.40783318541075
A,M,-41.40295258327854,-73.23657855684532
A,M,-30.85881054951568,-62.86317039611197
A,T,-22.312425481329658,-72.91362860901354
A,Q,-33.437027456466545,-70.52880962821965
A,A,-33.47072876179755,-83.72354460240089
A,I,-32.023430833462164,-73.17398917538897
A,K,-17.108439757402564,-64.06492443389688
A,G,27.787072733829678,-118.22009036419522
A,K,-155.5343297737519,-134.1207223966113
A,D,156.70102962915755,-135.17932359071915
A,I,-42.87035020248095,-61.49065761893263
A,E,-41.475681678374876,-55.67152233392921
A,T,-33.902144333532654,-79.23289661180905
A,A,-40.93814490441115,-66.75592397253511
A,L,-31.360726015671226,-64.73584723339795
A,S,-33.91829050087565,-72.76141417462833
A,M,-34.73294625306226,-67.8132530887399
A,S,-30.017248627048485,-82.09410558948598
A,K,-42.09538344763752,-63.98256469698188
A,I,-25.138947951190424,-78.94827269080974
A,F,-40.70790937874151,-62.639335333125736
A,S,-31.99454683372701,-65.60182560990118
A,D,-25.80170194515462,-79.8873621165861
A,M,-39.6671869684793,-49.058409358945156
A,M,-26.62011869922999,-77.00368540779435
A,Q,-37.0541185603079,-95.51993432628292
A,G,-64.38767922029852,-77.79569457926507
A,K,-88.99928791704129,-163.26103161267469
A,E,84.17928096459923,177.70564576672444
A,Y,140.04274505128487,-165.1660844656416
A,D,106.62833102163147,-131.50218074963195
A,D,-78.43394285124411,58.100139388736174
A,S,3.3966398297258995,-91.38737210667368
A,I,58.23374981663386,59.03039347390926
A,D,124.59330492737415,-133.1720348127819
A,L,14.775849465533124,-114.94271007498362
A,G,-54.57641545753181,-57.716750727208314
A,D,-38.93937039750781,-70.71671327364855
A,I,-34.90098570312651,-73.62443269937384
A,E,-30.82768070697547,-62.676834099491664
A,A,-9.971275927881806,-80.71373284313476
A,L,-44.296021471869324,-97.40009775486793
A,Q,-19.035982569293452,-77.94525093670059
A,G,-50.37067657160104,-63.089548082344145
A,V,-19.162244421146507,-71.86844895341666
A,S,-12.008427125360095,-55.91713057331346
A,K,-8.443636719431407,-124.29348070990986
A,F,131.59236736938945,-84.50243899103928
A,P,-18.98147490270838,-51.678473384362405
A,A,-8.533513624219221,-104.86532022374753
A,R,9.848184536598419,-123.54718592089701
A,I,-28.65286841887763,-74.21628250283034
A,K,-25.09081800982112,-85.1965287809466
A,C,-28.835031924416242,-86.31722970177957
A,A,-46.34407822490909,-75.785387254098
A,T,-30.152425795940847,-61.49179762637663
A,L,-63.30458001330137,-50.29108200004611
A,S,-45.21248243216234,-67.73411223372737
A,W,-52.18218865360182,-62.6201810800264
A,K,-19.42237895363591,-74.15082112440385
A,A,-41.27869285447444,-60.03911681690946
A,L,-39.59593129277648,-81.91134096456769
A,E,-20.35176683606576,-64.20493824307692
A,K,-34.984972231612346,-99.23838234726664
A,G,-55.77688510363094,-65.19579387524637
A,V,6.73439512811749,-101.42893036719828
A,A,178.2102907790008,74.4283755074104
A,K,141.3309873289572,-143.75979817248694
A,E,-67.6449015772286,65.8909047325849
A,E,-44.12969147514063,-164.56245490872163
A,G,-136.59339481278673,-104.35552911654433
A,G,-5.4068961294860305,-118.58155185958131
A,S,83.533632523282,-72.82778614600298
A,F,86.70842242266887,-146.25405291386525
A,N,-44.091043783662855,-114.67156523676773
A,A,138.24378775425816,-157.72782792877132
A,N,-79.70228120696527,-148.00683618576588
A,L,-43.38665205315175,-141.42710946200245
A,D,-46.76151394546258,-55.2708052133977
A,T,-33.68585383441042,-59.022768841292965
A,L,-50.265156067013635,-75.3796204935876
A,Y,-42.43850791290478,-55.18102011799841
A,R,-45.521355404890855,-51.41609123103414
A,Q,-42.719273712975415,-73.42952488107855
A,V,-48.54313967035789,-58.76045759124389
A,I,-21.15460771129968,-73.98833211610423
A,M,-43.30591794177761,-73.53161013054496
A,D,-39.12977441384597,-64.8110045384486
A,H,-19.235653157192463,-76.33031872171064
A,Y,-39.425989902422735,-72.04944808424003
A,K,-19.974900224302353,-72.24501762752598
A,N,81.28812041509012,-119.43934317889332
A,P,20.4944740374881,-80.1854024337811
A,R,95.20799663216161,-93.46732413563898
A,N,24.37712324425686,-118.38214225239543
A,K,114.33125444428006,-137.59053507910116
A,G,133.2170853189749,-157.3361799010214
A,V,105.51787352657398,-134.49352602641434
A,L,79.22491733188808,-115.79915021745698
A,N,8.70582426298537,-82.53446621329635
A,D,3.648413285799235,-94.02493465111208
A,S,-104.31268074110744,-144.56373297167852
A,I,128.32400761435855,-83.8708437966986
A,V,101.23335606533865,-128.48784726009032
A,V,120.148190727179,-116.97936117822202
A,D,145.68379861782094,-126.04739517015967
A,M,126.46821086122303,-138.3706665115395
A,N,135.8697551559727,-102.93487085206537
A,N,97.91683031565847,-132.90955549704884
A,P,-79.88325660330466,-16.80767774812485
A,T,17.866056096778326,-116.99557294574592
A,C,15.021140350873956,-132.1016327647482
A,G,54.945500012347395,164.17490422832128
A,D,-71.02890554073035,-20.86429754346608
A,R,119.23697736563463,-159.8394418155613
A,I,106.27421359897411,-104.32620468745115
A,R,102.71737270625533,-96.67791177173423
A,L,104.75124830675722,-103.99921044545009
A,T,121.74472477289827,-117.17966828914176
A,M,136.68562027602,-124.16673112045711
A,K,87.4714726174512,-109.48648275625645
A,L,114.996842977427,-77.82214921896923
A,D,66.33186936975846,-114.24584042359659
A,G,-103.06842406433456,144.37758769912784
A,D,4.666462505023407,-129.57996421862612
A,I,-163.99957655035135,-110.20942519637686
A,V,104.20256857553406,-126.47670515014335
A,E,-71.36719394999741,-81.69815770905787
A,D,104.13795911286789,-109.68234342542237
A,A,113.59462066771643,-102.43589301391336
A,K,131.84812229129813,-112.04382056341268
A,F,102.86756741872641,-123.05294907290184
A,E,94.56892363233432,-104.84197733359412
A,G,130.10603462385598,-111.29468499547482
A,E,131.90293871948717,-117.18785176387082
A,G,-132.25477351930115,161.3079677675557
A,C,155.70728636424886,-99.65447898957277
A,S,-36.266313795436275,-55.62586162633626
A,I,-35.74760909100447,-81.82889349423877
A,S,-39.58499437136965,-73.72986002437392
A,M,-8.21075236147877,-82.07330719259373
A,A,-57.820446218846094,-86.59830257724
A,S,-53.64028224754306,-64.01656992036847
A,A,-47.76424240937663,-58.46654808368689
A,S,-34.11087544009024,-63.15950523807554
A,M,-47.42917325902891,-69.21261138778769
A,M,-29.501279305775604,-67.24807687392112
A,T,-25.362699415574877,-66.17776939242998
A,Q,-34.543438992279754,-73.46774678201552
A,A,-33.87133156190249,-68.99747860153441
A,I,-30.447403371655785,-72.31883347169644
A,K,-17.289692205324013,-60.0135983995114
A,G,31.165919255440972,-120.31869453051952
A,K,-174.8927405253432,-133.23368155445908
A,D,-175.90931432833608,-118.69821061878854
A,I,-46.79362357088671,-86.01180865017308
A,E,-40.224219898765554,-59.18748404462304
A,T,-33.4611887701684,-73.40123563881241
A,A,-45.965108653113006,-62.2879598722874
A,L,-22.405899043140867,-64.76301426526611
A,S,-29.940817543795127,-85.03063016568304
A,M,-26.305094952282378,-69.07137338673618
A,S,-31.34598175226031,-85.40881809842404
A,K,-47.327167117469564,-58.28155285751051
A,I,-42.669351910315896,-57.833326483563674
A,F,-48.13619204929543,-55.82812413711837
A,S,-35.955948480009226,-70.15522105156009
A,D,-27.94925635608303,-72.9033678366629
A,M,-51.706796855263356,-69.79792744434332
A,M,-5.848844928696663,-82.3286539281629
A,Q,13.058456093094092,-132.57429480775437
A,G,-80.31594394865752,-153.3317233966942
A,K,155.12812391027703,-152.76020362484834
A,E,113.75787175673253,-78.39177321507887
A,Y,141.89128534675226,-173.43185109624835
A,D,130.04459502942672,-135.36404287360747
A,D,-24.04445850946331,-63.770192760565216
A,S,-19.544790967513432,-98.88532841089562
A,I,33.51370698293078,60.11442511820918
A,D,82.51048257395563,-141.312950098698
A,L,16.623753689378848,-121.82199229575014
A,G,-24.793246679373603,-64.26138366112005
A,D,-28.938770407548965,-79.08412425364925
A,I,-35.57243440809006,-63.06010112078041
A,E,-34.741664365017094,-60.919788578387546
A,A,-20.64867193405275,-70.36757280893173
A,L,-34.41083398650901,-90.27538135389531
A,Q,-31.12139635440162,-61.49597733705656
A,G,-41.68464335835483,-64.22889626391289
A,V,-20.43673348784864,-85.91300047445552
A,S,-15.137708757028264,-54.03538691055035
A,K,-23.369604966822116,-130.36478131950312
A,F,135.6323321369061,-70.95812369101922
A,P,-25.065328223823425,-55.28917544102084
A,A,-3.6963867379520057,-97.46003493728044
A,R,0.8186604299799978,-123.15652782293985
A,I,-31.587326226076467,-72.43311222134322
A,K,-19.492720937118886,-79.96258516050858
A,C,-19.5374689197382,-85.32126646406526
A,A,-46.556895930536264,-75.27423749567625
A,T,-37.79254887728561,-58.391258984073154
A,L,-70.91795974060447,-52.946907171462996
A,S,-58.390001729998566,-74.16045489342669
A,W,-49.82718896031123,-66.06077767864235
A,K,-21.071084351325705,-83.50622081529565
A,A,-30.113657186213835,-67.56635034502742
A,L,-40.83071253873225,-86.63342980186901
A,E,-47.59869657902311,-63.68428752609031
A,K,-11.268638664828186,-92.87318924761499
A,G,-54.77023648111947,-59.22297891457426
A,V,21.003612828357046,-114.51661140477236
A,A,155.81835546077062,68.15257718476094
A,K,151.5822721012373,-173.33091335746215
A,E,117.87102185620311,66.72944515159878
A,E,-88.29968276097931,-78.06761904709784
A,G,33.681060760205696,53.481477732965224
A,G,46.28158198554306,74.35148996596043
A,S,40.11017451901474,-150.25030931407008
A,F,-4.790488616900698,-64.07578225781943
A,N,-31.041256825236374,-64.22243056499443
A,A,111.17913198675548,-97.67536691401287
A,N,-76.65227309064569,-59.143739216591776
A,L,-21.492787472542105,-100.48406986058374
A,D,-45.7839153580147,-49.12254326631641
A,T,-43.689512486831546,-62.36129271989669
A,L,-56.91977085643483,-76.45613428928581
A,Y,-37.490610365455204,-68.73381159912772
A,R,-37.19864090357056,-68.59379210005088
A,Q,-46.06116079313687,-67.9052833121743
A,V,-46.47798287283581,-62.69197494427276
A,I,-44.39781864637069,-64.00388552752287
A,M,-49.02837368094388,-61.809469228396075
A,D,-48.71226643074227,-59.72062987547884
A,H,-16.99216562414494,-74.58880893113228
A,Y,-32.31387906679675,-76.73047462429648
A,K,-21.46407616301564,-76.81993315683052
A,N,71.23372081851979,-117.95095148737182
A,P,38.50090311254533,-75.85196251141605
A,R,92.5188992974909,-103.0139166146942
A,N,15.365065195098559,-125.51348251158772
A,K,85.21598581311896,-118.85362346540603
A,G,122.97439786632815,-119.19704904635903
A,V,100.03907650511904,-131.0858020277957
A,L,175.51837766425658,-108.07090338205506
A,N,97.6509014166198,-156.92666574771744
A,D,-90.85242521059725,-141.7299005877105
A,S,-65.59170420016618,-108.3886947691126
A,I,121.38509718790183,-87.83030442521843
A,V,90.25010205479236,-136.03897425239091
A,V,112.26776108350725,-111.68256900805606
A,D,123.87008049917311,-109.19012681103614
A,M,118.5855500729534,-127.23178880323213
A,N,132.40071910110842,-115.65807431618859
A,N,105.88033606026025,-106.01622879532444
A,P,40.311302181593895,-65.57995511556872
A,T,-36.69245481925391,-178.10279772797472
A,C,18.9394124969062,-133.91501741250167
A,G,42.164150452380085,-168.7738179287567
A,D,-54.206233788794464,-33.19726203265595
A,R,136.468079048518,-146.96823519252064
A,I,94.47982797740089,-130.6585144706681
A,R,115.99168634943305,-87.99877511795239
A,L,106.3251545627926,-127.65001944057369
A,T,112.35643869590754,-117.71568879899947
A,M,162.45762934158552,-103.9733949183025
A,K,104.57533253584589,-130.76641103738373
A,L,94.81789432422505,-108.6170503083799
A,D,63.51713878744562,-92.05795397367415
A,G,-100.96917170045786,143.74193296607703
A,D,30.134558604469014,-143.14823265355608
A,I,156.45646245976053,-137.09606789817926
A,V,102.28215448508263,-89.35650275369295
A,E,-46.12801451327937,-80.38714487882798
A,D,169.717492713534,-153.59191933025045
A,A,129.81411379512903,-158.3694648266903
A,K,129.54057772826553,-112.58681179412484
A,F,128.79426503217,-128.03328974884624
A,E,108.1017821920715,-138.31020134807693
A,G,138.3137784297016,-116.09058400843017
A,E,104.20300016157843,-132.41155636585384
A,G,-130.30475392178508,-175.12874378272016
A,C,158.45167266856356,-86.40971798573727
A,S,-38.30647186127475,-52.13961149356678
A,I,-43.9953560769844,-72.11161016411448
A,S,-38.331879075233296,-70.89596819807339
A,M,-38.22499512060326,-60.03784013116835
A,A,-45.65253393459401,-85.4914448864212
A,S,-45.53188816716691,-55.32234416577513
A,A,-56.67378211838097,-53.89657468324381
A,S,-40.76218603942943,-58.0407612167911
A,M,-41.80726010780413,-73.3668497607445
A,M,-31.929819819855247,-73.41659949918193
A,T,-20.357830662491704,-73.43503487532755
A,Q,-41.333215453191194,-81.0349922394864
A,A,-40.51164920786557,-62.03067511391269
A,I,-20.906154278295286,-79.43297193880484
A,K,-21.857528919061036,-66.00782191902384
A,G,29.564197410760844,-106.71732502665753
A,K,-172.62547447613454,-135.1649161415644
A,D,-171.99590995706072,-112.35725341423873
A,I,-35.20190209541903,-85.93241387309064
A,E,-39.57928761913828,-74.10225345479398
A,T,-23.680375225480265,-72.3798598636797
A,A,-34.30324944214892,-76.319657812686
A,L,-34.13677337705431,-66.39296975019985
A,S,-35.36138099254867,-78.069427135039
A,M,-37.89079587351184,-60.33978067073675
A,S,-27.72323676376389,-84.70734688417295
A,K,-53.28990241081994,-57.774794843398986
A,I,-22.850190892651636,-75.57645336385445
A,F,-26.791919847007463,-69.71707334428567
A,S,-26.612045255006194,-85.26994329601045
A,D,-18.17476808597446,-83.88861963190082
A,M,-18.881604529370453,-52.25912856468893
A,M,-58.690983054031065,-73.98574350712956
A,Q,-43.569597780661724,-104.09827756316318
A,G,-37.16891168072827,-68.4398978305506
A,K,28.53126661045168,70.37134448519433
A,E,152.36889358080487,-102.55035033568744
A,Y,165.69266181780327,-143.8850039099273
A,D,79.1589329675019,-75.46032004757457
A,D,27.418538233757523,73.81304039111436
A,S,47.2379245389473,65.05704643292368
A,I,-46.18426504390872,-103.29401908858802
A,D,96.7300264683194,-68.34318537434918
A,L,-55.31128671555033,-148.4811804448591
A,G,-32.14886182340432,-70.23967299199083
A,D,-45.96207830202675,-61.699002772606605
A,I,-37.72771454917305,-58.10066447675842
A,E,-36.000757199290405,-61.339774039666466
A,A,-31.48248020067566,-70.92805972870428
A,L,-21.073134480793264,-91.35267921989112
A,Q,-35.25266379166844,-50.96456957122307
A,G,-42.187125643046215,-72.91918215070972
A,V,-18.3222133829741,-86.2697561201029
A,S,-18.367159183212433,-52.95574290915729
A,K,5.042279379116677,-157.36878053696506
A,F,132.60883773259755,-85.70395810845862
A,P,-16.102780029341343,-54.89123520086403
A,A,-11.594620778925378,-103.83047931792917
A,R,1.3333933039755899,-123.74087218410396
A,I,-24.531963881466062,-79.72965382088529
A,K,-19.560418943401853,-76.29535899996579
A,C,-24.523271721760683,-85.87687291072041
A,A,-48.02816664240409,-71.9041716764273
A,T,-30.0583415413929,-60.97803931213169
A,L,-66.79311143612256,-60.02357023061327
A,S,-42.256220498622426,-71.01926939266262
A,W,-55.33316464218044,-67.9525501289616
A,K,-25.376338618327438,-69.57132823056922
A,A,-39.114219667549456,-64.81692429443282
A,L,-43.79467816201948,-76.09623438777422
A,E,-19.786404316808696,-66.84275691727395
A,K,-14.61517571981253,-85.07346005769237
A,G,-68.3005457947212,-68.55748690962211
A,V,5.582559739790654,-103.47198295796368
A,A,162.25259138324088,72.96056995642826
A,K,148.35513708445396,-121.10445357368837
A,E,-161.27016187415933,65.39383418707207
A,E,87.05735633170207,-71.64993202462072
A,G,126.98494716014234,-87.39177991976877
A,G,169.2905595722431,-81.2089008416601
A,S,82.605956148161,-81.88373014610157
A,F,-34.527983636511195,-149.03516702745657
A,N,101.48829862074886,-62.64022586044525
A,A,139.03807928337483,-123.49709649809232
A,N,-114.68925090098608,-158.5678764921939
A,L,-18.31791050493808,72.66547126306395
A,D,-43.48371123970928,-71.45757871713981
A,T,-26.83165417561577,-69.55558809168845
A,L,-30.480686704052957,-71.75115446252015
A,Y,-49.625944049591205,-59.23030986004985
A,R,-33.787547582761206,-59.10362682921167
A,Q,-49.984198488949396,-71.39766366584529
A,V,-39.85880668769148,-75.24530850080339
A,I,-27.962181894697217,-71.6962110559208
A,M,-39.188145743875836,-66.86749968825453
A,D,-43.23349337400895,-69.27051008762339
A,H,-27.617843793678624,-63.09766628350958
A,Y,-39.710307088613206,-71.60797133666927
A,K,-32.03962994099182,-63.707293744194075
A,N,166.959575172795,-83.87898473204986
A,P,16.920805155714106,-70.4827810141528
A,R,-159.66573106353093,59.33310615440082
A,N,80.08546269739942,-103.26602026933166
A,K,94.22264765064466,-145.67190321748828
A,G,133.73313064781738,-168.23320472185847
A,V,104.49727655903236,-134.58146385478366
A,L,88.87591376643856,-111.01617472324773
A,N,98.94127478348426,-81.0311459909185
A,D,-73.44633361772357,-143.7058861975247
A,S,-62.372527584261896,-124.67185684149766
A,I,118.73665651317786,-92.35490854648621
A,V,97.01235011371514,-136.84827252449648
A,V,130.37988747873513,-104.18901058754439
A,D,118.59962992207907,-132.9157364079208
A,M,116.02376484427698,-128.73801051240375
A,N,140.57821468170548,-114.06386181466631
A,N,105.61209581182446,-139.97402205255673
A,P,113.35106432271468,-42.15492444376333
A,T,-22.675969373551442,78.93323840286509
A,C,-18.325784240671858,-121.87172172003774
A,G,48.781270419702125,-143.6786914918675
A,D,-67.26233602253716,-29.70508015560306
A,R,138.6931890216518,-167.76147901941354
A,I,115.2210884562206,-132.3029314249996
A,R,105.98755420139838,-106.21106506183015
A,L,107.7508077907798,-106.84818565576543
A,T,133.20698855023562,-113.26581078756021
A,M,158.06424515728472,-126.67487684689617
A,K,95.74245244042686,-130.22898982807496
A,L,97.43427714736019,-88.18054959308735
A,D,63.2624434227212,-98.39303718182967
A,G,-104.30110417571785,144.99893156162443
A,D,30.710217690013575,-142.3075826407519
A,I,157.70617733173137,-137.62714824785687
A,V,88.6793192804905,-83.8171795746162
A,E,-56.94658851608957,-75.86560686042804
A,D,153.1309754157531,-131.80823854122585
A,A,131.07918754224625,-156.01355870083904
A,K,136.12889340999126,-140.59866015515388
A,F,106.52137318534523,-132.17790914596404
A,E,114.32803278352617,-95.82206396095027
A,G,150.9052337644429,-151.03323049618479
A,E,142.71710092254472,-138.61216541394364
A,G,-132.05001209107334,168.68664511188643
A,C,159.09928480911307,-94.05568566552229
A,S,-39.45301692773184,-56.82304980862852
A,I,-32.633249938018125,-72.99455074562353
A,S,-54.82304650748345,-68.2527849916457
A,M,-5.10647232241163,-78.39865866243711
A,A,-50.48111065378244,-86.89635814788087
A,S,-47.44883092220583,-72.90430452732697
A,A,-45.13351059389923,-56.54513647840998
A,S,-30.89065825367737,-68.24548716468183
A,M,-47.049065322768705,-75.33208803649494
A,M,-35.88446361674664,-61.94912186769642
A,T,-24.098335940961633,-71.82670242827062
A,Q,-46.68411516596157,-71.75298406880566
A,A,-28.883389468690094,-70.08468793974717
A,I,-27.655057683631874,-74.88324520863641
A,K,-28.911480906347823,-61.61144995932156
A,G,36.32159590941015,-96.22897187899777
A,K,174.0071920500112,-134.71184917949498
A,D,-162.5269106291879,-120.38543063821757
A,I,-37.80609549759349,-83.87078098589744
A,E,-46.23685937894008,-58.8148120090415
A,T,-19.179325664398853,-81.27942060700495
A,A,-40.60464188073432,-74.06278954001338
A,L,-46.38179229275263,-63.23167295448485
A,S,-28.583167273133157,-67.57322534651219
A,M,-32.49931768673531,-65.91066077494523
A,S,-28.029487743832654,-85.65248447932768
A,K,-49.62106100721559,-60.25312660975128
A,I,-25.813668324058952,-76.23755061839424
A,F,-44.241573498769164,-57.99035416421085
A,S,-34.974943413007615,-82.09661022539943
A,D,-30.949961839624077,-70.72229304121309
A,M,-37.24040027143917,-58.32745083595014
A,M,-25.877621470872032,-79.81491001697874
A,Q,-38.6713970330471,-84.21043129085591
A,G,-55.22496229352187,-73.73126470903738
A,K,-82.65351818047193,-177.89065807208502
A,E,97.4939218694176,-176.3599889893516
A,Y,122.65770603479714,-164.67255609251097
A,D,82.28380023811506,-125.444891832194
A,D,-82.11463690546859,52.73346439736002
A,S,-2.2767583762930355,-83.22248988136404
A,I,33.620838420851165,70.80110557783479
A,D,92.13222418289195,-102.83591166817129
A,L,0.22258348637715086,-91.28423115671713
A,G,-42.836336512456974,-64.7095870356777
A,D,-44.24852170691376,-67.17253614900166
A,I,-32.4955788851141,-64.85949715864392
A,E,-36.89397769591908,-61.41267258025182
A,A,-12.662697313861337,-70.77567122305705
A,L,-6.328768833828996,-107.07164054042492
A,Q,-68.1105732054031,-83.1618643742491
A,G,-40.46802873792708,-61.72828972271144
A,V,-19.639934091184276,-69.59011868873584
A,S,-13.703209617698368,-59.03331498528694
A,K,-18.621429081486447,-135.71084273979574
A,F,126.89390180675434,-61.94740782658978
A,P,-18.89424633730539,-52.6304296927267
A,A,-10.460446801543974,-101.13066090070603
A,R,-1.747477788591173,-128.26656808141922
A,I,-36.4941071554324,-60.91884205079926
A,K,-21.006111151286394,-85.90307736310088
A,C,-32.454012917714266,-71.56598532036887
A,A,-39.69635179788176,-80.04124224991385
A,T,-43.969905448067706,-59.3236453943213
A,L,-36.02332829692041,-63.81903795417547
A,S,-52.63546752581452,-72.64734879437275
A,W,-49.74782831525799,-66.97008586962264
A,K,-26.8995191987637,-68.17830720184418
A,A,-32.66238941509402,-69.22661052836848
A,L,-39.22389674413921,-85.48467266832418
A,E,-44.4237500137889,-64.95385282795792
A,K,-13.20961678315684,-69.4477381513163
A,G,-65.17116889168982,-80.61360216700824
A,V,17.345708573016484,-144.76576249507974
A,A,122.19966511377395,-122.1682312248161
A,K,30.008643384181173,-159.93142502320924
A,E,-85.67426112599594,64.54689724342958
A,E,-25.87704008229111,177.93025466629902
A,G,-165.79604187201576,-77.83132022580122
A,G,-21.6801006569262,119.57328147766269
A,S,146.0392621046699,-106.96413542915484
A,F,-66.47522695298618,72.88799646045618
A,N,21.894374459981094,62.65737908382845
A,A,145.90308441113825,66.05279158746495
A,N,-57.802106195664656,-79.34219038979589
A,L,-39.995548444147595,-101.2527635506156
A,D,-52.15449801302149,-52.22002029603691
A,T,-26.555201453682415,-76.00901179445653
A,L,-54.20066571824301,-74.2015804462053
A,Y,-29.53959212346956,-67.6212394209968
A,R,-34.26881044431628,-65.95066927408986
A,Q,-37.88833091711447,-76.11200322676318
A,V,-48.838395734613904,-60.45363771903778
A,I,-28.514685267541793,-70.25695944755691
A,M,-32.123374459313446,-79.12651294153333
A,D,-32.80540724226793,-67.91526919679465
A,H,-19.416566865822823,-85.34318067543734
A,Y,-23.317740407808643,-70.28343640742996
A,K,-31.980323794764875,-59.743455505889365
A,N,80.47391256629393,-129.08430062880439
A,P,100.7887047552905,-74.70753503737448
A,R,22.127636122070896,-132.26959379698712
A,N,76.65415364085393,-85.60916920619559
A,K,106.71456919980163,-164.5209895689848
A,G,140.36456989614337,-175.73997595542016
A,V,95.27457724777652,-139.52367799907154
A,L,132.9360505814364,-101.04581376899299
A,N,100.45719939038179,-117.1586454823902
A,D,-57.76215211814777,-164.34187535007737
A,S,-77.03598669805233,-115.6294983560916
A,I,129.68779045135966,-111.07743134904118
A,V,98.4510195981767,-131.07623510313954
A,V,122.89049041236288,-121.95842802199408
A,D,148.28669203708668,-122.72492809046723
A,M,124.57610825721333,-138.64516990024316
A,N,117.62908296692042,-113.49004062880505
A,N,86.61870606895062,-117.42742237762144
A,P,122.74288525118371,-34.267751237467124
A,T,-7.574608733537785,77.32002529019815
A,C,-46.66542743268014,-130.85746679968344
A,G,58.81276541913488,-125.5669417329451
A,D,-61.00532673915371,-52.86594382655167
A,R,97.4356111369117,-142.59802337526696
A,I,92.81678799745069,-95.47958432206512
A,R,97.71705100597023,-93.87386203706069
A,L,100.82972549414377,-99.90741310634537
A,T,117.22724902916167,-115.5232613679946
A,M,162.06872790892157,-114.1980991721421
A,K,100.84605084399308,-129.87543192646623
A,L,121.11592336408779,-100.35679286745683
A,D,66.33153531792904,-115.16223400005892
A,G,-109.49367126958077,144.9135776297219
A,D,32.33654327704459,-134.89860148720925
A,I,129.01362080517552,-131.83202928535036
A,V,84.57281680922566,-81.09109854737788
A,E,-64.18155972836472,-80.03162663589275
A,D,147.1842671226456,-94.18023854508677
A,A,122.239015251845,-147.7295071378303
A,K,110.43511131073585,-122.69886783526844
A,F,93.32398278606708,-122.04679755795148
A,E,98.85557751982998,-98.72167937923851
A,G,103.81620589170892,-115.97023221211889
A,E,95.85672561788869,-90.08509610860688
A,G,-131.33876271407007,-157.12634788861897
A,C,177.62139295281793,-119.23739288577674
A,S,-54.82256392229617,-46.904723131813775
A,I,-24.52300966476507,-70.77023894692528
A,S,-47.66410180374458,-67.89032754609252
A,M,-21.831985904727112,-73.55024117830652
A,A,-60.58410097380393,-86.66265603729612
A,S,-37.96415075255635,-74.79497567552305
A,A,-50.75677284837144,-63.760402682450625
A,S,-24.2115741233361,-66.85678588825893
A,M,-53.13762252658772,-73.05583963638227
A,M,-33.723602958770364,-67.1141758331404
A,T,-19.523619605863164,-72.18814919665381
A,Q,-43.263392570928076,-69.07048149689024
A,A,-31.452804110869735,-72.41853017426183
A,I,-38.151069004778044,-67.58651097434625
A,K,-18.32880252728662,-60.861131438023065
A,G,26.3821717339448,-118.30061640737009
A,K,-176.36893366398706,-128.9188278200031
A,D,-177.9664746975526,-116.67574514855866
A,I,-49.135009560209554,-85.67715857684253
A,E,-32.67383857645784,-59.306244622974106
A,T,-24.46970308616568,-76.7860963234673
A,A,-41.179366424564535,-74.53258239231764
A,L,-42.226755143204706,-62.36774874376179
A,S,-24.949625617876144,-68.75765315640298
A,M,-28.52177643300226,-66.44216018038425
A,S,-39.82123594024194,-82.29527173100827
A,K,-42.45734240337926,-55.41144639197531
A,I,-25.129379568571327,-82.92047732417903
A,F,-46.651006800426465,-58.036013772566214
A,S,-37.54489652326269,-78.8873952060585
A,D,-52.32477249575457,-57.62764449286259
A,M,-33.881528142397485,-61.31051239345646
A,M,-19.781081141159714,-72.36492133593266
A,Q,8.745282029685757,-101.74690650853533
A,G,-53.76698585483459,-140.5387109661711
A,K,89.70504799162977,59.04243518104235
A,E,-28.11484661758349,-162.8718717093051
A,Y,150.726876823469,-154.31275150691204
A,D,144.3313309891862,-133.6552467069099
A,D,-38.76419208990821,-52.36228129693096
A,S,-2.4001909808136976,-111.63935416668576
A,I,48.74072926433045,51.569113030322114
A,D,85.09323950066427,-111.93310176285237
A,L,13.024166977050601,-113.18515254368101
A,G,-62.593946897581695,-70.67366998547877
A,D,-34.49269004964919,-65.74139498559734
A,I,-41.02848555867985,-58.167786159665745
A,E,-41.34691588960289,-58.564754244401016
A,A,-47.60207723988107,-71.71641870253659
A,L,-42.47031303008495,-57.286054739764914
A,Q,-44.9936192563608,-57.20724182535285
A,G,-44.609764495134215,-63.466312168539275
A,V,-34.73496287630393,-61.97368166900796
A,S,-14.176667195114605,-61.050936819051145
A,K,-27.447623532125476,-125.31969686189557
A,F,126.77906049833331,-65.63922570806605
A,P,-16.59498982245139,-55.35691687164414
A,A,-17.896199664227936,-93.05356559706341
A,R,5.224488577009209,-126.8706934340957
A,I,-30.062485233236853,-72.64454445402414
A,K,-18.634122427861207,-85.42846818809954
A,C,-33.222579430428446,-81.44120357614423
A,A,-48.508690952782445,-77.69848323930337
A,T,-28.699876249070524,-61.70605987197804
A,L,-53.586056777664524,-54.904454853452194
A,S,-37.00132965413763,-75.55989612428587
A,W,-52.29237713886118,-62.11492343612442
A,K,-19.79635694203421,-72.17385088480181
A,A,-43.52761508853122,-56.6944485545799
A,L,-50.33375494542117,-88.8696773497496
A,E,-28.377945747868843,-63.10346822338456
A,K,-18.750245125816186,-106.55607244788126
A,G,-64.77345014276251,-75.79932320109536
A,V,-17.482315809536438,-120.05920683695606
A,A,-172.4102487787203,-97.68257340400832
A,K,-56.193806187698975,176.76325257578583
A,E,-166.24718183419498,157.08602671184235
A,E,-37.70875000843778,-100.15546089528176
A,G,-26.779895319457847,-158.49700488760897
A,G,22.212988054016776,85.02505049322157
A,S,105.08965240055191,-70.66446231992812
A,F,-79.6318764306399,-164.18992231329273
A,N,137.9520247458106,-175.0598951779353
A,A,99.11015639686688,-94.55175689546049
A,N,9.587114905663393,-80.14500126280427
A,L,-32.39834346111939,-82.17076974499764
A,D,-47.528408497503705,-55.47017918447492
A,T,-36.02625200467365,-72.31611230114271
A,L,-53.345752793889694,-69.76872465346909
A,Y,-32.537585702037845,-71.50477433689684
A,R,-30.428972844574556,-67.81653011910907
A,Q,-38.31115212458268,-78.50355151861244
A,V,-47.486043768233586,-62.57920431619682
A,I,-36.19899425945601,-63.37227200754469
A,M,-52.56551415798222,-63.01836477348191
A,D,-26.939897630468277,-69.54691580298082
A,H,-19.326247550484936,-73.10021503642339
A,Y,-22.681704655256475,-82.43950242977161
A,K,-19.3290369854035,-72.53150601387478
A,N,175.17269638161736,-132.74281045777772
A,P,136.59693069517255,-41.57683387911204
A,R,-174.08669055051618,-108.89585935098148
A,N,90.45194085986671,-82.03150018567223
A,K,19.907486320022,-163.126421636654
A,G,123.22862739440335,-97.77989683347069
A,V,97.11459458346681,-123.23101711849453
A,L,90.85835604039227,-92.78161256897567
A,N,51.156819548401415,-78.33268232858846
A,D,-87.09508389273303,-115.60586063466701
A,S,-80.71258509727666,-92.68191680006731
A,I,130.40582081297256,-88.8140765165609
A,V,92.47092119123103,-132.07171334375653
A,V,119.26645152984993,-109.5417119889098
A,D,144.12034841334884,-124.85737959561463
A,M,155.10057734246817,-151.34201507066243
A,N,139.19320609950555,-143.10869923554117
A,N,97.73459067561349,-134.14316955295277
A,P,-64.304119516079,-25.145903121699245
A,T,6.167019237684857,-109.66552449204804
A,C,4.014045917749182,-131.9583983384718
A,G,57.87539830548066,167.72483522449593
A,D,-40.94695641730909,-38.39895783747502
A,R,140.3259265560243,-149.02425076910137
A,I,96.98180963971417,-146.45259705470215
A,R,105.95533354560868,-104.41695147174552
A,L,104.4728954132344,-102.22621107298669
A,T,108.80521133416654,-117.7333109459205
A,M,163.1010020473237,-110.50039112401636
A,K,91.12020558201725,-130.12255257130408
A,L,112.87946734895331,-95.98869891205223
A,D,68.60684455058185,-115.10670658838477
A,G,-105.61014099384178,145.50748608793498
A,D,15.745171625788874,-134.86083748941238
A,I,-166.42003838978266,-125.83826177017124
A,V,106.8465923486394,-126.72950933480745
A,E,-53.88373254935446,-85.95273596266797
A,D,163.3450492218552,-130.11027408328002
A,A,132.27571042498474,-165.61294811625385
A,K,144.1477279328517,-128.3079796247608
A,F,110.03867924507358,-127.8571005143858
A,E,97.81507455695156,-103.57239081832412
A,G,121.15270091703226,-138.53527950649433
A,E,155.2411253377313,-116.08346364116925
A,G,-131.9477624107997,153.95656705371624
A,C,162.49937280298332,-104.26054247537151
A,S,-48.95400612392116,-44.22353079542995
A,I,-24.31830217708796,-75.38187583634158
A,S,-40.02363568615524,-75.11464032096605
A,M,-25.947656858971655,-70.76981248542916
A,A,-56.23467846976217,-84.50641481107823
A,S,-44.9096622798401,-66.40718195723517
A,A,-55.246643047675065,-60.563507303922414
A,S,-37.47937625634153,-65.13796427917273
A,M,-43.92671841187416,-70.01780333391041
A,M,-31.1876120440598,-67.70018515827907
A,T,-20.23079323991037,-69.5752331309202
A,Q,-39.16504354693678,-75.56139149745884
A,A,-31.53762730548898,-67.0151742870487
A,I,-33.542609332222426,-75.6698059212058
A,K,-20.29135382224585,-55.54863062196092
A,G,41.66179691251767,-125.47317166174022
A,K,-156.91453978970202,-133.66007940179642
A,D,147.80789169882598,-140.66377351115526
A,I,-34.468969305489296,-61.45979454607518
A,E,-46.70037051520298,-57.85635875536053
A,T,-20.806131032201503,-76.62636122667689
A,A,-49.941552767653086,-69.90243995277888
A,L,-28.633468121401393,-65.37628122357044
A,S,-20.480371566143326,-77.67396836748453
A,M,-22.24446775680816,-77.62617076231497
A,S,-29.579175780038288,-86.10774113786997
A,K,-50.797591932993484,-62.957199094880124
A,I,-28.430984289067265,-69.82207970802904
A,F,-45.11102916669123,-54.63276862083683
A,S,-34.10332558864314,-85.26210510580054
A,D,-44.530644608468634,-63.89638850666245
A,M,-19.658233872687845,-64.45522973620612
A,M,-5.459887373765448,-80.26945661988331
A,Q,-42.134188900647835,-120.06596300550547
A,G,-20.449702680912935,-83.19739923349155
A,K,-37.32313792003289,73.10981411162723
A,E,156.71414020373305,-91.3771391745065
A,Y,-154.31602493105672,-120.19342535184431
A,D,93.82620011411346,-118.2238856500307
A,D,-4.70421838998766,86.03631856301885
A,S,26.49696321238646,64.1898825227865
A,I,-57.91246183960842,-41.05970620616157
A,D,139.70741134340082,-141.11704635510546
A,L,-55.43630016432978,-147.73899314532537
A,G,-34.60893280316143,-59.7256825953226
A,D,-32.525977031514266,-72.86787178830373
A,I,-27.595388519722707,-69.32396831598017
A,E,-21.44410919972146,-63.88428615177674
A,A,-37.32955353329489,-75.79319285645416
A,L,-31.998401658130845,-73.07769056282288
A,Q,-35.164548288059336,-53.76229932845152
A,G,-47.22980579323886,-69.23609893539832
A,V,-17.949231689304916,-85.73775304501989
A,S,-17.335633484245463,-46.43771817010351
A,K,26.625586104341405,-164.0404393658434
A,F,140.64593420606556,-94.15609896039592
A,P,-41.74557276872617,-41.28303878318797
A,A,9.51974475232647,-112.40068568068806
A,R,4.155311885012956,-125.12846630799494
A,I,-29.866622315989133,-83.54831007247462
A,K,-18.94614329396786,-74.5208653474398
A,C,-19.627536675060835,-85.99007675306576
A,A,-45.01046471796869,-79.44453680226674
A,T,-30.65350101148802,-66.02479065751805
A,L,-67.34375157890254,-56.64014403017162
A,S,-56.01070209413895,-70.88399867609758
A,W,-51.58848785552051,-72.93684979974124
A,K,-22.760894162978644,-75.68514158279379
A,A,-26.997205194212594,-81.31289914721945
A,L,-48.30826329651175,-79.29239783576207
A,E,-27.69059986645413,-65.9578844080235
A,K,-15.013295934464878,-88.02215321573561
A,G,-43.47493553115107,-57.83473154609122
A,V,11.57080909442277,-115.12110738844011
A,A,172.45616774474112,69.64464408413387
A,K,-172.3660974184926,-150.63702995275483
A,E,-164.5820576605446,-66.35224823057226
A,E,77.73637474427909,-108.29549818740985
A,G,135.50146581935996,-146.40164564896446
A,G,99.05168250080936,159.56253909636027
A,S,-84.73688770503648,-135.49216082624375
A,F,23.07051266920294,60.46232648252959
A,N,175.97142893225845,-138.9997569961305
A,A,20.75143139506765,64.36442452623963
A,N,8.583795627413544,63.05218755895649
A,L,-48.034760733130895,-72.70972335698919
A,D,-47.37363363818859,-59.12921958049711
A,T,-23.687876359734716,-73.26269145050615
A,L,-53.67618217756384,-70.51940045903376
A,Y,-19.717897786253324,-75.02728776271441
A,R,-35.84489149450412,-66.98095522845693
A,Q,-38.31348433480028,-73.25815811483022
A,V,-50.13471338399616,-60.63587730182538
A,I,-52.3534241887631,-57.951645857825454
A,M,-54.6901104165444,-60.227787992580694
A,D,-37.65840318695268,-70.39752638370152
A,H,-18.765235063000585,-77.46478382856462
A,Y,-31.876928050378787,-69.09167682484666
A,K,-22.821327392941225,-73.35346864481673
A,N,170.18727124975885,-86.85479409052463
A,P,126.36094094758015,-57.99439531585529
A,R,-74.46068289160522,-57.71173387882296
A,N,114.46087988579242,-177.5327847217371
A,K,111.4184295627282,-148.98314422184893
A,G,142.26895763689888,153.47845791586698
A,V,104.82381012907871,-137.08805043774652
A,L,87.65607308689435,-103.12344963343212
A,N,100.3797451108143,-76.85661892909181
A,D,-71.31313387459427,-150.20537163330397
A,S,-70.70247978519663,-117.00260144269532
A,I,116.86158052469078,-87.30828042802536
A,V,91.1621825534037,-131.8635956984725
A,V,105.70952404818077,-114.1895592882603
A,D,123.16088483106735,-105.52095464501026
A,M,159.06052178601067,-124.97709135494803
A,N,139.30845059514814,-155.72098738581485
A,N,94.38657077517958,-136.72199173677433
A,P,48.7830124813588,-65.69281222615328
A,T,-45.93725995135168,-159.72148408529048
A,C,7.348162530948476,-133.53978624279426
A,G,45.280658070523614,-159.0798738059725
A,D,-67.01181871792777,-38.90435761154809
A,R,140.24714250884062,-135.8761415934866
A,I,108.54296602174921,-139.92454040620902
A,R,107.66501484954223,-93.03288556033426
A,L,106.21252660581719,-122.63573431077916
A,T,115.60230225659232,-125.55664405891203
A,M,147.30393771067344,-114.32698170838786
A,K,86.15623973533532,-106.57296677464815
A,L,83.09609747213298,-91.11797631940644
A,D,63.15001748408515,-86.90136085175176
A,G,-100.02048091476219,145.07324692561383
A,D,33.637706776592104,-150.4289912686853
A,I,148.53319839303165,-136.98492171289712
A,V,89.23212033802587,-85.46115363043751
A,E,-65.0316483889982,-80.92709895652025
A,D,163.86730134889328,-119.10282796813054
A,A,130.9220660788218,-156.60225750661698
A,K,131.8773616494729,-114.19464795699109
A,F,135.92865624311278,-140.5252537242675
A,E,119.9540782196054,-148.7336822807581
A,G,134.23207011514216,-122.72086379002981
A,E,120.41157101538887,-124.37849355361736
A,G,-129.8578484890647,162.14831101845385
A,C,166.76863500667477,-90.60915464400993
A,S,-41.17294002951847,-59.762878253716195
A,I,-35.182359592910885,-75.1528967331649
A,S,-38.726974151755066,-71.97222853975423
A,M,-17.91310167654824,-77.41973991900764
A,A,-55.3020082327925,-85.89131257780399
A,S,-49.69867779501293,-60.31007543023884
A,A,-43.158801644239325,-49.31609635950961
A,S,-30.351093454435947,-71.62183687976943
A,M,-41.54303162928067,-77.40913681555348
A,M,-37.00437738813391,-58.11901784472932
A,T,-33.259152916467464,-64.94766613388468
A,Q,-40.77816451318388,-76.99018108672927
A,A,-37.400901401246344,-63.59348953252769
A,I,-28.11849473595107,-76.8602184069593
A,K,-19.479648108909668,-64.75242907981139
A,G,31.181713331852155,-103.14954638601507
A,K,166.88126334062957,-135.04870410236407
A,D,-162.37405594062565,-116.29964973388304
A,I,-46.23188978900756,-85.62016543990912
A,E,-37.75696068016061,-61.798492882027496
A,T,-23.77774844529541,-83.01418479976506
A,A,-43.670687234978146,-78.7828193137687
A,L,-39.169976193685486,-64.5563457823831
A,S,-35.61649922741738,-72.44140040077468
A,M,-32.15025143468604,-61.24551295505576
A,S,-31.07684078261675,-84.6609945205738
A,K,-47.287390577636344,-63.210976906052224
A,I,-23.946388231363247,-74.92299761796822
A,F,-42.08187524190272,-64.03593681860337
A,S,-30.633085841110052,-80.14112622508743
A,D,-44.55068061220469,-65.60779358561118
A,M,-18.53968521399567,-53.7248790389906
A,M,-36.26653251962079,-60.5584638406207
A,Q,-40.414627840800705,-140.77739098509204
A,G,-29.049661952897555,-67.159203251177
A,K,10.148668784575197,79.47734630373971
A,E,99.7398092681421,-100.3479219734055
A,Y,-148.24012772062122,-95.5394838743315
A,D,109.43097103631052,-101.7454129197609
A,D,-10.959734746647856,-63.44665189564154
A,S,-16.575935731356044,-83.63451493107067
A,I,32.23822154331688,66.04586479652585
A,D,66.24718795795344,-81.36764406308741
A,L,2.9744891872833557,-121.99229942265674
A,G,-38.653899289129285,-74.32355049718208
A,D,-37.9341236815742,-68.56341468393971
A,I,-19.81702530934245,-80.58289427523502
A,E,-30.410454041249803,-62.19431774112643
A,A,-21.684146941310043,-72.39678716000617
A,L,-38.626471343495076,-90.22210650452041
A,Q,-29.566080055165138,-59.00998366082053
A,G,-52.95099789842445,-69.38071764572224
A,V,-19.51658331742836,-73.27504112413882
A,S,-15.359217339249158,-55.83150379039478
A,K,34.88241690151083,-116.8945785533403
A,F,177.3012476255639,-131.63474376875183
A,P,-2.831409027713629,-73.89785981168264
A,A,-18.830875615531294,-98.51828205040871
A,R,-59.56435401561176,-55.794079793184146
A,I,-32.42199599348853,-47.678611795661894
A,K,-58.479925349450745,-81.92793360578044
A,C,-21.42865770492073,-86.7226122605907
A,A,-32.62510091849775,-86.06094720854465
A,T,-35.64963857999516,-62.940487929248945
A,L,-67.7345685757564,-61.13271709291793
A,S,-54.68312683592424,-65.76399947286954
A,W,-48.73140399184034,-71.91439355332702
A,K,-25.395354361434816,-68.97172011347442
A,A,-36.361139821154666,-78.4062524635215
A,L,-47.18364570654093,-80.50549587145457
A,E,-19.735033134652404,-75.49343455638704
A,K,-18.8869515435232,-87.86531776022862
A,G,-54.289838967614436,-65.3830943895236
A,V,-1.1917942422919874,-93.0381286261348
A,A,94.27951910839467,69.58069781404384
A,K,144.7900631999399,-50.58368104136777
A,E,-75.41838374391374,70.11032521891612
A,E,95.57765961547334,-177.96919375381108
A,G,-174.91722873081656,81.71115294088018
A,G,35.71163967764553,132.13745937893412
A,S,-38.73365080400177,-131.98209305534806
A,F,36.058451464561685,-88.22768560873486
A,N,-14.488500028582026,-87.65928414937395
A,A,128.79830858266587,-63.53323579272599
A,N,135.86867429172517,-134.94491462603654
A,L,-38.953846555158975,-52.110193466246486
A,D,-45.23080293026063,-54.20860385422831
A,T,-40.75678214367881,-74.35490197647967
A,L,-56.51401069783907,-68.94645186600017
A,Y,-27.109973881870907,-67.52513706737243
A,R,-41.60595270287498,-60.86279536926128
A,Q,-41.51333449491771,-77.5914301021044
A,V,-46.62370647888432,-61.600724752609324
A,I,-30.528613101564208,-71.3846848297262
A,M,-47.142731204115584,-70.15652812011234
A,D,-38.401705115865916,-65.43591218636773
A,H,-27.686655680024163,-68.79772566994754
A,Y,-20.569195189294685,-74.71363689621958
A,K,-21.44317837228406,-79.54481774152255
A,N,177.75946086976865,-107.23053362533896
A,P,175.28521782672195,-66.01582953303149
A,R,-142.52507194927674,-79.96261383409826
A,N,83.6224211097527,-120.028738412301
A,K,109.4854018464965,-144.19713041302342
A,G,125.71037193721324,-168.53313784562692
A,V,103.18583346045068,-128.97255703179138
A,L,83.72784489919232,-125.35253835789973
A,N,99.33816422582541,-78.63559943729811
A,D,-75.6381922069622,-127.6154264054322
A,S,-56.88283536632321,-101.32094060903198
A,I,139.2015994071409,-122.79446814904523
A,V,108.45766018391942,-136.26600001662823
A,V,142.96868913322533,-109.49796937159766
A,D,135.83635114240516,-135.03538075056937
A,M,147.82099918688922,-152.56336088546817
A,N,161.16025790589097,-162.38540113960048
A,N,129.684868794647,-106.75341778119538
A,P,41.418117714004026,-70.46088494688424
A,T,-10.181776514971501,158.2181325241109
A,C,19.341677863391116,-132.62906962949052
A,G,48.60984423188278,164.213163502625
A,D,-31.29595769558096,-45.15465119382715
A,R,137.97453522667232,-159.15013888182244
A,I,95.45608267890513,-133.4796485039754
A,R,107.70884982475495,-95.89330794775
A,L,103.69360683462702,-104.54398899645781
A,T,106.1353304065937,-114.58484573413627
A,M,167.23217062491784,-105.19467975292369
A,K,86.81404450338124,-126.93651605305122
A,L,82.01672713600644,-95.34996265741859
A,D,68.79052680329778,-97.31226962578786
A,G,-99.89561323361144,146.1035631125018
A,D,21.254727880306582,-145.38353519022792
A,I,151.42375627886616,-133.87171440691398
A,V,89.66327117205815,-88.02975703218175
A,E,-57.53761034467979,-75.37971761035632
A,D,160.4418003140639,-125.01490099640023
A,A,119.23681771904774,-156.82544438108806
A,K,138.12830815095612,-112.74759419340448
A,F,100.24854689694394,-129.0645345788111
A,E,99.81184916607793,-90.7726580754437
A,G,115.51209697263842,-126.28050815526655
A,E,126.63037144409344,-127.3891140722949
A,G,-130.76202461902267,169.77709304508912
A,C,162.534748343129,-96.44678551950871
A,S,-37.856470386826324,-57.79835095185368
A,I,-35.37966429822495,-73.71910116147589
A,S,-33.57857616909811,-79.12540091383863
A,M,-15.682491435819388,-74.26044798977944
A,A,-51.55674070218113,-86.23011715994306
A,S,-44.87858165058721,-59.2321624330783
A,A,-62.32888429514047,-50.396447538315016
A,S,-42.770203817840375,-55.7423231178277
A,M,-51.26793205294426,-68.96616906991237
A,M,-37.933041900154535,-72.29363298326543
A,T,-29.26414452901182,-62.727936078851506
A,Q,-37.614308305757234,-86.03414658228978
A,A,-37.94280865879488,-64.79654688806382
A,I,-22.016231940102788,-79.66031709176897
A,K,-21.7388294834549,-64.62929520646412
A,G,40.035760868617515,-103.61505929366568
A,K,-172.78540354407636,-133.95152026112024
A,D,-168.95751486103862,-116.03260546162477
A,I,-45.68880340992246,-80.68626603500542
A,E,-39.915775380570835,-61.136951053860244
A,T,-36.029354192224325,-62.736750509692314
A,A,-39.341775231493166,-75.06764713824379
A,L,-42.435470959815056,-61.05076370968048
A,S,-36.103871263065614,-63.96021684871251
A,M,-28.30553913015888,-68.24563453636692
A,S,-35.062861991932756,-86.2176189455069
A,K,-49.840328198657566,-62.86527866417295
A,I,-22.647069272494306,-72.8725307213033
A,F,-45.076045130705246,-59.22552971717929
A,S,-28.445518261856748,-85.95194380650206
A,D,-19.449226238088755,-71.09517084354778
A,M,-31.602150181178494,-48.91715617518927
A,M,-44.152990228650054,-59.999339227863146
A,Q,-4.251308371005336,-110.22145519165278
A,G,-31.32625450072922,-62.227211871523835
A,K,-69.02834133715768,73.227679866066
A,E,120.94911612752948,-121.14373856493151
A,Y,166.70114568046066,-167.06857969962724
A,D,119.43782584133264,-132.95761201442372
A,D,96.19485346273879,-49.76158832108958
A,S,23.793209269213257,61.32026185479284
A,I,-15.833296398069226,75.28217539682298
A,D,105.29366209748788,-142.65263498476742
A,L,36.03972127599711,-89.81453751011364
A,G,-27.058598233379968,-69.88207599006229
A,D,-48.00384473263587,-79.85005509733637
A,I,-31.31691539511283,-63.61534832912334
A,E,-28.153958748346355,-66.08345204377665
A,A,-31.00222468704244,-67.20410756335691
A,L,-15.16290699370977,-94.19004953676125
A,Q,-43.853562731508475,-49.01792508159494
A,G,-33.83138855207304,-78.73949443081946
A,V,-17.79469295565604,-87.55419579168301
A,S,-18.890880704920885,-50.709668249088644
A,K,27.650613769864027,-169.33975118271462
A,F,138.41975010758375,-93.45862667993772
A,P,-34.906875088729656,-43.95972685926117
A,A,5.962562004040088,-111.05257665772886
A,R,-9.028907292763687,-121.7249846209733
A,I,-29.354784750610833,-77.41539137564352
A,K,-22.883181889624993,-74.73532632434122
A,C,-22.537512783654233,-85.88686069457214
A,A,-47.73446853510318,-72.72533279239087
A,T,-30.7429620141465,-65.41778133398856
A,L,-53.64909069869745,-49.803464845596295
A,S,-51.0057735501547,-71.51627173601554
A,W,-41.610728044523675,-67.59092209606204
A,K,-17.611053687610504,-73.49934061227879
A,A,-44.6351169943837,-86.3521285978121
A,L,-63.26637346093515,-84.19245699924645
A,E,-30.890481795183167,-75.41254513773856
A,K,-4.3185022684114704,-85.17452243701841
A,G,-50.56995722591955,-73.60007055019175
A,V,-57.038639516673065,-75.9982913464545
A,A,152.26694313190666,169.58664576040704
A,K,127.93412016824718,-96.19408212703397
A,E,-76.12561065426297,67.49836254987207
A,E,95.21222416025763,-172.37507347697573
A,G,-73.38102777207368,-101.40918465208613
A,G,77.15508274438174,85.26458013273124
A,S,110.23499342277007,-75.75501175635038
A,F,126.41320763611138,-94.81112570919558
A,N,117.14076528006582,-152.58657571641064
A,A,13.654252955760361,-139.58616304165827
A,N,-29.16347607045614,-115.53080077908821
A,L,-37.75419438332282,-86.10220169231565
A,D,-46.98764261135848,-51.02582925146152
A,T,-24.92261225087797,-76.8886433503881
A,L,-58.687129019671474,-78.3175340467731
A,Y,-21.76978911632503,-76.57311099913915
A,R,-35.74353480394227,-69.14748503013823
A,Q,-41.03506348509954,-69.11676307424267
A,V,-48.58564273749788,-69.05360180634538
A,I,-29.291704917653767,-66.28749697452483
A,M,-49.021434196891704,-61.94100704751092
A,D,-34.77081767815412,-73.55459734630888
A,H,-19.30754704430271,-74.27318525575022
A,Y,-32.80367200579677,-77.23256414366354
A,K,-31.654601788967927,-74.43629651833417
A,N,84.61808743568031,-129.76318301032228
A,P,140.32587545260333,-90.69371248508551
A,R,17.196976882740778,-145.4446136558927
A,N,83.78542368294875,-84.07859650121853
A,K,24.80643095482865,-165.64201444246535
A,G,136.09795460952748,-143.45079389562278
A,V,104.34774974494171,-122.26078353922664
A,L,95.92916927060922,-105.70650681190712
A,N,91.26510250466322,-84.1789500863752
A,D,-69.70405185313854,-127.5791410731686
A,S,-51.12869048968065,-127.04280978313027
A,I,129.42465206850562,-106.8350099193548
A,V,82.73229995954844,-142.197552440663
A,V,134.694473530064,-98.80630330389961
A,D,147.01141339180518,-128.34463224306043
A,M,151.19741692704304,-153.10115573496344
A,N,145.32204885150554,-152.043264099746
A,N,111.77364547572155,-124.2349036763578
A,P,-64.93237125459699,-21.556799248715343
A,T,23.648903411281143,-126.59950365357386
A,C,-36.53012574276412,-129.43184091500038
A,G,62.157290114361025,-140.876401236101
A,D,-53.29773295842908,-34.820885171082985
A,R,141.75226521807227,-156.70231478328503
A,I,105.69771216582475,-141.43799103660592
A,R,110.88599003013609,-93.33666724382425
A,L,94.94357024019774,-104.5695656932614
A,T,111.19871288664014,-115.66265221885298
A,M,161.3425895012985,-109.34368880576466
A,K,100.45505079384384,-126.06390721307022
A,L,108.1644650179307,-100.3509424291667
A,D,65.76630082566902,-100.06400131394987
A,G,-101.45372360988922,142.3635707500459
A,D,28.798581746435932,-142.62895962479791
A,I,151.71046163806815,-132.5036567103058
A,V,96.34261769458,-86.55725740367788
A,E,-69.97919590352315,-91.48439979036674
A,D,159.0199800977548,-112.46122432807906
A,A,132.75565182809035,-157.5799161971784
A,K,120.36131298554086,-123.95811841648036
A,F,81.13095220797368,-115.96059525888919
A,E,117.3125715756698,-85.95439664121153
A,G,161.06504285646892,-175.39157025447395
A,E,164.39017933193753,-135.02720605993508
A,G,-130.45532060946942,149.54648694295534
A,C,159.35269291302768,-81.24594145162321
A,S,-32.94393186116943,-61.82011130122003
A,I,-24.48986655058073,-90.57489563337401
A,S,-40.14727409954306,-76.6834317801861
A,M,-17.220007970672974,-72.03148249541407
A,A,-46.71941764060393,-86.53639601915913
A,S,-44.18540222874765,-58.32001082014588
A,A,-51.93691429570132,-50.59147871810895
A,S,-27.239754276158475,-70.57208503734306
A,M,-49.18434349279563,-79.0440303341724
A,M,-39.8425624106578,-63.65047082896789
A,T,-21.212383076263507,-75.1210736200947
A,Q,-41.264121695559574,-68.87595896834348
A,A,-26.902378111511347,-80.2323504885466
A,I,-31.540267800278514,-72.38306619659518
A,K,-24.579117022027383,-63.951992352476594
A,G,19.70200380284168,-85.6795782843714
A,K,-179.2466882450746,-133.69428770250784
A,D,-171.36553669443933,-116.35660869028084
A,I,-40.47909272153729,-80.34391228095835
A,E,-40.972538708896806,-64.2335218348985
A,T,-32.02177337633758,-74.86207367690534
A,A,-48.6502131754299,-61.284516213343515
A,L,-39.74633101658059,-59.1444092794236
A,S,-19.892431184679264,-70.50690150118511
A,M,-19.377203183801857,-79.3207093102342
A,S,-32.61949969201504,-85.46378790560352
A,K,-43.127009820252866,-58.620904842718794
A,I,-23.93913112107801,-82.87346029078498
A,F,-46.96605936956993,-58.10713812150157
A,S,-27.852275463367043,-79.84701995653934
A,D,-31.219675202829077,-66.10293310066004
A,M,-21.82861768230643,-54.33410218197586
A,M,-24.519131954646305,-82.33952446484926
A,Q,-42.486024838536046,-134.40460408693787
A,G,-37.417194848739136,-88.7855699874905
A,K,25.36560812079606,71.51502351597276
A,E,137.56030724995472,-113.74724203222259
A,Y,-145.9892780905378,-117.01875727135089
A,D,75.07971616438762,-127.18231972465269
A,D,-4.344920147903485,70.34902567704506
A,S,-55.496744145892755,-70.7940138538532
A,I,-36.93792562054221,71.31750084897104
A,D,152.8532427175407,-127.15002266755488
A,L,74.2113624409876,-150.84499484710835
A,G,-19.74248125693496,-57.346547628339856
A,D,-48.57289137848947,-65.27122557872833
A,I,-19.20739011952085,-71.87373138758306
A,E,-31.02670203320647,-57.50774401820725
A,A,-35.221004333856534,-75.96011838707176
A,L,-39.222180168229194,-84.74902705976123
A,Q,-19.88000707629989,-62.0983944459905
A,G,-51.19248667975709,-75.66773718483306
A,V,-17.039349258830427,-78.51013163682205
A,S,-16.248537524403375,-43.52227471369404
A,K,6.4380259613890445,-147.33823194806334
A,F,142.50263189025074,-81.37788617204285
A,P,-37.15904257720536,-44.95550974598161
A,A,-1.271116461505644,-111.92611644993858
A,R,-3.2900129204684436,-114.34020935537916
A,I,-30.99694448819066,-70.57670507552696
A,K,-22.080146535410073,-81.8750224900476
A,C,-34.841003003984184,-69.5356779257989
A,A,-46.53399495086437,-78.77226893352454
A,T,-33.96161478095938,-62.59543557012093
A,L,-41.60510994983348,-67.68377348602053
A,S,-48.291014236286046,-71.73022011311528
A,W,-55.351156469420225,-63.34220964363456
A,K,-19.3397437294104,-72.604672615463
A,A,-45.26458436934844,-61.301821769192216
A,L,-34.15850180764761,-86.51893288569369
A,E,-20.840023078021567,-63.95907184553064
A,K,-41.56305290966095,-109.67067488968983
A,G,-50.91199619443832,-57.14473280035102
A,V,-8.050501178610421,-125.26804205489046
A,A,162.62564985878797,-128.15207886442653
A,K,54.2014939202931,179.68356416508834
A,E,-99.17725734134,60.50612659587649
A,E,-66.53436348006018,-171.15167120450874
A,G,106.37005670976822,-159.97504410170933
A,G,96.34856255339425,-174.18412024966497
