Chain,AA,PSI,PHI
I,T,-29.37017590792936,-105.4601253003851
I,T,156.32829246741773,-117.21825690558737
I,F,124.64281197167654,-136.6933666282544
I,D,170.10904875934608,-95.87440396577149
I,F,173.65318027458179,-163.1202386525948
I,D,139.107454411142,-131.4327533578928
I,S,131.07740499655782,-127.43916809404261
I,S,-19.267146062983535,-87.6812786110101
I,V,-47.29942806408882,-99.39923480940088
I,F,161.5694934304379,-102.34745834595334
I,K,116.74414783326375,-91.90579011592696
I,K,141.66429602210047,-86.49398133544564
I,E,156.1828743151255,-136.90062047445778
I,K,142.39066474768967,-98.28908235304252
I,V,140.5816046614649,-130.32410786209894
I,T,116.37171316993252,-110.53827031900246
I,L,109.65018875373333,-113.50586874551185
I,S,45.17798693899999,55.68003857084621
I,G,1.637265041384505,78.3789100515678
I,H,110.33370800075723,-104.75751468831679
I,D,130.45573576715304,-70.5859584101655
I,E,140.1867103658295,-134.39055800537713
I,Y,138.3517725628639,-95.0364777273173
I,I,161.0974359227069,-137.7966394599128
I,V,117.55034485533403,-126.73439553014582
I,R,147.10341659067308,-78.97073822189685
I,G,-168.7882817289082,-90.59328948289381
I,G,140.56538462113053,145.17912086122854
I,R,-23.267341512273163,-65.31246303422445
I,N,-15.638193547828708,-64.45440209710645
I,L,-10.650859451915645,-90.95860586310958
I,F,-34.47940756519063,-52.168249037554716
I,P,-15.546338652133466,-61.543537659401686
I,L,-7.828831860835785,-84.442641990991
I,L,-40.53503662955145,-62.349752447177835
I,P,-40.61310357333291,-57.919916552133294
I,D,-43.814025922868446,-65.07689479346432
I,A,-35.207020817750795,-60.871845951574045
I,F,25.890143418578578,-97.59563366192717
I,K,138.4054689320731,-58.513913833643024
I,G,0.2154822334467918,87.55452213383073
I,I,117.66128731693546,-112.93086680933315
I,K,-34.631500146523095,-104.11131271620603
I,Q,130.3731572622737,-133.27576566712114
I,I,117.01341294595477,-105.04324275226938
I,G,112.2933060480281,-96.93444637558177
I,V,112.83303302879776,-93.06759080280023
I,I,120.56866579172919,-97.41555403716147
I,G,169.21217528225827,107.89324544304615
I,W,64.55925935173332,-158.6183401849578
I,G,-97.3319122848978,-103.79828833638024
I,S,-47.779973474316414,-112.1176789577
I,Q,-43.91926778019144,-78.45750765578585
I,A,-47.63985195022114,-53.11562155254411
I,P,-25.075920666782746,-60.91234607825909
I,A,-49.16127602082245,-91.97632376254627
I,Q,-43.996834272779765,-62.44151184165138
I,A,-43.27186639213503,-61.44028982142441
I,Q,-39.42403244109147,-70.89923753051075
I,N,-44.394344218513965,-65.06499808831292
I,L,-48.94650461177557,-59.594362935103526
I,K,-45.99267714907851,-61.70811735399315
I,D,-43.676909851080886,-60.39835372605378
I,S,-41.20873470233558,-67.3011466923023
I,L,-35.74690532751395,-66.69495880467072
I,T,-48.37003021116595,-64.58199905303381
I,E,-35.57665910281647,-58.10356398548688
I,A,-6.918778690533714,-78.40796491522633
I,K,29.19913808889118,65.87888655563464
I,S,148.16228578188574,-80.4214948651271
I,D,1.7448027720594308,-92.46085063484885
I,V,133.29458989371747,-64.12572979430298
I,V,131.68610186232272,-95.71743207494328
I,V,110.74567997390051,-106.60925508505177
I,K,132.6794841515643,-115.7406592136033
I,I,131.0947393322765,-90.41466938882861
I,G,127.24516757300779,-117.87796705716393
I,L,155.03060569229507,-124.52610120682431
I,R,158.1710687415828,-70.29937259942479
I,K,-49.168998052635864,-48.30719214205184
I,G,16.312361775149494,-88.37751282197023
I,S,145.806948587337,-67.78795454271764
I,N,19.494989170017647,-111.27364679875905
I,S,-0.6873962374754247,-96.64262582883006
I,F,-45.73571419246288,-57.903301477626556
I,A,-45.060641822066614,-59.17631263888662
I,E,-37.42424289210823,-65.06126703817897
I,A,-43.59144647478986,-60.32038615319718
I,R,-38.43198024945103,-65.92028271481477
I,A,-30.541203417664978,-61.19552337245223
I,A,-2.8539904476230964,-85.70258707221127
I,G,3.393747429502562,104.7411858976656
I,F,120.89973670177757,-105.28090553470028
I,S,169.04859990505523,-148.8024719163109
I,E,-31.03431959863632,-67.88624698126876
I,E,-35.70154436206125,-51.22715299830085
I,N,23.2714071350997,-118.42241301494093
I,G,27.264563603375493,63.766667771861165
I,T,16.822921545369155,-109.86395731181699
I,L,127.17739162620788,-151.78971078108984
I,G,-161.62488299354393,-165.298686855027
I,D,142.94911210858334,-72.01801951160493
I,M,-44.91036262003396,-58.53072850618066
I,W,-41.63428003485204,-70.2009344357698
I,E,-37.60282636218265,-63.04599360144682
I,T,-45.477240851823595,-67.38986654796135
I,I,-49.55225816102732,-57.85347180644063
I,S,-32.666377491616956,-55.52827420478352
I,G,7.75234560948375,-98.08236546896062
I,S,144.86042773226632,-98.38473769989217
I,D,-29.86314124611832,-90.64873551863309
I,L,124.1415275654657,-132.47239980778497
I,V,117.38270312886219,-111.54065297365047
I,L,105.53180364938399,-98.1111136345712
I,L,86.53113328689537,-83.62848296952636
I,L,52.06704554442553,-108.50891167683636
I,I,172.7593105944828,-109.97409308015031
I,S,151.59472218224843,-56.41453549539887
I,D,-39.136420998408134,-63.71581918667992
I,S,-40.47412280635108,-63.31974112708784
I,A,-39.179224058134494,-63.30121428179607
I,Q,-42.248161771728306,-62.346738664332776
I,A,-38.63530764495168,-60.00802624334812
I,D,2.0410777623276064,-95.82421573811075
I,N,14.096236921237901,-136.42218364891977
I,Y,-34.61595339478658,-62.856592927947204
I,E,-44.25855872415203,-61.28212437207666
I,K,-30.037359789201318,-67.98674915131276
I,V,-44.8730997739017,-69.40591516418101
I,F,-40.453368615819194,-62.14551338271558
I,S,-23.23494787883137,-65.06462209628441
I,H,-10.966050706114016,-93.59252804099921
I,M,143.86920866733323,-69.34020003825535
I,K,141.32357640168854,-72.76409127044617
I,P,139.55895940896852,-61.8292387862549
I,N,13.779504659222336,70.66567889516925
I,S,-174.84218683931928,-87.64401063867709
I,I,127.83226549430724,-121.95573769931234
I,L,125.21650692002862,-99.10449575024012
I,G,132.66033531625774,-116.78994243045376
I,L,160.50479721105333,-114.86149647619207
I,S,14.444690076799569,-114.94749847672963
I,H,141.92197639501455,-163.47619238483364
I,G,4.805007716360251,-83.11282209443796
I,F,-48.20827388230705,-44.074201555814454
I,L,-36.833268204773326,-56.279532443098226
I,L,-45.91480139563801,-64.33411039272411
I,G,-43.63232906983384,-56.52901401164805
I,H,-46.93033324897434,-63.04710662743278
I,L,-40.490509609268784,-59.54253391977154
I,Q,-40.18860812638313,-58.70498270076724
I,S,-28.01601493401024,-62.85804670379705
I,L,-3.575587169720055,-96.46115269418341
I,G,30.914418193866467,68.6591968184648
I,Q,171.85109920697874,-117.85862948048288
I,D,177.3109009459135,-147.3091773524016
I,F,160.64239963250338,-66.90960783315768
I,P,169.60102802585195,-61.17346352826374
I,K,-21.941226639715428,-94.42172627727282
I,N,27.661913301274705,-96.3545673948557
I,I,144.39198968611126,-138.90154383429342
I,S,151.20662856665874,-85.16899716302183
I,V,118.19412410551197,-136.03620560614064
I,I,170.75981555862836,-132.9663710451184
I,A,142.26822252570412,-148.54356542396567
I,V,113.9417836969747,-131.86663415071803
I,C,103.11058900795271,-117.92871381757827
I,P,129.1862292600154,-63.57559093688469
I,K,63.44319004878726,-90.39362005727688
I,G,163.59660767984275,176.9890287738328
I,M,151.19347418392155,-72.53147625573526
I,G,-54.03619971168089,-48.487557012735564
I,P,-30.19426286540353,-54.94349787946289
I,S,-32.46613970627234,-77.48233953061178
I,V,-43.34374581646015,-62.05435912716467
I,R,-51.19503296830271,-72.82956251392804
I,R,-49.00783444905282,-56.489016690649805
I,L,-39.1125630408633,-63.05801038120756
I,Y,-47.61056382756895,-59.80749904570157
I,V,-46.25004429553643,-60.19742084201564
I,Q,-32.39019391904356,-61.262392763204346
I,G,-14.35513299390041,-69.27443490046488
I,K,-24.327609523251542,-64.05648038240884
I,E,-17.398802361371605,-77.0276591458712
I,V,-146.21585028112045,-128.6535299256735
I,N,31.597042101346233,-93.71149213499635
I,G,161.09729748173214,101.25683193013634
I,A,165.3741630857332,-164.65105569537022
I,G,-156.2095007333072,168.1731963111927
I,I,133.59503678178947,-115.84500449759591
I,N,145.99451179203052,-58.12934029433029
I,S,150.47935836923355,-133.4568190525863
I,S,154.4843854409376,-102.30454404585595
I,F,153.966738228398,-136.23853419460602
I,A,151.064236544279,-143.22539703078652
I,V,97.74459677433684,-125.02437509465415
I,H,-44.55979157145843,-79.49061065727624
I,Q,138.03341543674622,-139.4642690772762
I,D,114.21505817760928,-133.53209419401173
I,V,0.33876362155385115,-99.66051145564623
I,D,-2.5434322863842227,-150.1561210758628
I,G,-7.743880646396106,96.72129720540215
I,R,-16.308666834007667,-88.1937122046019
I,A,-49.77482710741282,-46.27247694393217
I,T,-46.31803961917292,-61.01698428140229
I,D,-33.80469544807614,-69.31035732811976
I,V,-43.093051158440474,-66.67837206366372
I,A,-48.595755677089265,-62.88049411004984
I,L,-41.291913042425804,-61.315196060544395
I,G,-44.54293885367287,-63.31097848725963
I,W,-49.44735838812843,-58.78420113575106
I,S,-45.82076340116141,-61.10203575375399
I,I,-37.42284043263205,-61.51526911991733
I,A,-22.473463954869242,-68.527757464028
I,L,-18.010782938171744,-79.1672994910117
I,G,15.193636726121328,97.00718579074531
I,S,119.45885778560933,-55.86418575113478
I,P,-42.0347536397886,-58.81389617274346
I,F,144.2682603896636,-143.7782614502452
I,T,129.05780166576713,-119.02337314387286
I,F,160.31189519732817,-123.08234975120013
I,A,146.0675530921731,-91.43996121604528
I,T,-172.55121255198372,-153.67576436176668
I,T,161.9171513224743,-121.96127096579119
I,L,-37.715999804710265,-59.49670832084994
I,E,-43.59050576270535,-71.1600437761769
I,Q,-38.45132420653303,-63.11333847518287
I,E,-49.37422932153418,-65.0951195065981
I,Y,-37.547238954021154,-65.58342910150363
I,K,-46.71982603084221,-62.77205199649111
I,S,-35.987882238089504,-73.67321160960304
I,D,-50.13750631140985,-73.0992095656405
I,I,-38.32778695632078,-61.73755589821199
I,F,-50.93865352026405,-66.32387384425537
I,G,-42.026009078218905,-57.32824668006291
I,E,-31.75655038952026,-67.24892012216051
I,R,-25.969621713092657,-77.85624447718006
I,G,-134.93998660914602,-83.55151517748264
I,I,-36.09671841187742,-50.57795935043684
I,L,-44.48540883550795,-63.3355725905153
I,L,-63.092583341020934,-133.69115933689412
I,G,-59.40867866530074,-53.45633035581917
I,A,-40.88932083897044,-64.58311593511603
I,V,-36.910424131725726,-65.63354650968299
I,H,-48.56585834780077,-63.929786550333155
I,G,-39.71003651730271,-60.449483376864265
I,I,-51.116646585163544,-59.99913955741887
I,V,-37.33898056352436,-61.51218949788947
I,E,-45.50768092157477,-71.73424677439384
I,C,-46.5126935811795,-61.13205128086161
I,L,-36.38304599180444,-72.11446789583852
I,F,-43.23897812648863,-62.305943663711595
I,R,-44.70645252250975,-63.93741256716403
I,R,-52.51443563703209,-61.1558201002737
I,Y,-46.05410905764988,-57.835499124886645
I,T,-33.171516392393194,-68.275724235466
I,E,-32.902190782878016,-65.77977571378587
I,S,7.67947934001859,-84.41647815036347
I,G,-7.720939733927793,103.61863787676916
I,M,137.8940306097688,-74.47118321283332
I,S,158.07140474801668,-62.06634607427477
I,E,-43.79269561357632,-59.907117164796674
I,D,-52.94999012850921,-53.34953256968351
I,L,-37.45433521678397,-66.74724789538804
I,A,-36.86435249780981,-65.81012046078098
I,Y,-44.239450950891225,-69.1823804254019
I,K,-41.225897005767706,-61.44728798278157
I,N,-5.450490884444322,-75.28621378527953
I,T,-76.5024130528665,-117.55350310205374
I,V,-52.484304947010564,-64.10827595279679
I,E,-37.973223735355724,-62.70523404929412
I,C,-50.89488840624109,-63.304020105797065
I,I,-45.38261953038918,-65.76561314604412
I,T,-14.392583252700648,-81.13512803433034
I,G,-107.04415958368509,-99.91249286123988
I,V,-42.75635312989654,-51.951479006872376
I,I,-47.23075260928686,-61.03957701948272
I,S,-42.92274855996075,-66.93792745908198
I,K,-47.12563096619803,-62.057219592885446
I,T,-47.69068169662298,-63.56281802729626
I,I,-34.486096896307814,-63.18901369502626
I,S,-49.994217915349815,-58.650629930229826
I,T,-27.769731012580053,-105.4873223693152
I,K,-17.35255691505914,-113.42500476027686
I,G,168.23634848872834,96.3076050302004
I,M,-31.32831201500953,-67.12828236525444
I,L,-35.45903899856599,-71.32488789308994
I,A,-38.81722594659045,-64.66334668115522
I,L,-51.411365242535794,-61.3338063306775
I,Y,-41.22809378944218,-60.17620940676202
I,N,-16.60046895188981,-69.7033399663726
I,S,-5.400639355218343,-84.49609817297872
I,L,152.94247484978055,-78.54169773215644
I,S,174.29373111764497,-74.81212205163057
I,E,-42.54337506698245,-61.753875206689024
I,E,-41.23444442291434,-67.42269939958494
I,G,-37.34585951399571,-57.502629058004146
I,K,-37.74541809744662,-62.1499066758309
I,K,-42.3509166345425,-64.10785069071157
I,D,-43.3332764205807,-65.50898058368044
I,F,-43.749273968601806,-58.334426097793916
I,Q,-44.19165527446377,-62.057892731176004
I,A,-44.47666700185505,-61.48151308471856
I,A,-49.39396418502567,-65.58510565655416
I,Y,-51.004835166590745,-59.202090303869944
I,S,-40.989431135262535,-56.676682217384034
I,A,-29.30588248839968,-77.14220625137716
I,S,-22.481277353601115,-92.10312945279055
I,Y,-57.073332610983314,-55.94279786329559
I,Y,-42.05999157130923,-69.52847474048079
I,P,-34.576365255498686,-62.96219496560068
I,S,-48.551643581573565,-63.80320127023188
I,M,-38.63556756381227,-57.3671696129475
I,D,-54.716561205747034,-51.38683039180244
I,I,-44.612767497719105,-67.3535046061159
I,L,-44.02375345459136,-57.88143901918823
I,Y,-45.34983945170498,-60.217450465228524
I,E,-49.98203135044644,-62.02657577421271
I,C,-48.07047820334165,-58.46768447403155
I,Y,-47.244154704100175,-56.443882731970085
I,E,-32.70430477757105,-64.03574992580026
I,D,-31.332423310229082,-70.67787300870081
I,V,-44.52782416918021,-74.32919524242259
I,A,-33.66876585555474,-66.948768238869
I,S,-22.619376887754846,-75.81049968358519
I,G,-15.73030755832315,107.58619313676125
I,S,-51.672235513496254,-55.09392812828462
I,E,-40.75493803267381,-66.56772971739285
I,I,-46.618287708247365,-59.884759971377775
I,R,-45.13461807319437,-59.20061419691826
I,S,-43.06576909180481,-54.15438292993492
I,V,-39.143333657742076,-67.71382396418034
I,V,-47.31053147030976,-63.3113586744637
I,L,-36.81343524677594,-64.4926651623022
I,A,-37.687737659560625,-61.50445248312797
I,G,-36.64478965178184,-60.0409844273169
I,R,-31.761741871563917,-70.81069665557868
I,R,-2.1729474009787446,-72.50344754476338
I,F,-8.202830836070648,-76.0344430844971
I,Y,157.44644878117617,-128.35511264885128
I,E,138.39493314276643,-69.66366517015788
I,K,156.95699453568315,-165.17501477980792
I,E,31.116994912384424,55.056200335364004
I,G,17.13245073874965,70.50708530511932
I,L,160.83564082919355,-113.9195629123092
I,P,169.5542797703816,-73.21435911750503
I,A,147.71866470332733,-89.56206478504444
I,F,71.42215487345446,-131.74459064669554
I,P,160.2275127783898,-65.52111707736012
I,M,144.4529709814611,-63.57964845838384
I,G,-169.5580441483278,-101.08963262840012
I,K,142.6381970116675,-87.71495894357315
I,I,-2.221027982996044,-112.56391043093771
I,D,27.2117051339735,-114.85165901138794
I,Q,7.152794613605765,-104.34043784076033
I,T,171.44170161216044,-88.91005623120682
I,R,-66.03354158866527,-35.93248290550604
I,M,-29.341555494299595,-59.902456246011
I,W,-31.526474814853408,-78.15527591550182
I,K,-41.55364320265653,-67.27965702964251
I,V,-44.465338787172556,-58.52262919164313
I,G,-40.6373298174051,-57.18941152828516
I,E,-43.7979062262,-58.87492895544861
I,K,-42.37305224723242,-66.95665432160635
I,V,-44.768869458906046,-62.19235076672946
I,R,-33.48678267196766,-68.13520932951617
I,S,-28.809812154409787,-54.7460386533558
I,V,15.133295191305162,-122.25198496547242
I,R,126.38247273354693,-76.89969449850895
I,P,154.73637227334567,-71.52813431908467
I,A,146.14395183634792,-66.12398053632828
I,G,9.926168502439186,83.06664657320376
I,D,130.03343751076042,-73.66065144463504
I,L,0.587969609580263,-104.47589744803464
I,G,163.43869035581247,73.47128081536836
I,P,152.3797027710044,-86.1804027457682
I,L,79.75118613615301,-97.65311578736927
I,Y,115.00835161371941,-72.35510136174332
I,P,-49.56719754983925,-49.75574775007538
I,F,-41.769087562211006,-59.830129903483055
I,T,-43.098811499616204,-63.518374062478934
I,A,-38.95744086667286,-60.614553928548624
I,G,-45.490018064389396,-62.36403459816436
I,V,-49.64714226879227,-65.2394389342169
I,Y,-50.43813337528503,-58.89296744768136
I,V,-33.287954459625496,-66.84362215935221
I,A,-42.0916922046262,-63.41238894663961
I,L,-39.91173743888169,-69.09167190020379
I,M,-42.57819411698682,-60.85803316052696
I,M,-37.40384883485677,-68.89540587112825
I,A,-38.307682597329936,-65.18955832864822
I,Q,-43.10484177822654,-64.65835580836176
I,I,-46.48137211936573,-58.85250435083292
I,E,-41.76292465211954,-62.061413275346084
I,I,-50.13876342699758,-61.243267043732956
I,L,-38.48510434302106,-61.13775689519823
I,R,-49.003016776013844,-62.29680289749571
I,K,-18.815419741557132,-70.41062766715713
I,K,-2.7762862671563426,-95.43725017526256
I,G,31.34567239760812,95.0183013601326
I,H,153.07619866267294,-98.3345559361791
I,S,159.09076712210563,-69.93873749726356
I,Y,-35.11133362749301,-64.6068142425171
I,S,-40.33788431137768,-62.748842647089525
I,E,-46.896533864438574,-68.96528145755914
I,I,-49.70975727810526,-57.62041643370365
I,I,-39.94548155636272,-64.54026141274545
I,N,-45.766826122242875,-71.08450051167402
I,E,-22.89766991151172,-69.83111864730071
I,S,-15.280161269023392,-115.11959231667466
I,V,-68.1660465944753,-131.75824748901624
I,I,-49.2598135549735,-53.561618121998656
I,E,-41.62835145608521,-59.56724882349989
I,A,-48.97144532351266,-61.87955331983513
I,V,-32.68335228103494,-81.35513616750345
I,D,-20.566141496873072,-97.20265429076974
I,S,-53.678078255668005,-115.16200825182435
I,L,-56.13499987681214,-84.02989146052474
I,N,-38.00101149776859,-49.6529875476665
I,P,-31.585632086045532,-56.5724479624733
I,F,-36.21716073624012,-71.89600750715903
I,M,-30.07579675984102,-72.7204678882092
I,H,-42.42802664695527,-69.30599916546635
I,A,-49.34525529717137,-62.66530822397725
I,R,31.282785009762563,-149.1251111328082
I,G,-179.60358399672336,88.35360750733423
I,V,-37.45235632548033,-58.83242623211987
I,S,-41.2263636962194,-68.77131805982067
I,F,-26.22177736352659,-57.92061150924977
I,M,-66.39684286261384,-87.70254144423446
I,V,-54.09872566988032,-53.29290916063013
I,D,-6.551964815708809,-70.00038319917991
I,N,3.0964705411832383,-91.51293569863634
I,C,-179.55125349671175,-98.64324692840168
I,S,167.14317707442035,-69.67475106758918
I,T,-43.2011736324616,-60.04040680451213
I,T,-44.415997061737755,-58.324249807379154
I,A,-39.65448793532779,-71.14617427577596
I,R,-41.747452366948615,-63.81025845685387
I,L,-46.247559225921194,-64.36702565764173
I,G,-43.30941377762771,-59.687088901408195
I,S,-44.07182165958778,-60.91327285053278
I,R,-33.556551561856104,-66.55449784320345
I,K,-36.34752870805496,-77.755970814685
I,W,-23.57665165346354,-101.23417663081712
I,A,-44.2694797377856,-54.33114222721118
I,P,-32.55678498705507,-62.034870071690456
I,R,-45.24238260196612,-64.42042645097037
I,F,-40.71971297227471,-67.26391804558314
I,D,-57.769325147343274,-56.202190181751966
I,Y,-47.35943477550886,-58.7094164879596
I,I,-36.11022366398733,-65.66110145151595
I,L,-38.5487222549656,-66.59806883090774
I,S,-44.64788736201155,-70.18396856157955
I,Q,-37.26442989160863,-72.70220209848463
I,Q,-63.781628602777246,-109.00504187953244
I,A,-55.03482596919913,-56.45818052809241
I,L,-31.9266966555304,-67.67120033226425
I,V,-40.26999936364895,-67.54608082644458
I,A,-47.55817988122181,-58.67722902329729
I,V,-40.64932550270326,-60.438363156742426
I,D,-6.766137747659218,-78.08693710488923
I,N,13.566556509496404,-111.18376287924943
I,G,38.25482814419212,62.47514691341318
I,A,146.51143834120217,-60.36193224759644
I,P,151.03539584446955,-71.59808331587618
I,I,128.4630851063125,-77.75305383537088
I,N,88.90915905073894,-79.83506476280213
I,Q,-18.616733329329627,-66.78333527837717
I,D,-37.46267424991053,-66.63193705657993
I,L,-41.82329834748835,-64.1136294685364
I,I,-49.03961938666554,-62.41072241202372
I,S,-42.26100591981749,-59.01117562119945
I,N,-40.75249178761533,-60.30951819683546
I,F,-46.93092626359438,-62.63166226258828
I,L,-26.653500300026682,-67.46260407636206
I,S,1.6000050781359378,-104.16634726609091
I,D,130.76388106392722,-56.837358304116115
I,P,-10.564015639235931,-67.11609732849197
I,V,-27.058401276131754,-66.99528192349969
I,H,-42.83542505439014,-64.7137728848747
I,E,-40.270516565393365,-64.37292726432554
I,A,-38.42409219197957,-64.3363231024762
I,I,-42.14301660041801,-61.84286643897679
I,G,-42.345654027634524,-61.065681471524385
I,V,-45.35316207032939,-61.47131845386285
I,C,-37.557551175892335,-62.98754503042757
I,A,-28.750805050266017,-58.81783080540521
I,Q,-15.106268189302897,-66.69913775144113
I,L,7.302199086268139,-100.50818680915647
I,R,136.98503969720898,-89.70246069817293
I,P,160.60408728669762,-75.44619749172485
I,S,59.13995529514794,-92.30208290732675
I,V,118.66263947313846,-138.92281603468294
I,D,138.94789727720956,-99.58009832048872
I,I,136.95111391297573,-55.45055121683936
I,S,111.50626229751258,-108.54159634275958
I,V,137.11193877305672,-141.09314936808426
I,T,169.07095973886456,-128.36318947228438
I,A,-31.568024899351503,-53.70193152665933
I,D,17.461999282965404,-91.87627401691108
I,A,131.0936987105325,-53.75800606661083
I,D,-2.0969327300179526,-96.22556882475335
I,F,20.423163016504354,-92.39389760731713
I,V,-179.1497109596672,-106.67476613754903
I,R,141.54657101485012,-56.16579781946352
I,P,-47.58195720422235,-49.17092536989015
I,E,-7.552080460828849,-66.84712231420177
I,L,0.8982713841533558,-106.37629452936535
I,R,138.5519068908531,-73.87615700908931
I,Q,147.04089213444752,-146.10648735473148
J,D,114.98145166252131,-80.05350958033942
J,F,168.76136836524373,-114.56820926613211
J,D,130.03589534146252,-144.4266909273056
J,S,146.44584069683978,-111.38513472254883
J,S,-19.38764132552795,-104.70367240305204
J,V,-41.10309235927494,-98.64757199539523
J,F,154.1150457053382,-104.71623625606941
J,K,124.04210759976338,-83.78223099234059
J,K,142.70385379021505,-94.08493830720018
J,E,151.08478215212995,-133.8446852158009
J,K,141.79243722168306,-96.9346479213132
J,V,142.6658168369852,-129.36267952362203
J,T,115.24520395554175,-112.90230611943879
J,L,109.19502515824641,-115.20642929113205
J,S,50.11595350051772,53.16227849421848
J,G,4.08355842906004,72.20958211620787
J,H,117.0283979769811,-107.62528585441771
J,D,130.15497057150392,-80.10342970644362
J,E,149.15986331890377,-131.56004406462085
J,Y,134.0707775997614,-103.89934358657435
J,I,159.2569978706325,-133.06341095151373
J,V,116.5342999417795,-123.99358536303689
J,R,151.294986227515,-75.01936070724422
J,G,-167.27459770925515,-100.71477401779173
J,G,142.50269584607588,141.37410737916042
J,R,-19.5821004523045,-64.74227973968091
J,N,-17.07782521928426,-66.62656026463233
J,L,-5.692339951213014,-90.38793753686264
J,F,-34.613206887070454,-55.790366386804784
J,P,-19.310060667480297,-60.73279812341011
J,L,-10.817035444011971,-81.89715869240548
J,L,-45.35980062817875,-57.37274566454796
J,P,-40.590679268977546,-55.177212848025306
J,D,-42.989147921102216,-64.9949306262536
J,A,-41.69396676038937,-64.67440634579918
J,F,52.075531379061985,-86.26027843605385
J,K,126.22765607681019,-63.2946631565676
J,G,12.416936813309059,80.10464867426352
J,I,121.17812968540096,-111.40785172264457
J,K,-28.430389089017886,-111.4318296164615
J,Q,133.83964713455134,-141.32008681897682
J,I,116.62233133665985,-109.79557484396305
J,G,114.45704862533769,-93.53088847506869
J,V,108.60300247501264,-96.21068575407305
J,I,118.58526126255083,-96.36755417132572
J,G,169.94454398784592,112.9917882010685
J,W,61.06610562467963,-160.27579541510934
J,G,-102.53189241011872,-102.23456159471614
J,S,-44.81524937284023,-107.76145631131216
J,Q,-46.75431902122978,-78.85066136569237
J,A,-47.40164219110712,-52.44599830733203
J,P,-40.911122337132,-58.29381648623685
J,A,-52.005200951268144,-70.25366337558114
J,Q,-45.10454876975973,-61.436802470224826
J,A,-46.197172949036165,-58.71832522269865
J,Q,-43.69715271183654,-68.66611694434336
J,N,-42.14742761908262,-61.11929092068695
J,L,-49.04503358798418,-63.79266967911137
J,K,-49.85018813646886,-57.57658554923042
J,D,-44.570842226016424,-58.28432576159617
J,S,-37.79916815339531,-68.19944966275281
J,L,-35.71785210613044,-68.16091400841363
J,T,-40.95451053768499,-65.24161095439311
J,E,-31.740959593427764,-66.80662942191648
J,A,-3.0486101092802347,-79.67085691302898
J,K,35.68908733714941,58.089994512888666
J,S,147.35476022383583,-84.9376325627866
J,D,6.20297874168777,-95.88647775074756
J,V,130.98057401446124,-62.327610351195325
J,V,134.35776478263242,-92.35655587218272
J,V,110.61166778526338,-107.47951952369417
J,K,131.83326396929584,-114.93535617135112
J,I,129.09952299180682,-88.71372216446564
J,G,124.65039676362288,-111.86193243322623
J,L,155.20896164461723,-132.1959130797068
J,R,162.97759812136223,-68.15211100340359
J,K,-102.82544792569917,-3.1346648854729082
J,G,46.43128880383361,-110.16629091108611
J,S,135.67331343396742,-53.82070689757442
J,N,-8.25686531267486,-71.5344591851405
J,S,-12.36172997763803,-77.39884116948906
J,F,-45.210821226899064,-57.27922493030947
J,A,-35.45436876898416,-63.610194906273975
J,E,-43.065215911528725,-68.794726158608
J,A,-41.72407652497503,-61.41132665400014
J,R,-40.54666923860534,-64.25663893013662
J,A,-23.638372331685538,-61.17961021933077
J,A,5.208055376886982,-93.9615775634524
J,G,15.933086469239171,92.2400919313268
J,F,128.77529560697445,-108.0029591785516
J,S,159.81029544575046,-142.71940609623135
J,E,-42.624928179151475,-64.29651296603501
J,E,-36.57330644943257,-52.977192381085175
J,N,14.188556151120594,-103.67392058335611
J,G,32.589131762322594,63.12393656517956
J,T,11.649840502614966,-113.87375594378929
J,L,123.76048134936659,-150.11752997402496
J,G,-167.96158693369009,-162.1050416174394
J,D,142.10879274749715,-68.20923825395263
J,M,-54.62376016676524,-54.31623774110162
J,W,-38.69282880168049,-67.09147382400198
J,E,-34.842448622158265,-65.33961794403416
J,T,-40.02894625343398,-71.51802036494765
J,I,-45.928686429368305,-61.76447818208161
J,S,-41.769342329807145,-55.54144511117836
J,G,8.14394813101212,-95.72057848503306
J,S,144.82792465257148,-96.69589289453803
J,D,-29.577477220617492,-88.52063839041634
J,L,121.209462669603,-130.76584519310964
J,V,115.26747263206039,-110.005540134749
J,L,106.3445944027014,-97.0608368669841
J,L,85.67412208693469,-83.3555978416717
J,L,53.50978576152815,-107.39839745937269
J,I,171.5510371163262,-112.04830254315544
J,S,145.0116813480701,-56.01128857598722
J,D,-39.25670542675354,-58.192057413120196
J,S,-37.87959724339533,-66.29903817640509
J,A,-32.69259202418692,-65.83797924048645
J,Q,-40.83376556575195,-67.15149778994467
J,A,-38.490710170036266,-63.007614726098474
J,D,0.9133606179229967,-93.40631905490821
J,N,14.75866962141504,-139.13106638165328
J,Y,-29.86760911006735,-63.82823223111179
J,E,-34.44442806422586,-66.18643895434384
J,K,-37.049883959832,-72.483400108003
J,V,-46.37829643114057,-66.51588531047946
J,F,-42.637572397255674,-59.86473947265204
J,S,-17.759218666192105,-64.52499758815617
J,H,-5.59985970097276,-97.08122340490999
J,M,133.57433983177197,-76.51376171731059
J,K,152.2074638974778,-73.30203255703627
J,P,141.86936390207907,-59.99567020530925
J,N,26.283840516234868,58.475856820028106
J,S,-179.69984844000658,-91.83190249024388
J,I,126.9466060188238,-124.28107719451772
J,L,124.99782414645921,-97.0382843863968
J,G,129.3641354638896,-115.08787153770528
J,L,157.5140834500424,-116.56749657619923
J,S,18.97273222352029,-113.95933417792972
J,H,144.78158606431433,-168.27689422162436
J,G,5.117690763653534,-83.6186347370326
J,F,-48.01236674171497,-46.800482932226195
J,L,-39.587483805111894,-56.00125470099835
J,L,-46.32037992967128,-62.155514203202266
J,G,-45.54380658210236,-53.874414437328426
J,H,-47.94449391968255,-64.28363955353623
J,L,-39.08799425263136,-58.093882118236984
J,Q,-40.626435489273604,-60.525409240318226
J,S,-24.771199758641064,-62.21307413822967
J,L,0.4520003760014522,-98.28855758423987
J,G,39.300891492185485,67.8997145632172
J,Q,171.39268868638194,-125.06790031484988
J,D,175.52849539917884,-146.83326652646772
J,F,160.03819990592095,-70.21802695218959
J,P,151.07225844576868,-59.82241411145858
J,K,16.740898188325907,-90.41449199831632
J,N,20.789221300930137,-123.55853523291633
J,I,151.4759476820901,-138.6439340332783
J,S,149.70164436530712,-92.32809877509314
J,V,119.90491561859838,-133.78611405464335
J,I,171.8283688303256,-134.49006512698017
J,A,143.50842574792833,-147.616969929957
J,V,107.85757785505709,-134.84608819920484
J,C,99.43952950917073,-112.3460266236028
J,P,130.122341348808,-62.47932330107726
J,K,64.51104005089232,-91.72925547757369
J,G,157.45876777887625,175.68688936526513
J,M,152.01110279409644,-67.22654216682805
J,G,-55.98395713334441,-45.94512606797606
J,P,-26.918230248062695,-56.92367262916717
J,S,-28.942812707411548,-78.73332528760305
J,V,-43.803622967694885,-63.85037081287564
J,R,-51.17277077580327,-72.35704540578682
J,R,-50.483300388872124,-57.88910695158512
J,L,-36.241536830355315,-62.61579974173567
J,Y,-48.66321086270312,-61.59837074090438
J,V,-46.845881342367065,-57.4544683175473
J,Q,-22.5386620865183,-64.58950567983607
J,G,-3.6675805453996966,-88.62651366417931
J,K,-36.72569501698472,-52.951008475714644
J,E,8.066322424659445,-102.891306881884
J,V,27.39897130304702,-125.41337907794134
J,N,19.625292342808272,71.75094955877086
J,G,156.03653804912346,102.7923815854601
J,A,159.9236388842986,-159.40275025103537
J,G,-157.12077919574003,173.81705851329843
J,I,131.27676554034147,-115.19274616540147
J,N,145.1045837501891,-58.44444670481358
J,S,154.29210349209762,-133.88907404335413
J,S,154.67462877261337,-104.0567968185835
J,F,152.57346559282712,-136.16167934973376
J,A,153.8005156522343,-144.59672020776387
J,V,102.02986399295992,-129.14388814352972
J,H,-43.11729911711298,-82.8354758738899
J,Q,140.621237519671,-138.41075895422475
J,D,102.12757060536988,-141.57818840027747
J,V,-47.14490379723358,-65.83171266990634
J,D,6.817291509326452,-128.9820835731591
J,G,0.6214152074501581,94.67919197526867
J,R,-17.418734150642713,-87.24594842101511
J,A,-50.41755703875373,-50.224784757472875
J,T,-49.557985804951876,-59.17406171072872
J,D,-28.498709847722754,-70.30405543522696
J,V,-41.26844728426662,-67.81231054323935
J,A,-48.51850989704091,-66.50091288060217
J,L,-40.1682498141062,-60.92274426921468
J,G,-41.8664832801005,-66.36278138086675
J,W,-46.69095532577022,-60.18819710304297
J,S,-51.12245030300467,-61.92231754584063
J,I,-40.62526422177635,-60.23421595397674
J,A,-23.83127358013141,-63.69254410471428
J,L,-15.182262672052012,-79.84810000346066
J,G,12.808452057070276,98.96898586589514
J,S,121.67246878844989,-56.089423791558296
J,P,-40.70427115605191,-63.121516643849155
J,F,143.43352165157808,-146.36953600539363
J,T,128.59664898054226,-116.64852458970388
J,F,155.010827089345,-116.95005491425101
J,A,140.51607599854972,-88.01642556509503
J,T,-172.00933804128118,-152.37180378504976
J,T,163.24318883348238,-121.82967820137151
J,L,-38.88025237146664,-59.46170569918533
J,E,-40.63459202280494,-72.6545717145015
J,Q,-35.80870918391944,-64.4733858116118
J,E,-47.72448557545849,-68.09742430632555
J,Y,-38.02577802595042,-65.38903600973832
J,K,-44.50059005081266,-62.44731589993228
J,S,-34.17135777034628,-76.5738199200443
J,D,-54.287009856570634,-72.89637411825163
J,I,-36.508420208641475,-60.37260414105874
J,F,-53.949594755588784,-65.44110208505211
J,G,-38.73088755023047,-57.60115150971134
J,E,-31.435733563984197,-68.9095283154624
J,R,-24.25301889488595,-78.78348618945962
J,G,-134.44672938972846,-85.55833890278414
J,I,-34.865163434773415,-51.369439032397445
J,L,-43.513510914907854,-63.08871553725902
J,L,-64.85343044557496,-135.63542398371982
J,G,-55.53563584524094,-53.25897077421031
J,A,-45.77954611063485,-63.1432392613987
J,V,-36.49416087087168,-63.66407558328391
J,H,-48.557044254475734,-64.89751144353771
J,G,-39.71273346572573,-60.71999838731901
J,I,-49.56276319665042,-60.52860924379393
J,V,-39.12354042740793,-63.19899829948866
J,E,-44.572920448226135,-69.59721117781636
J,C,-50.92317154581269,-59.293906636937855
J,L,-36.842619115404055,-69.7750148741987
J,F,-44.15380476339367,-58.259343517333605
J,R,-45.64400985683697,-64.02562372765537
J,R,-49.72145020011825,-61.46648331173202
J,Y,-45.345411538438235,-60.79851594094377
J,T,-34.904262941555714,-68.52748266013741
J,E,-32.22404460490657,-64.29162577377174
J,S,1.3802720559721438,-80.60528353397342
J,G,-6.160939817371999,104.9669489300984
J,M,138.38275488848484,-68.33259267666679
J,S,159.23942744395427,-62.99052310819362
J,E,-39.62670251855107,-61.74314965224847
J,D,-47.284022413856384,-59.57188868845176
J,L,-32.428159338775586,-72.69498600547882
J,A,-34.484723295847346,-68.44055421786263
J,Y,-44.73453336997544,-73.28160032171297
J,K,-42.77624802134083,-60.875374283007595
J,N,-6.095442235964632,-72.98867419822477
J,T,-77.37503240073438,-116.99505017400374
J,V,-52.75211545697596,-64.9713557422994
J,E,-44.52378687173389,-61.258908367078774
J,C,-52.981847869756834,-57.31305168454303
J,I,-49.181601960189035,-65.60691439736368
J,T,-11.249851370466008,-76.714016697075
J,G,-99.77469979371773,-108.3402119247026
J,V,-42.32721918543623,-55.20374367406015
J,I,-49.1794229221137,-61.24503774321731
J,S,-43.204732278832516,-62.516185466300634
J,K,-44.47408229121913,-60.59327625713337
J,T,-48.806470152815685,-63.621844790728694
J,I,-36.856603846154165,-65.74443295082438
J,S,-46.37216626055695,-56.03550490205645
J,T,-16.850849032854935,-116.35079984298262
J,K,-28.22678194452845,-113.07925249110103
J,G,168.88668144306982,104.08407318043217
J,M,-35.87488690089744,-69.40814932690246
J,L,-44.95967345891367,-66.277355440828
J,A,-39.301887528926095,-57.532852051423745
J,L,-47.2086591720875,-62.02408389773782
J,Y,-47.69493812277147,-59.7356934554342
J,N,-22.143962790772466,-62.51420316871663
J,S,-7.355298369486372,-76.78061319652136
J,L,152.54437475881758,-86.4302540085236
J,S,171.26356349543647,-72.16267702413434
J,E,-30.300768968955577,-66.87997357021288
J,E,-34.83274529179288,-73.80962355730409
J,G,-40.130598981505855,-63.37958329388509
J,K,-37.553057459781954,-63.16678760386294
J,K,-40.886605381053755,-66.1063933511424
J,D,-41.4288556931532,-66.40868791060818
J,F,-45.39110849855533,-59.68636999903871
J,Q,-42.45152820856753,-60.824431391304024
J,A,-45.036788019653656,-62.898098966813734
J,A,-45.50036012009244,-65.49520032257588
J,Y,-48.14725439083257,-64.47570223282705
J,S,-37.776337621500126,-59.109158809712966
J,A,-27.76442300381173,-82.50936041706326
J,S,-25.81221085491374,-92.36227470600492
J,Y,-57.69497391600666,-51.389354341737665
J,Y,-41.96527085985043,-69.35878170958023
J,P,-38.780497882516926,-61.48547233703701
J,S,-46.69918625482101,-63.091629738969324
J,M,-36.670630781569116,-59.89339426043121
J,D,-54.42358630256898,-52.715455078347084
J,I,-40.82267990801064,-68.50185350624396
J,L,-44.044352845874776,-60.379511580730316
J,Y,-48.643463428092424,-59.11402841355473
J,E,-50.99938716767219,-58.64667892699051
J,C,-49.552866331232785,-57.79564793313368
J,Y,-49.858675485411894,-54.49232989405152
J,E,-33.04046580972764,-63.47275444292295
J,D,-29.59970958923351,-69.86094138043752
J,V,-47.740058823045416,-74.52531380866832
J,A,-32.45038273191398,-66.92624078397468
J,S,-21.732248023893685,-75.77228544581772
J,G,-15.43276474757238,105.94090292357129
J,S,-48.25094688480692,-56.05826689564832
J,E,-38.553772365211586,-68.04463722522271
J,I,-45.23093574831882,-61.79231874470271
J,R,-43.60722066494277,-61.07396752315689
J,S,-40.636415654214794,-55.676632550247625
J,V,-39.50227902990693,-68.71342532669098
J,V,-45.798934477833804,-64.37885765002599
J,L,-37.95473192994279,-66.44616791127638
J,A,-38.67316326193774,-59.92044868138293
J,G,-36.9657747193002,-58.5201087901718
J,R,-27.221482169514342,-72.10925148143359
J,R,-4.44679732631968,-77.16200772873674
J,F,-14.102737486864477,-72.08309289793385
J,Y,155.87370657850477,-122.62433137119496
J,E,136.33192377719567,-67.15086832667158
J,K,156.5260894305517,-163.5613307406763
J,E,27.839998068683066,55.29082307196612
J,G,10.821992269434391,75.32368088873054
J,L,159.4982148596854,-108.54926361292996
J,P,166.98220903223952,-68.16631698900993
J,A,141.27539574021998,-90.0765271578415
J,F,76.22312682969401,-126.76823679768505
J,P,162.73744661254258,-68.76866169284715
J,M,144.54905306972597,-64.05755129531552
J,G,-167.88171974100396,-101.92288417730433
J,K,141.11599680453216,-90.39676297676831
J,I,1.7195613632395104,-111.7740283571431
J,D,24.99669649742921,-117.7616709999678
J,Q,3.4668162773464686,-103.99921891349943
J,T,173.22387499774217,-81.70745299907568
J,R,-66.71095528781011,-40.10265941780315
J,M,-27.540280444533348,-59.19403453425253
J,W,-34.44933847430412,-79.27858588647196
J,K,-35.281005410535734,-66.65051144804518
J,V,-43.41187058909953,-63.54799056029908
J,G,-40.98597365276222,-56.36806721478218
J,E,-42.64139442505656,-58.366689720311804
J,K,-41.23619761650516,-67.41280345402835
J,V,-47.72404836199841,-61.64488700488563
J,R,-31.112073440739014,-65.49060813290156
J,S,-23.70440510457362,-60.304324683627485
J,V,10.884602599652725,-119.73009290731426
J,R,126.2873621228932,-73.49348779805403
J,P,154.92376335670605,-71.73891779694424
J,A,140.76938040325265,-64.51123064195944
J,G,-1.647262177684683,82.1028525222498
J,D,128.86749904079414,-68.5011853097147
J,L,3.4692432326167175,-107.99016818781836
J,G,174.26126542846703,81.7593088799537
J,P,161.89206762203762,-85.65140423743085
J,L,102.55925316747094,-108.73545565643693
J,Y,108.70755979104521,-100.7347288444208
J,P,-44.49960326630273,-47.54876479020751
J,F,-42.18688091509111,-61.141440840662845
J,T,-42.79821787609525,-62.299211103764215
J,A,-39.39589344278597,-60.555990733988764
J,G,-41.77193864427786,-63.30708444019465
J,V,-49.22729758434137,-68.02573208443646
J,Y,-50.50246342319728,-59.119429976644966
J,V,-34.68751613838749,-65.31011665587374
J,A,-43.23899509045936,-64.18356187149276
J,L,-38.56731718183767,-66.75085221929426
J,M,-48.1429759552944,-59.21957725742071
J,M,-36.8213350722049,-66.39753384101839
J,A,-40.5115575725617,-65.01030573509358
J,Q,-41.695838342806,-62.976699308867104
J,I,-45.55515932106678,-59.67371380765487
J,E,-41.337339964186214,-64.34096257028196
J,I,-49.41666969611189,-60.01990786281067
J,L,-35.46264292449641,-62.275243191333885
J,R,-54.854007702068046,-63.703415624727015
J,K,-25.758119060886756,-64.41212809483325
J,K,6.233699541389794,-89.90563247716275
J,G,21.60980971304458,91.24159541576942
J,H,153.3936608229806,-90.40607912828011
J,S,153.40075031751854,-72.82595028534845
J,Y,-34.03098310540783,-62.17924139566691
J,S,-43.282874338216516,-62.191994566852244
J,E,-44.353097069046584,-68.81673302238472
J,I,-50.606340702363276,-60.85477902126595
J,I,-37.611929813443524,-62.76769998909463
J,N,-43.911719512521394,-71.60355218685669
J,E,-22.997414811210625,-74.75883002663625
J,S,-16.895700394924322,-112.25906172380165
J,V,-66.73477708262507,-130.20991930737551
J,I,-50.81686967379581,-54.67594355608462
J,E,-42.00584362657868,-58.915164296757
J,A,-53.16667475067512,-57.958726832786894
J,V,-29.559872261361008,-79.44887590943424
J,D,-28.657042380806292,-98.74743863071913
J,S,-53.274995899064365,-103.59817272895333
J,L,-57.046949817877774,-83.46660287627813
J,N,-37.71708075029341,-49.23608038493238
J,P,-29.717223399416508,-57.85846186181561
J,F,-34.718310847461545,-73.28851297574768
J,M,-32.42989028039418,-73.50823009233491
J,H,-40.36120730975596,-67.09189224370607
J,A,-38.931131929926146,-68.78725331832922
J,R,31.576621868883983,-155.73697598245042
J,G,176.51630013128457,89.10263838090115
J,V,-35.67371192640957,-59.88947618513592
J,S,-39.360637313957625,-69.30893469475754
J,F,-22.16560668718944,-59.920056524445485
J,M,-65.74485218894661,-91.8059535632335
J,V,-54.515938570356354,-54.07682237869027
J,D,-4.855808437413874,-70.89488174499262
J,N,-1.1246500144367688,-91.36716621013478
J,C,-177.13073510249117,-95.47246396618011
J,S,163.55647761308543,-68.8500583052985
J,T,-45.788260169865914,-57.3324949661133
J,T,-42.86539380934303,-58.028184109295765
J,A,-35.49020691730755,-71.99985966973658
J,R,-42.0449932047311,-65.76758222098235
J,L,-43.01297516665528,-67.4063061529391
J,G,-47.06140381318522,-59.55364847497667
J,S,-44.2126962196818,-59.629703280946195
J,R,-37.63743494684258,-64.39485861178122
J,K,-32.653917260625136,-76.48935736928803
J,W,-25.28723687297169,-101.86186214153068
J,A,-44.69537851953335,-54.19771401761558
J,P,-33.086178372233185,-60.24243899575203
J,R,-43.51633519250317,-64.06775909356554
J,F,-39.50117165992646,-68.48346436151621
J,D,-53.47630522977822,-58.971929582412464
J,Y,-45.42510693934493,-62.5361514302467
J,I,-37.431793719496454,-66.42447043132036
J,L,-42.4782025206811,-67.22363064995668
J,S,-43.54464413425107,-65.44022330255963
J,Q,-36.747136538000234,-72.62646716469538
J,Q,-60.275577441632166,-112.30752091233396
J,A,-54.09717777492507,-59.12103425100999
J,L,-31.496868514980694,-68.89771299317596
J,V,-40.655973130864716,-67.74934849971297
J,A,-41.888266638954136,-60.56776558523972
J,V,-45.51607639083405,-62.96369242917509
J,D,-28.76851435194361,-65.20902309389577
J,N,1.2192558759172494,-87.07968533631418
J,G,38.05262598497504,70.34145594380156
J,A,137.76392109083395,-58.02105686617676
J,P,155.87812626924824,-65.8032967670013
J,I,130.79292774123275,-73.20128108021629
J,N,93.90358581125204,-79.82634472344714
J,Q,-39.195686332530904,-56.79217163034273
J,D,-38.7845669810802,-63.14451175554172
J,L,-48.54442546373688,-62.34478426451228
J,I,-46.599960855013464,-62.229979820324075
J,S,-46.893079724695,-56.37932017777823
J,N,-33.011472904023336,-64.49781793926428
J,F,-44.8095707106274,-65.2891040323633
J,L,-34.094888416120995,-64.23059866396147
J,S,3.395548746176079,-101.72691398904648
J,D,129.74437328516044,-54.80848734581249
J,P,-14.804290285435403,-63.62741687461654
J,V,-25.758958549696338,-66.6363584406649
J,H,-48.22150992941216,-62.35204153746506
J,E,-38.072865667040595,-65.3494072755394
J,A,-42.6902661020566,-58.97239341800916
J,I,-36.06915367701482,-63.44819147166777
J,G,-43.57232057616495,-62.78784002061709
J,V,-47.18059711367108,-60.82970843388413
J,C,-38.782729559207525,-60.39994852961545
J,A,-30.153021268306276,-60.45255980729962
J,Q,-28.10037473744239,-62.26584433584358
J,L,2.9226452090640054,-84.10985189172071
J,R,121.70952075155476,-91.48315677576365
J,P,153.84037852846126,-57.67894651849437
J,S,65.90873341978467,-86.9248687285803
J,V,129.0962804744285,-138.5022372083192
J,D,128.61758269713144,-111.04868774358803
J,I,133.70240302573387,-53.07806513926889
J,S,106.49948077130239,-104.18164904050263
J,V,134.6652401051226,-133.06743423037727
J,T,167.8956760910885,-129.92839734149703
J,A,-35.278463502679294,-53.292312954021234
J,D,26.521452211115783,-93.15685199153694
J,A,135.56809730903225,-55.17592838489432
J,D,0.2999884092839247,-101.03263577474527
J,F,17.24541852195423,-99.98201179025318
J,V,172.69370951932407,-101.06034070084549
J,R,140.85765669537852,-52.051748461598926
J,P,-45.25384576713802,-46.244314591775115
J,E,-2.698490998498968,-74.51136685121223
J,L,-1.8091880852614173,-112.17034706629369
J,R,138.1996890823116,-72.89232727932759
J,Q,166.02530061109601,-133.81775718035098
K,D,125.05896650546195,-72.50114156655873
K,F,154.9130009532633,-122.27923992916536
K,D,126.53615773392356,-136.39019418435078
K,S,145.0064520115811,-107.5259823054539
K,S,-24.160877363573015,-99.49236292937829
K,V,-38.62849329975883,-103.82794255795801
K,F,159.78463342842403,-107.34142372259639
K,K,123.47431323633718,-89.44466645753394
K,K,148.5055123101182,-92.83571342960131
K,E,143.8782349870422,-143.75299129557874
K,K,137.57287777105847,-82.64776148195956
K,V,139.31920159717714,-129.62141254066125
K,T,112.54790462968079,-110.11713906533896
K,L,103.56808817196813,-112.05343398849838
K,S,55.66439845101182,53.00251739916207
K,G,-2.563850163126783,74.147462177865
K,H,115.65801055842476,-106.58081701122453
K,D,137.81125547371684,-81.44651665047991
K,E,148.02996611132755,-139.89397703890458
K,Y,138.00770063101217,-102.92650574979056
K,I,161.69069932137302,-129.85198135272756
K,V,114.6503276184304,-125.61943962331031
K,R,140.9874553493905,-71.4930140964835
K,G,-166.3797870882068,-94.9076556503389
K,G,138.6058184157043,138.69145981394632
K,R,-21.685506307148586,-63.117450633110515
K,N,-19.051324659638368,-62.933476584638576
K,L,-6.715244516268117,-88.20723083522161
K,F,-35.29868691951107,-58.05039855580414
K,P,-14.500642433582989,-60.876361354471626
K,L,-8.451536704324843,-87.34769038125229
K,L,-45.24158089799043,-56.163694421421816
K,P,-36.90275536959088,-56.67547313584653
K,D,-38.205842596927866,-70.55240987469911
K,A,-40.215384561629456,-67.81443116751775
K,F,42.062934261856014,-87.58959464519579
K,K,127.48983389948614,-56.32723913506227
K,G,11.154085770564777,76.0735002194105
K,I,115.65128618647765,-107.56778837610307
K,K,-35.87241307229228,-104.08950976507586
K,Q,131.17521395544114,-137.95909014914582
K,I,120.64097880698527,-103.957606467941
K,G,116.67431659612967,-98.35500848689081
K,V,108.55304485364589,-98.01474010080995
K,I,121.41301646872839,-95.60941592902168
K,G,173.0014541694662,108.33886392242688
K,W,60.26678911822955,-161.5559883873766
K,G,-105.66511434055218,-100.0647746487251
K,S,-43.55321225156954,-103.33314810688846
K,Q,-42.83420217580113,-79.99907717991294
K,A,-46.63889848684196,-55.629316102296734
K,P,-39.08290926778917,-59.93738390141933
K,A,-54.27626717826471,-68.8567517997995
K,Q,-41.30592489733975,-60.74077703115089
K,A,-42.43781768393637,-62.81493448534265
K,Q,-44.42799559630725,-70.52793231882471
K,N,-42.7442817805879,-62.17943275310683
K,L,-47.66227187255026,-62.77552920597605
K,K,-45.11210401400681,-57.75159788722808
K,D,-46.02605783471209,-62.463134250741454
K,S,-40.978268576495104,-66.51219869906156
K,L,-37.13604313510134,-66.62932559371751
K,T,-46.51011510041285,-62.974972930346915
K,E,-45.070866578058016,-57.09389559551988
K,A,-2.5994717425779785,-74.10860286293716
K,K,40.679300588996675,58.53953243274962
K,S,152.17540406329763,-87.51900735744998
K,D,-11.238482788047811,-87.37913197493975
K,V,131.59094110335346,-57.78328289780166
K,V,133.11903433853809,-99.62544414687761
K,V,113.16869187788427,-101.91815622507463
K,K,131.64518416872525,-116.39372888807073
K,I,131.11693087240644,-89.25360036020466
K,G,125.67825186635599,-119.67557136194873
K,L,152.2058454910417,-129.24722186283665
K,R,145.70265066110633,-61.73372381189334
K,K,-65.82578837390832,-32.49891958939863
K,G,54.635976638421205,-95.57923800411139
K,S,137.53910052476945,-93.64585983387259
K,N,-4.837037336161703,-86.09545742252304
K,S,-4.295365492610784,-82.69486766475377
K,F,-49.725952034877196,-59.191625888115986
K,A,-34.53530517317089,-61.48729123158221
K,E,-41.692406358642465,-68.34827566813865
K,A,-36.78784967390893,-62.701747714420755
K,R,-46.27678739377016,-64.52215564863012
K,A,-28.107226151343088,-59.664142743361374
K,A,-2.4480875360069145,-83.35180943121932
K,G,11.757582260935095,101.47192512524335
K,F,122.21607416737186,-111.22318094194891
K,S,169.23207286159777,-142.1538355265934
K,E,-36.555982244350126,-68.81012018292671
K,E,-48.864390199041765,-53.75866212628564
K,N,6.249134617817863,-89.96864525590479
K,G,31.55864857405696,69.34712323993155
K,T,12.296734114298994,-118.05701937340591
K,L,127.88176480372645,-146.28339307387805
K,G,-168.19204032455698,-163.9414730236778
K,D,139.90121709660374,-68.53716348268838
K,M,-50.883099090792065,-52.99488066090496
K,W,-40.52882195359962,-69.95755340973494
K,E,-36.02195656654553,-65.35925793999608
K,T,-46.22192007376721,-65.48235401730669
K,I,-45.194663967901576,-59.57351176592038
K,S,-38.2468716669959,-57.475503811556216
K,G,10.919410039279326,-98.57526127707497
K,S,144.4489572655058,-98.75958661654137
K,D,-30.024730901852802,-90.77983435176256
K,L,119.81274102439745,-131.5760514719092
K,V,114.57492460165808,-108.90160523110967
K,L,110.01132805077681,-97.11031694323513
K,L,86.75528379709917,-85.09372017732225
K,L,51.519988821177684,-107.79466600773324
K,I,170.04832934902615,-112.68420521176468
K,S,144.54059827931414,-54.11264594450835
K,D,-41.22612329252364,-60.49019679102124
K,S,-36.02070475725859,-63.62271164729414
K,A,-37.89611100012486,-64.85451177791171
K,Q,-46.399611524925064,-62.1521817970698
K,A,-37.974692731602225,-58.87886023953925
K,D,-0.37946683937248826,-92.29020849121929
K,N,15.205636884579008,-138.85323866147388
K,Y,-32.27475031178976,-62.35414106311063
K,E,-39.2326736353679,-59.143690319526634
K,K,-35.9828264438715,-72.10034548814222
K,V,-51.38115135619974,-65.6003064290795
K,F,-41.49144889388315,-59.46362797586242
K,S,-14.803032226533489,-65.91063893125774
K,H,-2.9534679705220053,-98.97628231047426
K,M,135.69576649217746,-75.98819810538777
K,K,153.55409272744424,-74.76723344376875
K,P,141.6304775857937,-62.975880812589494
K,N,30.261376838126345,60.41451573584136
K,S,178.16192324143427,-96.07830271448346
K,I,126.68507433433524,-121.99172849635701
K,L,122.71644269150015,-96.40505423302474
K,G,131.26719609169695,-112.69845431689195
K,L,159.66254176352527,-116.03853157734113
K,S,13.877138727008504,-115.47364426679063
K,H,145.289384681257,-162.23137276794367
K,G,8.176822878573569,-87.6395111485914
K,F,-48.19171509228244,-47.673772121743625
K,L,-36.16156372881011,-57.04265889160806
K,L,-43.15737683205374,-65.2600267799517
K,G,-41.108551583199635,-59.21341764528345
K,H,-46.6169003453082,-64.46038404767943
K,L,-39.29617225458837,-60.52844569640743
K,Q,-37.52236072611433,-59.81085523506826
K,S,-20.98079403202826,-65.15654744616658
K,L,0.9384934813777804,-103.89605355230377
K,G,31.551721019360965,70.56293148633065
K,Q,172.39348621147957,-117.77995793132614
K,D,178.97330948284358,-143.5626707301868
K,F,160.1744421047733,-75.18480575248164
K,P,153.6042120422983,-60.76487231226952
K,K,20.05368781974276,-90.63550885092548
K,N,13.367904219551924,-122.56841727654383
K,I,161.7582665586093,-135.92154499542715
K,S,154.19566628325776,-94.27871063684799
K,V,118.07506540392221,-136.42168101377777
K,I,171.6843557380876,-130.8685872032307
K,A,142.74277516737178,-147.6195166803649
K,V,110.47210012829079,-133.96862694400733
K,C,102.49468287378765,-115.66714626004085
K,P,127.61495040854899,-63.065952810635444
K,K,64.91012388900636,-89.83037792872602
K,G,160.7014027729309,177.09590753019705
K,M,153.2843817953772,-69.94447268184824
K,G,-53.82211626580851,-48.635552616542135
K,P,-29.39787941923906,-58.00249004449422
K,S,-30.693143378908566,-76.83731935492317
K,V,-42.64400744429997,-61.5170240402635
K,R,-51.77118676885963,-73.75474737672845
K,R,-54.763077564074244,-53.861422885900524
K,L,-37.43170252987452,-60.29244052403134
K,Y,-41.87986813023201,-63.82901740341937
K,V,-43.0233973235664,-62.862449748358166
K,Q,-16.576156570303343,-70.70188965749144
K,G,-3.006239438701405,-93.46965917997431
K,K,-33.17016625842516,-51.01560428723053
K,E,6.266833167327101,-108.70152434752177
K,V,25.215974909667494,-120.95312636252562
K,N,18.569253581817293,74.63298258589299
K,G,153.04206607878888,108.66343641541243
K,A,157.70186629188157,-165.79161808096703
K,G,-155.66962757528998,169.1090050095971
K,I,132.91719068704717,-112.0896948418896
K,N,144.34874036100246,-58.779648254330205
K,S,150.98756487166236,-131.85630347247363
K,S,155.56358847107666,-102.59499481740258
K,F,155.10725837686098,-138.95262833328508
K,A,157.4058246835956,-144.67843737675818
K,V,101.65077179354734,-130.40907249599178
K,H,-45.724700531771965,-80.24063100443462
K,Q,140.63547852397562,-136.38930959583175
K,D,104.01855804923872,-138.44722230466473
K,V,-47.42228674241456,-70.03760209482037
K,D,12.563364006479604,-126.36253689488629
K,G,0.58848953407792,88.65219533523555
K,R,-20.984862094815792,-87.54096969488191
K,A,-44.952751103140066,-49.723386240795115
K,T,-49.41250691630135,-62.014457139748664
K,D,-22.80906630377568,-76.22941269256211
K,V,-42.217690929404164,-67.93343209345323
K,A,-49.33275883225439,-64.9413110834821
K,L,-44.72892074340745,-59.29421839389713
K,G,-43.950877169704846,-60.05607698282621
K,W,-49.53623076509643,-60.99783179101962
K,S,-47.01203771505785,-60.506234136444675
K,I,-38.055263080627,-61.89751009923288
K,A,-26.10908388446931,-67.77583704692715
K,L,-18.559455870808097,-74.3323222604902
K,G,13.734087680889685,102.38808250553159
K,S,121.86162588522808,-58.12169908336765
K,P,-38.05220316960656,-62.59912615067451
K,F,144.17050443808975,-149.4199126871897
K,T,122.57824020947774,-118.3160139104079
K,F,151.745259307371,-110.94993764044797
K,A,144.6396224807518,-81.74005052168168
K,T,-174.04624624323216,-158.40473108458747
K,T,162.64890376636922,-122.91741276964834
K,L,-36.830469730557525,-58.72227961974463
K,E,-36.65321676000042,-76.27507960631988
K,Q,-38.55874003992036,-65.63522310337255
K,E,-51.587551633028106,-64.09388951201608
K,Y,-37.5772610334219,-62.89825170332507
K,K,-45.53666858546953,-61.730752576764395
K,S,-34.465740858603844,-77.25339654594589
K,D,-52.89368263444068,-71.2794028395782
K,I,-37.16468810686326,-61.76503451028268
K,F,-54.903683075012765,-65.44255354250096
K,G,-38.62143462705942,-57.638807927818135
K,E,-29.94126850724002,-67.35094428730197
K,R,-26.396941124593898,-79.82643834008341
K,G,-134.43264058233328,-84.78471317652202
K,I,-41.1384688336101,-49.131812638183234
K,L,-45.877413356880005,-57.878917053970646
K,L,-64.81329855046208,-133.35897401156464
K,G,-56.368322519607595,-54.085732291746545
K,A,-40.797213342474535,-64.4896696537218
K,V,-35.15638087535144,-66.80000548316713
K,H,-46.922840604960825,-64.75316998610269
K,G,-41.9398507769245,-60.18072315618702
K,I,-49.83304337029904,-59.32103244213621
K,V,-40.68626479292409,-61.54928593759309
K,E,-47.899251991088676,-68.41421385803966
K,C,-53.804675615953606,-58.125680057651756
K,L,-34.53475725517583,-68.78048468045951
K,F,-47.136794985552456,-61.23044322700225
K,R,-49.4464842387882,-60.64015407380288
K,R,-53.252771289532966,-54.70701504443001
K,Y,-45.83697957450466,-57.02319970716433
K,T,-35.94579727623179,-66.65964946278424
K,E,-34.28430220446077,-64.53294907196079
K,S,-4.805168645532838,-74.1949878930656
K,G,-6.310252011780131,107.8329402010964
K,M,144.63662771364815,-68.35800474913724
K,S,156.56754238664817,-66.48016833177455
K,E,-47.86605933889082,-59.436015025567066
K,D,-54.9344154210884,-49.879202899766554
K,L,-33.02127500514089,-65.88628507885717
K,A,-37.700568808386485,-68.90384601906901
K,Y,-45.95314642140019,-67.5826901501854
K,K,-41.97074364704963,-61.43585493471065
K,N,-6.88130116778559,-73.91912559485432
K,T,-78.46781509573015,-116.3646548940928
K,V,-54.219902291152074,-62.393123173721584
K,E,-44.740074980360276,-61.74550875367449
K,C,-51.33818924257134,-57.0515131268875
K,I,-46.06653506239733,-68.06890202030519
K,T,-14.121924284284054,-77.89701510656657
K,G,-103.23689546740762,-106.86099704014325
K,V,-42.32079264583606,-51.44217660981813
K,I,-51.76895931660315,-61.64953378071501
K,S,-46.6499521635458,-56.49584537849973
K,K,-44.87294243920548,-60.024733645784956
K,T,-46.49458203471867,-62.22272246713911
K,I,-36.44154502732281,-66.99806239832307
K,S,-44.83899861036123,-57.30142313600071
K,T,-27.55380009596019,-113.44518100015057
K,K,-31.70085646521572,-105.42196177676587
K,G,172.76900195803105,105.87790824338548
K,M,-35.114156715026695,-69.84305929169028
K,L,-42.91532752434709,-65.56643994796057
K,A,-38.943996514490046,-61.94655893518131
K,L,-48.598924656214166,-59.608173191695116
K,Y,-44.1329268448536,-58.86019139952332
K,N,-25.42793097834819,-66.4520304133631
K,S,-3.276523162136542,-76.40863674564815
K,L,151.6219768381269,-89.24941356381704
K,S,176.76498353896736,-71.46691496584124
K,E,-31.455870293827886,-71.16661248160139
K,E,-39.947292114297724,-69.45651055018926
K,G,-45.118655820076924,-62.84954490964092
K,K,-38.69283861656647,-57.61887844502195
K,K,-44.530374782851645,-63.24703725813686
K,D,-39.25504527696361,-67.86733469427891
K,F,-47.94073143533488,-59.39823891963259
K,Q,-41.131250228453,-60.552528578434
K,A,-49.0560518464485,-60.653458845410924
K,A,-43.150476192143394,-64.31391919603875
K,Y,-51.20066518642782,-66.70732158287302
K,S,-38.87678288543235,-54.97567238354463
K,A,-24.73978939391804,-86.9443882287108
K,S,-22.780827679707592,-93.34199205948083
K,Y,-57.40805599835643,-56.11654617578587
K,Y,-45.25422455763837,-65.37755471750881
K,P,-34.539398824349,-60.1780860144728
K,S,-48.321336602225934,-66.27030984249029
K,M,-38.423636310416775,-56.35233953411679
K,D,-54.27458487802703,-51.877311789410236
K,I,-41.23467636927432,-68.70457959399413
K,L,-45.45573710981981,-60.32630107322615
K,Y,-50.130165100503945,-59.29236957459049
K,E,-48.32097735870314,-56.9761076891873
K,C,-45.78124167591,-60.52504771421009
K,Y,-46.00045229315632,-58.452812907874936
K,E,-33.51233630981459,-66.57966953134513
K,D,-30.29267733689346,-69.45912074927386
K,V,-49.67181879320381,-73.73855216681162
K,A,-31.289703311089966,-65.56011386885389
K,S,-21.438528307388324,-74.90092358222016
K,G,-13.68411791813114,104.98403369572408
K,S,-48.52494933604432,-58.35903258611964
K,E,-38.71120620628306,-68.9828300483632
K,I,-43.50037104010553,-61.60436067679304
K,R,-40.740871409547076,-64.93882811559821
K,S,-41.59837313302839,-58.233075549783976
K,V,-39.24325266664544,-65.89172998738604
K,V,-47.69364227981459,-63.04760699931721
K,L,-38.19070177184413,-65.53320870432523
K,A,-41.623898135020326,-58.86440350231117
K,G,-39.217610744531086,-55.69912138340425
K,R,-32.442171906884006,-70.53214125711241
K,R,-4.710179832325156,-72.48859665921964
K,F,-9.42311981254073,-70.07271733058016
K,Y,160.2860550435909,-129.67978662851002
K,E,136.6782733900247,-68.0715600452378
K,K,157.5766332068126,-164.36160242455625
K,E,23.87659129557552,57.17293668117999
K,G,13.267380805244075,75.92870641956193
K,L,161.16038981011226,-112.16570687617245
K,P,168.72747460397787,-72.42419191266187
K,A,149.20972903540945,-86.0559023632706
K,F,71.0939765005549,-133.5652056138064
K,P,161.9541307417265,-67.2500078301884
K,M,143.0245153269098,-63.453640159908645
K,G,-170.29254458640366,-102.08578522887103
K,K,143.51059536288807,-86.69820897077685
K,I,2.024439445257565,-113.09178462988385
K,D,25.954595971114188,-120.56485209596727
K,Q,7.144073041702814,-102.34834530770263
K,T,171.51500168475567,-85.10723418206003
K,R,-61.622731526458914,-42.81964022136983
K,M,-28.55931629248126,-61.32403672189185
K,W,-31.84929882749296,-79.49734409600795
K,K,-35.354641199681275,-67.97999468748323
K,V,-41.41534337129776,-64.99382391427612
K,G,-41.06047050526661,-57.39954319562945
K,E,-38.8710307070144,-61.19837956974277
K,K,-46.19315529070103,-67.06340246923686
K,V,-50.95361160237975,-56.00944428303626
K,R,-28.80193930190343,-65.05152934760576
K,S,-21.473836110342752,-64.7499757328013
K,V,11.523822137373722,-121.5869713956485
K,R,127.12994993461766,-75.3929155374012
K,P,156.66172409987897,-76.69640329959242
K,A,138.56524912353802,-61.37038843521557
K,G,-9.362024520222587,86.34806159544866
K,D,122.85848941695974,-66.38337846135792
K,L,13.419481277124097,-110.6522918657582
K,G,173.45463274097568,73.9833293777249
K,P,163.25349913876758,-86.06947927315676
K,L,91.15501883281777,-107.87168499992515
K,Y,109.25370579651393,-92.54020390126273
K,P,-43.85351378352915,-48.42785524816313
K,F,-43.2261074819806,-60.48313492486752
K,T,-41.07911090422647,-61.63454847786557
K,A,-45.04429132325986,-60.72988504284247
K,G,-41.81750304812988,-59.79505188793869
K,V,-48.059189351698656,-68.61228142270751
K,Y,-46.022249232155445,-63.09485750660377
K,V,-35.60457826005071,-68.1514626653754
K,A,-43.029248499731345,-61.94837388117895
K,L,-39.142683788533674,-67.40588123550988
K,M,-45.75951921148964,-60.162655847791186
K,M,-35.86920722455552,-67.19317828768702
K,A,-38.722478331665826,-66.90765739951243
K,Q,-39.650861902783966,-66.12690402717388
K,I,-42.72497383517252,-60.25327540804503
K,E,-39.705025600154,-67.22813285166393
K,I,-47.554963267166535,-61.90288184638532
K,L,-35.528056266879226,-63.894082375665874
K,R,-54.50420649676639,-62.738551794997505
K,K,-23.78846059427465,-65.70370580545352
K,K,11.158460153654538,-90.35780187322645
K,G,27.101497266684618,76.73794600247217
K,H,156.997275382403,-90.10489991461131
K,S,155.55037883213572,-74.7828946746911
K,Y,-38.95442549135321,-61.389499169126026
K,S,-45.39082673739594,-57.26156464059362
K,E,-45.289558564697906,-70.51220673925333
K,I,-50.77055484336137,-56.40132950113938
K,I,-38.281960195109335,-63.16061174923697
K,N,-41.63794499474845,-71.64265883800162
K,E,-28.070697179940133,-73.11713902380309
K,S,-16.310351848643748,-109.74913350902835
K,V,-67.52103371114998,-131.46896446860396
K,I,-53.3659130810479,-53.198334831076615
K,E,-43.90551452377413,-56.73386421309363
K,A,-49.32882633448361,-60.43959038271452
K,V,-34.84531903251623,-79.34980741389981
K,D,-24.50665388414631,-94.80619558805154
K,S,-50.21621663864588,-111.61068672754543
K,L,-52.20968774552109,-86.85729003557194
K,N,-36.16750035949135,-52.52556502378351
K,P,-27.642496533154326,-59.27476707597202
K,F,-37.54316524125265,-74.05800137974495
K,M,-34.2033275156692,-72.33072284577558
K,H,-42.01758701969048,-63.3324668527075
K,A,-43.186525877806254,-64.67456664750209
K,R,35.234449097133336,-157.67167753170568
K,G,178.6250574653427,86.92010653345787
K,V,-39.0429149989315,-59.32513826576334
K,S,-31.499524322606657,-68.6800799999809
K,F,-24.24499293381462,-67.65457616712712
K,M,-63.28510957989114,-89.12844828165416
K,V,-52.64076561368363,-55.53424938103776
K,D,-0.4419880994833144,-73.99529595187312
K,N,-0.9374863860764476,-94.42961200113888
K,C,-179.4816626534747,-98.48205407781913
K,S,169.00947589179262,-69.61521421820409
K,T,-39.42190810756294,-59.54163402771596
K,T,-42.89059403849939,-64.87751699830028
K,A,-37.718744255639386,-71.51090246890253
K,R,-40.37474152933774,-65.49619166065705
K,L,-42.798753003594314,-69.57209288709683
K,G,-43.489748909504904,-60.81446175228672
K,S,-44.88272498494388,-61.71388903628185
K,R,-36.73238182136606,-64.60380257949217
K,K,-33.4462985207852,-75.97844729887389
K,W,-23.553160540567895,-103.13995448518183
K,A,-43.024388810223115,-55.0174066274399
K,P,-29.96718629092374,-63.364489402686736
K,R,-46.04294214996899,-66.71783505520318
K,F,-37.70418972321982,-65.51604523357535
K,D,-56.4591944070789,-58.571042167600915
K,Y,-48.19291240800965,-59.30220023184144
K,I,-32.1751308116719,-65.7698168830673
K,L,-39.09156332451272,-72.68756068785022
K,S,-46.35023906357936,-67.93821930237908
K,Q,-35.51660933407042,-70.2205816382724
K,Q,-58.3559039165016,-111.42198862898326
K,A,-53.695589834766274,-61.34738759110203
K,L,-35.98520673155363,-66.07942700209655
K,V,-42.87578438872303,-62.72931995724856
K,A,-44.621921175017334,-60.140124674812874
K,V,-47.66338255457974,-64.30925057897113
K,D,-19.83093067060285,-64.02904130841789
K,N,6.4518866409354265,-95.12259398324595
K,G,41.48954568324289,64.97080138807276
K,A,142.8102403276419,-61.3437179381035
K,P,159.11719196298884,-63.354602090714096
K,I,134.33751101916297,-89.22765394417657
K,N,94.76433419963168,-77.32841739407237
K,Q,-36.47530317853517,-61.0959830737736
K,D,-33.399054296836844,-67.56512964235088
K,L,-50.12154182725861,-65.53388409214858
K,I,-43.54311211972556,-60.14899418523705
K,S,-49.01430583512594,-59.00406923543103
K,N,-33.97688537772092,-61.016322615175326
K,F,-49.106965236078445,-63.60304255673847
K,L,-30.219093932441165,-64.86958362652156
K,S,-0.6053998295739363,-103.82401537885613
K,D,126.80217372230426,-53.03261340710018
K,P,-17.43748060590302,-60.9431042347537
K,V,-26.15726602778501,-63.176963386138986
K,H,-41.826598452695556,-64.46093438484068
K,E,-42.77910778959554,-65.90781744235983
K,A,-36.65025887694604,-62.924947785994945
K,I,-36.104896916147105,-66.26607989339459
K,G,-41.29510333186225,-66.42990350187031
K,V,-46.3510403141917,-61.05624713241346
K,C,-36.09405597937407,-62.711776965570444
K,A,-21.225317660701887,-63.54533538959125
K,Q,-25.490093978951535,-69.52614825905192
K,L,-1.5820184460283555,-88.9989360704661
K,R,119.13003720148605,-80.07646566170934
K,P,153.85185467526233,-59.92217153215673
K,S,59.92773984409493,-86.02493655917189
K,V,132.20353846221582,-134.9470404094698
K,D,134.1102876617259,-111.53316077855688
K,I,134.64365873650763,-57.060853635377825
K,S,108.0380810560279,-103.50461630739612
K,V,137.45639699369036,-129.84070828315058
K,T,168.98137865034894,-128.8841442804297
K,A,-28.92996477486159,-58.220612847870036
K,D,15.780516879756583,-97.6267613729841
K,A,127.97804634160059,-46.263674774340444
K,D,-6.534048805720342,-87.79419929698479
K,F,17.522555103391408,-100.02030605871828
K,V,175.09895150621352,-101.4728422243444
K,R,138.07726531694456,-50.614028953878595
K,P,-40.78798025110037,-49.009936018662714
K,E,-7.202826214873853,-72.31737124355966
K,L,-2.5040595641605834,-111.63639359753596
K,R,136.57859432227812,-68.7168332715848
K,Q,139.03682100278044,-105.07753332938951
L,T,-32.70834282784397,-108.3718378152237
L,T,151.4637067863598,-108.12655466477615
L,F,129.71704670138192,-131.12375598702602
L,D,169.757479121143,-99.03938672239384
L,F,176.61392494123365,-167.34570717636612
L,D,142.5593698737944,-136.73783791304254
L,S,137.04829837624038,-127.76573836634147
L,S,-1.2381706129823267,-98.98759061696289
L,V,-46.33793535036221,-116.30147174039881
L,F,163.47438815267157,-101.44548140660463
L,K,122.50516766785972,-91.59660735357812
L,K,140.85888266326845,-94.76339761267151
L,E,159.26659494379052,-138.33578808492868
L,K,151.76366263990255,-95.80518211331798
L,V,134.32562406147468,-141.00542732591475
L,T,111.08187087705059,-106.50294349693841
L,L,109.84040024214566,-111.85308504786127
L,S,50.60093356208589,52.821737259261575
L,G,1.416232249108619,74.37961371999985
L,H,116.63719574315044,-108.3640853950183
L,D,136.94427362108107,-77.30642294982786
L,E,141.25847798929368,-138.43094428303405
L,Y,136.1297413749543,-100.80449051165756
L,I,170.1160697532106,-138.3650259517435
L,V,114.59797461385863,-125.67513913810971
L,R,145.55825030113718,-75.5784913673501
L,G,-173.1905155101416,-91.29317804518755
L,G,144.08783571392897,150.9792958873168
L,R,-28.639589771528907,-65.1097488317617
L,N,-19.2413412055598,-60.54139385980772
L,L,-9.052563104126584,-86.04367742074803
L,F,-32.833052379018575,-55.944850100327756
L,P,-18.0877317218203,-63.748462523180564
L,L,-14.814757344086818,-76.52763352082113
L,L,-42.20272671744719,-56.18655445667955
L,P,-41.59808028926852,-55.80805459760885
L,D,-49.13892966710879,-64.51711567238621
L,A,-33.52134949647072,-59.2519858481422
L,F,20.60806098396017,-95.3749226780061
L,K,138.64171743114156,-49.84908649114389
L,G,-2.57301962621015,83.81608445760727
L,I,116.38369300898987,-112.1068726875451
L,K,-33.94685731978037,-101.77816729276603
L,Q,130.30896713746375,-131.79260055421182
L,I,116.64659471650786,-107.71953531288595
L,G,107.56787513268085,-98.36432091767047
L,V,114.35103818643742,-88.37909760812713
L,I,123.78335774790389,-99.17213500115915
L,G,175.04521558849308,104.2789689424353
L,W,59.630791045057535,-163.91704163476692
L,G,-99.31654873756212,-97.37617151120867
L,S,-43.164466710863955,-110.07435746769973
L,Q,-44.902618663172795,-78.92954435420923
L,A,-48.705478731061035,-54.41210255566439
L,P,-40.458047332175546,-58.37549574465845
L,A,-52.00197710667835,-71.54454130899822
L,Q,-46.18778234781231,-60.596915067216365
L,A,-38.0007196248556,-59.30370733450254
L,Q,-40.97344557969166,-76.50617627898504
L,N,-40.97051836810872,-63.719680611577395
L,L,-52.48289365417641,-62.961204289976465
L,K,-51.35193058844142,-55.330841524978126
L,D,-48.72655383211028,-56.92121429183224
L,S,-41.79364596262783,-60.75127739253034
L,L,-37.666357152138524,-67.91564594224143
L,T,-43.65231858358333,-62.586269686596545
L,E,-29.151565073515854,-66.35443363682697
L,A,0.4739475015345326,-86.73556471249428
L,K,21.511931780217445,60.29392633284084
L,S,160.306361834868,-72.78446422584737
L,D,9.618687602480989,-107.8900375683938
L,V,132.08510180674207,-67.99022614518879
L,V,135.5080882767965,-95.0601364479961
L,V,109.91540115582185,-105.93334174578555
L,K,134.11051398057023,-114.7386348732085
L,I,133.32527451499473,-90.86951113109876
L,G,123.57723797479593,-116.77162104335008
L,L,160.14767536538668,-126.7260620498252
L,R,160.70652061224723,-61.87508701824718
L,K,119.03880109219624,-60.77009775309546
L,G,51.82746847313354,60.528669625813116
L,S,146.28511621274362,-87.98792173608804
L,N,-1.5901271416006943,-87.41986109534916
L,S,-13.775664316963196,-80.51811546621266
L,F,-42.824059469127775,-54.44562662498729
L,A,-41.01650105330238,-64.21581568723632
L,E,-41.7140521596857,-65.08455644417052
L,A,-44.45945352849434,-64.58543326536011
L,R,-37.96493506870193,-59.581610787127936
L,A,-16.490260757168073,-70.93664629140366
L,A,-8.250386811583716,-94.55929624225098
L,G,-10.038482426005508,115.80581116601681
L,F,125.31215691252828,-92.6965567005074
L,S,161.23478212217293,-134.08004452328697
L,E,-38.279044463985855,-68.15788081379425
L,E,-48.59708798210958,-57.15620299169526
L,N,-3.6868111057931814,-77.32742097043754
L,G,13.183689750402038,74.21302822339605
L,T,15.245335420288319,-99.32013181805351
L,L,132.1979566696867,-151.3351556781729
L,G,-170.8243175596017,-172.71156214726574
L,D,138.44856607981086,-63.28797921242817
L,M,-53.065805445592844,-50.734737219296136
L,W,-41.86658921678433,-64.65075281524481
L,E,-38.14355631950726,-65.82488996825172
L,T,-40.56631727805045,-67.08936034041129
L,I,-49.69620002976389,-61.80461266990407
L,S,-25.123215434163452,-58.321693868874476
L,G,6.065438297783239,-104.29389533588218
L,S,149.6555342906131,-96.53956540852398
L,D,-28.258714982884808,-95.6596023241122
L,L,119.15630866752467,-129.3143220994241
L,V,118.68080446393054,-107.29251131262251
L,L,105.02583780905792,-101.26797229732404
L,L,88.4727086720106,-79.76245494516753
L,L,52.05853858173044,-112.02165107605296
L,I,174.83856317356043,-110.6326854651492
L,S,148.4174098368305,-57.96653914583834
L,D,-37.97685477249894,-60.47658513516565
L,S,-35.84024926451899,-66.38127662054369
L,A,-39.511367398995425,-64.90932888107474
L,Q,-48.80676361405659,-61.21820509052852
L,A,-37.50895831887507,-57.32891075842769
L,D,-1.3988481064378187,-93.76244596368859
L,N,12.641063768101384,-135.88904605628633
L,Y,-33.45101400923916,-58.68345385694619
L,E,-39.176560106225715,-61.33684811212036
L,K,-36.98807599208926,-71.71284303730027
L,V,-49.750115990804495,-62.09568138632207
L,F,-49.35911775299883,-58.28835359248729
L,S,-18.15178289399899,-62.696690481263595
L,H,-10.72086454250911,-96.33096186405271
L,M,144.6044100765792,-67.89292462854608
L,K,136.65503901254996,-79.54740375663108
L,P,138.15193142902675,-53.9904709046418
L,N,17.07195613248423,68.55522313161893
L,S,-178.13247155135494,-91.80245755280555
L,I,133.39721651642608,-118.37690196269665
L,L,123.91278325020977,-105.5280363440713
L,G,132.04180981683382,-117.32007539979165
L,L,158.44981893992667,-116.05404450869213
L,S,15.935032115395625,-114.11567445486074
L,H,144.62361854391955,-163.66636277172324
L,G,1.2952153472187484,-83.84168424343595
L,F,-50.81881205084713,-41.71655149151891
L,L,-39.44293919547419,-53.54912140640842
L,L,-44.48494842643162,-63.26684697009242
L,G,-45.08554697073573,-57.8527072799947
L,H,-46.77517818872468,-62.63878052530385
L,L,-40.536269352450425,-59.40141052938087
L,Q,-44.083751484774744,-57.47616271123869
L,S,-27.412019148723456,-59.56533479932872
L,L,-3.8325408126450755,-97.19622664278972
L,G,36.16235830934536,69.49338671176902
L,Q,173.67847885142757,-122.80623072460149
L,D,176.34049196244547,-151.88128295385758
L,F,163.48796918144507,-68.90092782009653
L,P,148.86076291004136,-65.03042494822098
L,K,-16.573886150486683,-75.82162054038402
L,N,25.529686650645015,-97.10128622999976
L,I,153.31165382634524,-140.50264222039362
L,S,152.24771654160006,-86.24220588723024
L,V,117.06746509065654,-133.62447795357116
L,I,171.85658179185646,-131.91881907339592
L,A,142.79792117213552,-152.07794492342566
L,V,110.53629798833452,-133.27711560730236
L,C,103.2958490452227,-112.45958211262942
L,P,132.1587322986248,-65.94246879471896
L,K,63.420554097731376,-91.87300063360121
L,G,161.51768551467876,177.51654974576147
L,M,151.6561645554291,-67.57283725218913
L,G,-51.08757312405302,-49.76756219432181
L,P,-28.836069681933687,-57.18617520135703
L,S,-30.817020259609354,-78.04617115444564
L,V,-43.10672763840839,-64.0067577927768
L,R,-49.917641761434645,-72.90970183209
L,R,-50.19324763014203,-58.47803479819264
L,L,-34.331327192718,-64.14244549858984
L,Y,-47.29708390604672,-62.55208535119032
L,V,-49.307320005668814,-59.86949784312216
L,Q,-30.828579541324263,-59.08438919488587
L,G,-21.8747905141758,-67.85479861154477
L,K,-16.411240014570872,-60.704957458357875
L,E,-16.212632684566877,-88.39239330771606
L,V,-150.38691595065464,-123.96560048681538
L,N,34.84937981039619,-92.80150207706446
L,G,162.77806083319885,96.93081007254696
L,A,164.62971387919487,-168.12309771229815
L,G,-150.45233865114318,170.33252293599935
L,I,133.81601794473198,-120.65636115464989
L,N,144.3429286107226,-55.00541003247537
L,S,150.94419328354263,-133.27344106230743
L,S,149.77515673380444,-105.76722905607772
L,F,157.42317414574313,-132.5326927143315
L,A,148.04189760911655,-143.81728948153406
L,V,95.34522904572849,-121.82649721490252
L,H,-42.73132030973756,-79.33556207410226
L,Q,134.76594766437864,-142.19340299974616
L,D,114.68202233871268,-133.38939053474326
L,V,3.634385305266735,-102.8146321422985
L,D,2.0637019985754863,-155.83841960774888
L,G,-4.853551610137699,88.88855424644697
L,R,-17.713202727890653,-87.07841369287047
L,A,-51.689075105545804,-42.606312030065716
L,T,-45.08865403835983,-61.35785647566429
L,D,-32.61732584685957,-71.62044934796613
L,V,-46.89347088039894,-65.22543180562779
L,A,-43.86517302421085,-62.1239384398471
L,L,-41.44284797233749,-61.21264214703947
L,G,-38.87747459481377,-67.62997468249782
L,W,-49.55716135192416,-60.89461074731806
L,S,-44.09178157005863,-62.304890171835815
L,I,-40.32282380583388,-63.495244430372985
L,A,-21.61101408845829,-64.80345087341026
L,L,-19.517749234291372,-81.4780068176695
L,G,12.623519734915181,101.33564941593265
L,S,117.04237742707687,-54.959512532015914
L,P,-44.18791697445739,-57.70555951656773
L,F,141.86831628226253,-144.6440926044023
L,T,133.58809546452855,-119.98987544647828
L,F,161.37966142129838,-125.27630617360451
L,A,149.53302718518802,-93.51567320360743
L,T,-169.3012508696641,-155.88893995442373
L,T,164.88785238234942,-125.44430858976692
L,L,-42.17390623837944,-58.741753096195716
L,E,-46.15431851215039,-67.74246092681938
L,Q,-38.82000172113339,-60.710380259643046
L,E,-49.942423625655806,-65.76412905599945
L,Y,-36.48579383345072,-64.23451665418447
L,K,-45.113480257598205,-64.4570473857158
L,S,-36.441484349610036,-76.95344693657984
L,D,-54.2822164463105,-69.28026104892095
L,I,-36.61582573983064,-60.07725139147875
L,F,-50.66589890646637,-69.05445926645503
L,G,-39.60146579248779,-57.04064449754197
L,E,-31.858725866856627,-69.06118045253463
L,R,-21.5782447415641,-79.98312605584053
L,G,-136.9630105288769,-88.66847071475556
L,I,-35.05935828047212,-47.48817613323714
L,L,-44.37503395363916,-63.08937148793459
L,L,-65.35513739203665,-136.12532334577926
L,G,-59.22265677642638,-50.77611170717429
L,A,-40.8355345721578,-63.86512025417405
L,V,-33.892200847736085,-69.04693068938752
L,H,-45.98225054439564,-64.70860069275277
L,G,-40.000114308214705,-62.26437911460341
L,I,-45.54249919395108,-63.10924028616732
L,V,-44.124513692096706,-62.00554118002523
L,E,-44.38635546887872,-67.3092764145502
L,C,-53.62689495459511,-58.978117389980255
L,L,-37.64925670471986,-68.44831697774457
L,F,-49.05621664541523,-54.44800959491363
L,R,-47.04949009148082,-59.09775939604914
L,R,-51.696300089355496,-59.61842292128737
L,Y,-47.757189630018566,-57.138806864261156
L,T,-39.162547293118145,-65.1638173437444
L,E,-37.62501248425313,-57.17487170966152
L,S,-6.920716897366685,-75.17171498065622
L,G,4.82605082868847,101.72305506160944
L,M,141.51994184560715,-74.10723531627231
L,S,159.32904515895362,-64.96760665354026
L,E,-39.201923874767864,-60.53248849944349
L,D,-45.581096036721966,-63.62037262301604
L,L,-32.68151441239018,-68.9796165444408
L,A,-38.050832209282156,-68.92197734936993
L,Y,-41.825663835666454,-69.8538516374743
L,K,-43.00319013377291,-62.41254054580929
L,N,-3.316404134033598,-75.4935377832455
L,T,-79.54363811807761,-116.23837071234472
L,V,-53.103805762900045,-62.00970460840725
L,E,-42.929161457238244,-61.55683705033533
L,C,-54.281673840913236,-57.71139526829015
L,I,-49.611349485419865,-64.57890668103356
L,T,-8.600090235152658,-78.35956972721868
L,G,-100.51115305807654,-107.02728481823249
L,V,-45.014901779580036,-53.54316574896017
L,I,-48.592405083806085,-61.38370966808928
L,S,-43.18059834505,-62.34218059615107
L,K,-39.055219192188815,-66.07918131304375
L,T,-46.32132945756799,-70.56797814634835
L,I,-43.2300292234762,-60.62494086618935
L,S,-44.882515832853485,-55.497831753061384
L,T,-25.45525921406807,-105.65394151071709
L,K,-9.141663444962985,-126.20726521412558
L,G,178.36278011181994,87.92721321634562
L,M,-36.96086087573536,-68.9956810008502
L,L,-36.168639448443045,-67.155971363505
L,A,-40.220490213454255,-63.70193930529283
L,L,-51.67303082060412,-61.37893103741034
L,Y,-41.543605317475716,-56.67589523150009
L,N,-20.145251483373865,-69.78062352680998
L,S,-2.7868187543734404,-80.87062541367716
L,L,153.98674122704597,-85.96548421118348
L,S,173.57869573670428,-74.91925163518027
L,E,-32.808775379920064,-60.858440630290666
L,E,-37.9326261316069,-78.39182879239709
L,G,-37.771817334663574,-59.974307962767725
L,K,-37.33156119101157,-66.42526658334113
L,K,-39.254580573854945,-64.12597904771374
L,D,-39.66687569821939,-72.53422320234131
L,F,-46.70084499380195,-58.31249336916698
L,Q,-39.01166732205425,-59.19137304750208
L,A,-44.12914085047656,-66.07620403629844
L,A,-45.73299899504246,-65.24736683362656
L,Y,-49.726185185412305,-61.85160827330788
L,S,-39.326765128894756,-57.501281724658305
L,A,-22.862619379586203,-86.60673483019454
L,S,-21.898970032835088,-95.46309180970489
L,Y,-60.29483742032869,-53.35830545790726
L,Y,-42.33699313875406,-67.11954991750743
L,P,-36.51627770577043,-60.75329292992199
L,S,-44.75295923545931,-65.08642817979337
L,M,-36.89649070379555,-60.78461168217197
L,D,-54.07463608526555,-53.24455376461681
L,I,-40.731054544385266,-68.13853323604316
L,L,-45.10237177523446,-60.62841406465448
L,Y,-51.66916979558175,-57.426484992043996
L,E,-49.89205751610359,-57.39385322331463
L,C,-46.98565356235461,-58.114964232436755
L,Y,-49.89756754145437,-56.53381952445231
L,E,-32.197862244994994,-63.212319718570235
L,D,-31.832346808822116,-68.90546231031585
L,V,-46.99437607775144,-74.9908686667976
L,A,-33.857822527819756,-65.35418643971812
L,S,-18.424719911332463,-76.36651296018847
L,G,-14.468254934071547,104.94848657965798
L,S,-52.96620503010891,-57.17226318575377
L,E,-39.7274025588982,-64.98672043029256
L,I,-47.27346134185574,-59.93604032207025
L,R,-39.49859698946452,-61.33603430422065
L,S,-46.17176195132032,-56.67922001878025
L,V,-42.831832558542246,-63.65989747562582
L,V,-43.453780005469746,-59.922860999449945
L,L,-34.24632744038564,-70.64036286217366
L,A,-37.830266294381936,-62.443854328923784
L,G,-37.61692704559954,-59.15188722206323
L,R,-24.159288114239484,-73.80704980911058
L,R,-11.228170041497389,-72.46337041390204
L,F,-3.92384461550741,-74.32291308598971
L,Y,153.17802146886822,-124.75564939660819
L,E,136.32875890503269,-73.28201958112435
L,K,156.24771606729283,-164.0893126250688
L,E,26.866477906268013,57.48616851569689
L,G,15.32484823728568,74.16914403544278
L,L,152.1502643403547,-113.99875471364889
L,P,170.49395640058486,-70.88255525241537
L,A,144.58290759973067,-91.1087950650919
L,F,79.54472112379545,-128.03613906198902
L,P,160.23310819586987,-70.23331363886547
L,M,145.99079804648278,-60.86316015170636
L,G,-172.89122232454508,-100.44416469749497
L,K,139.13973341477117,-86.67059912724635
L,I,5.776758112379446,-111.19865694096745
L,D,25.83982718279447,-124.55256406756304
L,Q,10.804015638135338,-103.01258395863242
L,T,169.09486039290098,-90.20146570074256
L,R,-66.08268298108423,-32.73204260406367
L,M,-27.554906679437806,-61.3216811454476
L,W,-27.176894400985024,-85.0478634629528
L,K,-38.10659801528525,-70.87873011968823
L,V,-37.11040368104963,-65.03753436962324
L,G,-39.88306238908594,-60.83602061688507
L,E,-42.28894618649213,-59.297630786279775
L,K,-45.63469340427097,-64.90550836316018
L,V,-45.84825095091611,-58.49709516787838
L,R,-28.847892677361394,-67.57740989783848
L,S,-25.2126212782378,-64.38000346799174
L,V,11.454156874324847,-113.18097727764476
L,R,129.45118610965977,-80.30259729522363
L,P,152.179289245258,-71.55781278015213
L,A,145.56637469259897,-66.50511933288638
L,G,12.018657887558257,77.02430630916822
L,D,126.97659834881453,-74.59948734116155
L,L,-2.7777694661042243,-98.96977299443563
L,G,174.48392528214566,76.21758970831735
L,P,154.87673504593718,-89.86539097967129
L,L,88.17807437291344,-102.65760959920382
L,Y,113.95169238385276,-82.29634380667571
L,P,-49.56572091919233,-47.854811138816025
L,F,-43.54526470113667,-62.433420133068886
L,T,-43.04107963033202,-59.734336914949495
L,A,-38.467255036500745,-62.892394039323925
L,G,-43.360804757471826,-60.768536138328784
L,V,-46.047088615245386,-69.65761157630793
L,Y,-50.607605023782774,-61.22081666079459
L,V,-34.14338305068604,-65.76270835189494
L,A,-40.9868819301618,-63.90120819682598
L,L,-40.110911855342884,-70.38723175147162
L,M,-46.11376064253729,-57.94874767756392
L,M,-40.155827224909075,-68.25899954133935
L,A,-41.65891060995709,-60.60007471368595
L,Q,-41.003138710944164,-63.96181743979622
L,I,-47.55689092329367,-58.23117628870868
L,E,-40.55885161125456,-62.548033961319994
L,I,-43.66400772134872,-60.819531847702436
L,L,-35.86706553630767,-66.87756923558418
L,R,-53.19836795666894,-63.669480786199045
L,K,-25.009973051210416,-63.836085917841736
L,K,-1.4883200030288304,-90.68154697081374
L,G,62.168439970742206,86.90968201090571
L,H,149.90151943845285,-128.5630289481718
L,S,154.55878468914602,-68.40042781353932
L,Y,-33.90035724664187,-61.45502276862758
L,S,-40.63182428427429,-62.36459832106024
L,E,-47.210309903135524,-69.79242261099505
L,I,-45.030892913078894,-60.06009801626169
L,I,-39.025331073298354,-67.61577756439486
L,N,-44.75123694125963,-71.79724444883118
L,E,-25.953568072111278,-69.83289251133313
L,S,-14.137270563168157,-112.5292617257313
L,V,-65.87201137560601,-131.58251307851367
L,I,-47.9369794982027,-56.12128845294072
L,E,-39.463812685581345,-61.923239701371415
L,A,-49.23597396363255,-62.631776854307276
L,V,-33.12651694840085,-82.95845136277822
L,D,-25.33997927882749,-94.09779420365994
L,S,-56.234919206740656,-110.7425813096218
L,L,-54.291921014263316,-81.03997767661525
L,N,-34.352222132480264,-52.17131869209057
L,P,-29.62825377152694,-60.27421637492322
L,F,-33.020097608105935,-74.57762339768769
L,M,-34.820044281782096,-72.51106873019161
L,H,-36.98806216378504,-67.02317514821253
L,A,-42.790053890528576,-69.05663010841184
L,R,36.04722673776834,-156.3871811437196
L,G,-178.3931207904252,83.05229879174261
L,V,-39.99818462386963,-58.187081753741566
L,S,-35.50835259059094,-68.22787528290057
L,F,-25.77328711756106,-63.15438503815078
L,M,-66.72702929735591,-88.99161989849375
L,V,-51.26469895792679,-54.275698131765566
L,D,-3.9358558019664387,-72.7557613772663
L,N,3.67381696810063,-94.03072560518295
L,C,-178.98451175964613,-98.34505155211687
L,S,166.70462496914357,-70.18634003339703
L,T,-44.00824581031773,-59.04881615555315
L,T,-42.25848707658436,-59.56833692971796
L,A,-40.03302458822339,-71.27235136428777
L,R,-40.883387748375114,-64.74674034866248
L,L,-41.96579113855992,-69.52744164623351
L,G,-45.08559819324428,-61.86690795101356
L,S,-41.629785055434866,-59.221545864963545
L,R,-34.41793448828469,-68.96600781238101
L,K,-38.196430270781036,-76.38764195871619
L,W,-21.429951017541175,-98.88360059228452
L,A,-46.83633310460277,-55.13587478825553
L,P,-31.62123426429363,-59.11439476306352
L,R,-41.953628585298745,-67.93908587632167
L,F,-38.91334330025485,-68.16215508008806
L,D,-54.44130022355856,-60.023885205387984
L,Y,-46.04601209768491,-60.27157771127308
L,I,-36.95189198827206,-68.49015856047008
L,L,-42.45392789585714,-64.32491002561167
L,S,-46.63131009540154,-65.62720945762638
L,Q,-34.55214376818234,-72.22410753442895
L,Q,-60.76086983024109,-111.54872148365378
L,A,-54.984721707395025,-60.30893201346157
L,L,-34.869688092855846,-63.580472620802006
L,V,-38.666577363051196,-66.04214639750714
L,A,-47.509001774889725,-62.91312860462228
L,V,-43.70230992785,-58.19394970138532
L,D,-20.416372439588976,-70.23252419537351
L,N,4.260670013903476,-87.88412550575235
L,G,47.34304649577957,64.27044839881279
L,A,143.6241930619111,-64.73560169393889
L,P,149.2395282362842,-66.5525731815096
L,I,125.66495713927955,-79.0766152204492
L,N,95.77402662468425,-73.87234716197297
L,Q,-39.5261493656637,-59.25663579655013
L,D,-35.11622262940958,-64.79504378636254
L,L,-50.73060100329594,-61.99506131683286
L,I,-40.27529384726346,-62.804158895809884
L,S,-49.39763189006974,-61.03797024748986
L,N,-28.61768690557282,-65.680238929
L,F,-44.759175261832986,-69.95016326277727
L,L,-32.518045651967135,-66.8512775192524
L,S,4.472684992294459,-99.79296394654475
L,D,128.20846800296349,-61.80228339516867
L,P,-21.488387035279708,-60.95407563923003
L,V,-27.042276154901018,-61.701501553145164
L,H,-47.59108286381022,-61.93910755415197
L,E,-38.25651640471487,-66.1095089174818
L,A,-38.53907167304242,-62.08440127199476
L,I,-37.334455959603666,-63.48761489026439
L,G,-43.515451388959285,-64.77145490766154
L,V,-45.414511311104484,-58.117878805611134
L,C,-35.37480301302225,-65.64893894369519
L,A,-19.574770162689234,-61.38184469649302
L,Q,-19.588984053919408,-79.35594386142941
L,L,0.5516022236339632,-89.75226574511537
L,R,132.39966015239034,-83.25642577630843
L,P,160.23221459816776,-66.93091688021674
L,S,45.53399325424315,-88.17832976173902
L,V,123.17302192922479,-132.27846039924864
L,D,139.18078703315803,-106.11620509517309
L,I,139.87466930546498,-58.65464800430554
L,S,109.96364596788072,-113.37756632531352
L,V,126.7169825951244,-132.03557727239757
L,T,165.66470694212083,-120.97496994103075
L,A,-35.70447858857452,-51.512697903049215
L,D,21.599776602320407,-93.20651782248265
L,A,133.08694953379322,-48.74717517270029
L,D,7.218136998356383,-101.86057279562499
L,F,14.42626195453606,-107.66916067482728
L,V,175.0033066731553,-98.59372688681371
L,R,138.93444424836986,-50.952054855263746
L,P,-48.88683976946216,-45.0221476521835
L,E,-10.211602833230742,-67.50135315905086
L,L,-8.828801975292665,-104.86000413361205
L,R,138.37549562729504,-65.1602221040491
L,Q,131.8649986961308,99.95550553897502
