Chain,AA,PSI,PHI
A,F,-37.245851928969486,-60.82349667803646
A,H,-39.86644840554204,-52.527488370761894
A,A,-58.293192414963,-62.836216756680834
A,S,-39.75581697174246,-60.24842532321563
A,Q,-39.99292597611774,-58.75381086240447
A,R,-41.30106452439151,-66.18034853506661
A,D,-38.39045825729963,-63.690357615949736
A,A,-42.56762840796823,-66.70448277689144
A,L,-46.53464175118588,-62.917025725072854
A,N,-39.92540082783684,-64.35765531145935
A,Q,-39.55843937874682,-68.34771699145776
A,S,-34.896771606863204,-63.411184545971636
A,L,-45.378667130190955,-66.85823327476231
A,A,-25.44010245859954,-60.341514312776354
A,E,-0.27422139206714063,-89.07871103890054
A,V,-8.92488226681927,-87.84958899418226
A,Q,116.00679976919871,-38.53598651418558
A,G,26.490005928592705,82.24894622266726
A,Q,1.0904043402697667,-135.83846025577085
A,I,136.46882879121742,-109.27541973860451
A,N,140.53425853082763,-98.89835692636072
A,V,148.5044389439137,-132.52464822906862
A,S,148.88734823409044,-131.95575875093812
A,F,139.85015545282934,-121.51188638253176
A,Q,132.94899562708176,-112.18157500738447
A,F,170.82564800681425,-125.69610999392364
A,F,152.04223898060667,-132.9282134826336
A,P,122.57241575258432,-59.77750271597557
A,P,146.42288520054063,-62.747476602793824
A,R,-8.21799029870865,-106.15216452110947
A,T,171.83669251583558,-137.94543741400594
A,S,-35.03108142810335,-70.13951215673691
A,E,-43.88159588085952,-64.94764814086602
A,M,-35.01067248007125,-69.55825942257965
A,E,-50.74674263044755,-56.25615536240331
A,Q,-44.33226863935149,-63.85160066446203
A,T,-42.85590348497756,-58.32576785125366
A,L,-57.6249877295649,-59.7015868420367
A,W,-26.017118578860394,-60.798509669844066
A,N,-41.446497306086066,-72.06338825728365
A,S,-38.99725781325079,-67.63900778026712
A,I,-40.31327318632497,-63.059615719508386
A,D,-44.215208293849365,-65.90983723366844
A,R,-51.51844365343128,-64.58552904189781
A,L,-27.234932781424707,-70.430574423923
A,S,-28.251880120727037,-63.11057471640745
A,S,-12.16133082338367,-67.92951519554711
A,L,-0.10014525112209459,-88.62672737124603
A,K,60.890925449460376,50.37895748195232
A,P,150.20092032105558,-66.94649827709928
A,K,-36.406413450050344,-56.19209795619554
A,F,166.99116611043883,-177.18965197898083
A,V,153.30562245721183,-132.94434576963644
A,S,161.2414492020835,-129.38100785552817
A,V,120.97202735409797,-131.42041920445385
A,T,167.11800026680635,-60.7843123437395
A,Y,110.89039743306667,-148.35966779691276
A,G,-30.098013102967172,-88.70421830779047
A,R,-22.855415924422857,69.98159124874168
A,T,-43.90778863580835,-59.88973969461705
A,H,-39.52688299915046,-57.60675054269456
A,S,-48.99082869769127,-65.37775073353905
A,I,-48.71428267473736,-55.18648897755287
A,I,-53.354776081938915,-54.12409098223786
A,K,-44.499824968929886,-59.56621538419223
A,G,-45.88051315247364,-57.909227870205264
A,I,-42.12533436445936,-65.14295268538265
A,K,-43.702229570800895,-66.34244811300948
A,D,7.724538032500066,-79.78638795515178
A,R,-30.55914293988141,-126.11255755787164
A,T,-25.928799462429737,-123.5268166957524
A,G,21.61625740620405,78.907875749742
A,L,157.60899491610152,-88.64194611624043
A,E,97.85017584495402,-76.03128478579804
A,A,108.88325080745403,-89.89279860886039
A,A,111.06021470274223,-98.61699996166224
A,P,148.39655624033335,-76.31688753403377
A,H,144.00057966555195,-89.10013880335075
A,L,133.57493594879236,-133.89385588079514
A,T,174.4858164065326,-118.08922946638022
A,C,28.612992305021763,-103.94584003114369
A,I,136.95789654682702,-104.97486148903307
A,D,41.715132927663525,52.89993044367634
A,A,143.9301749098131,-153.01689272172894
A,T,150.48396607677435,-98.34793884652858
A,P,-20.528023889524572,-48.47507323025801
A,D,-31.318169423810577,-96.56304912212524
A,E,-22.507325841862272,-76.87248111544076
A,L,-7.720488938322986,-77.3127953513569
A,R,-42.61291521545411,-88.26260843528938
A,T,-35.14537157161809,-64.22631485829812
A,I,-23.83824893287754,-73.71524964227639
A,A,-41.575332630992165,-79.02420471400589
A,R,-23.84712489533588,-80.88376154209367
A,D,-42.781623553827366,-61.61753485216514
A,Y,-48.80639870038867,-60.71053500645423
A,W,-36.81749006642602,-60.08456369183243
A,N,28.45997333787482,-84.91501272321136
A,N,-1.4307682150674785,-145.8811003271761
A,G,-6.06235518022759,104.94218530281593
A,I,107.51049244995414,-87.36067922185792
A,R,-6.79783556663491,-113.0759474816401
A,H,127.75203992046373,-117.43532561381424
A,I,137.11578796273,-138.54866232897817
A,V,104.5713898077487,-93.67061723422577
A,A,124.20103882064376,-88.22243589751949
A,L,164.75472772252633,-141.09452639700012
A,R,-38.26492703685132,-80.10868835329735
A,G,149.42679638487093,103.25573816785362
A,D,139.06083799912102,-66.16577105173572
A,L,126.08195681820409,-77.54286841554642
A,P,139.1514112154466,-50.77673575808637
A,P,-35.53168245711565,-41.36811888647132
A,G,-68.50335053117574,-57.44537323765755
A,P,169.7184846947582,-151.88743176620366
A,E,10.083400070704808,-87.16640424373031
A,M,113.73105777231501,-114.74581623320897
A,Y,-177.1700945854307,-97.97278622058313
A,A,-43.68093037866451,-60.34794213793447
A,S,-42.76225886161298,-55.6772223449201
A,D,-31.72502139187395,-63.685969354436736
A,L,-39.56202306937419,-74.46869632790205
A,V,-48.45795827033217,-59.586740532951225
A,T,-37.97694764920373,-62.0483879478842
A,L,-9.117852383789407,-67.82952951155603
A,L,-40.911559894202945,-104.25758841841191
A,K,-37.66122206259451,-54.23503827649546
A,E,-49.21740219445607,-71.66782657308936
A,V,-53.55812768110653,-46.40829995045543
A,A,174.02901462520745,-159.74667318924756
A,D,70.62099983423786,-92.9012280938141
A,F,165.62519325808196,-77.93038656264886
A,D,108.13563215358057,-92.32262983066661
A,I,127.49046429438539,-98.95090094932182
A,S,134.07353325778774,-118.61824355579074
A,V,168.37840362644587,-123.67069817557031
A,A,138.93117522566126,-88.805385493338
A,A,147.48401300995184,-122.50685427146965
A,Y,95.12630675042283,-124.2323336542232
A,P,-32.513400881762934,-52.88950747865205
A,E,15.71612182592867,-105.14561573403073
A,V,129.30591944320466,71.69540685054005
A,H,137.49500599331313,-61.909934721626314
A,P,-41.681530342019336,-46.20831424915434
A,E,-20.386036798704843,-79.8200493369046
A,A,138.94890662393726,-56.66079235341042
A,K,-25.980155638267505,-72.39346517430057
A,S,165.20003795856448,-164.14895592000548
A,A,-46.817566248977265,-62.69231376103295
A,Q,-44.084399654567754,-61.72499956006718
A,A,-39.71664525649452,-61.74851487686894
A,D,-39.1557611091466,-67.39676160600025
A,L,-45.46879261615684,-64.32915402551825
A,L,-32.78591077462947,-60.94179308651703
A,N,-44.10610924311182,-65.05840342546254
A,L,-43.49173176253513,-58.65666927259084
A,K,-43.43701198577393,-59.2302579337044
A,R,-40.24259552217909,-60.74952626182364
A,K,-34.75356376208698,-68.55489404426037
A,V,-49.54382006633281,-70.36021309133902
A,D,-26.664371041508037,-59.84757398843534
A,A,-24.05280348636405,-68.36774709590634
A,G,-2.567866422106738,144.0784861653164
A,A,119.1771865661006,-67.43093532248712
A,N,3.338306679002056,-92.11693782799773
A,R,150.87994790571898,-170.58650930778367
A,A,139.54894034298943,-122.78996134497346
A,I,125.32731010098013,-117.42071016208392
A,T,157.13838679791513,-79.09555404711007
A,Q,154.87525407730254,-66.3949333485631
A,F,157.5515929800351,-66.41970440642996
A,F,163.4962458886933,-153.50105540974553
A,F,-12.705408945947678,-125.94959702883085
A,D,99.24011371081342,-95.6901356094956
A,V,-38.31460339725457,-59.14118888847933
A,E,-40.97607719521487,-58.4522886930704
A,S,-42.87616897277755,-59.06322217157909
A,Y,-44.08402164564774,-65.84310506296957
A,L,-44.236495569671504,-64.03723117011437
A,R,-37.4999234405439,-63.63248288492698
A,F,-41.934261041556304,-67.31509466677238
A,R,-38.75575232109454,-59.64317877735466
A,D,-42.651221584601814,-67.94055172358881
A,R,-35.92415671126863,-61.365070679173876
A,C,-44.10740142079236,-63.664720162139176
A,V,-40.77408927294843,-64.7797812272878
A,S,-26.065361276796246,-63.79316873666464
A,A,0.8416086337882753,-87.80746452580146
A,G,11.425915531807032,85.65786493428674
A,I,112.68987303561924,-80.73739585233729
A,D,23.318258465320735,-95.23782088704009
A,V,152.91727462165022,-110.82331170153489
A,E,142.96733289636865,-72.27631833812633
A,I,86.93993975638529,-100.29258524066941
A,I,117.51869567225542,-65.81987158144696
A,P,128.54025014907702,-70.15075964808885
A,G,119.22117128713992,-90.40274399053759
A,I,127.84689387068727,-101.8469306853825
A,L,102.85643913013287,-111.90812779530445
A,P,120.61985785913438,-71.79059664795247
A,V,122.92713968941632,-93.69511384392916
A,S,-39.636653449745275,-114.40243993307834
A,N,94.31471909155965,-108.72482338110248
A,F,-47.846723164670905,-64.35014686745052
A,K,-50.36134640412546,-47.22732418318339
A,Q,-41.89747974725933,-70.61406726792636
A,A,-42.28861410112665,-60.57647100210727
A,K,-39.473574397217526,-61.705601573608305
A,K,-41.712406238364984,-65.91618923421133
A,F,-38.145426234281324,-65.80175878104785
A,A,-44.20888135066031,-64.39094012336164
A,D,-29.43098731073248,-64.66042053298469
A,M,-27.36446033051566,-77.39284027574426
A,T,11.067896629009894,-108.08218344861484
A,N,38.42779714021849,62.60456829367706
A,V,123.39425623032702,-101.69458983616445
A,R,136.9539682939384,-75.77215847699239
A,I,108.26785580835326,-106.02611812262471
A,P,149.58599854299453,-54.87956344005883
A,A,-38.64717927479577,-59.15865940187069
A,W,-31.859117746229,-64.96777920979848
A,M,-42.41366798972974,-73.68370614079228
A,A,-41.365445082258184,-61.74238006993533
A,Q,-33.35762866407703,-68.31797115333453
A,M,-31.20495192223659,-67.0793840898987
A,F,-6.662723399303727,-98.3253331456283
A,D,132.16516065440825,-59.71922145866401
A,G,4.173486141043774,85.17719895044642
A,L,13.12796143251688,-106.35422249921713
A,D,-34.97468385245443,-48.45133401754701
A,D,30.088769805841366,-114.41310032858429
A,D,77.05147343581119,-135.6820436297001
A,A,-36.87700495013766,-57.54547435350064
A,E,-52.17528344265081,-60.8468869960016
A,T,-37.49393263180911,-66.08208961841338
A,R,-41.48087749109035,-59.06739035625469
A,K,-42.20823177077956,-66.037525845996
A,L,-38.583533031103144,-68.25115320470998
A,V,-43.40503120326826,-68.44524225916969
A,G,-39.632520154939265,-65.05319072284945
A,A,-41.277666117460306,-65.01934866048236
A,N,-46.803447286077194,-59.41741273030617
A,I,-45.98796585338854,-60.38248120916611
A,A,-39.300011767021076,-67.84354315320107
A,M,-39.35162948620861,-66.87190048288534
A,D,-39.83957041606683,-64.3251827604093
A,M,-55.934160156136954,-60.72939392394216
A,V,-25.102182376747674,-65.09526135536416
A,K,-44.19013442415621,-69.24340186873536
A,I,-43.97465001097367,-68.65703697573612
A,L,-40.063296087579225,-61.20482029473524
A,S,-42.698114528042886,-61.22777123955549
A,R,-22.28184039633518,-68.45749734544377
A,E,4.849373225795417,-86.01073975069085
A,G,-2.460595143873278,100.25548966451906
A,V,122.23572150134959,-70.8477766831112
A,K,15.144794426616551,-122.01713836518124
A,D,130.0864252831838,-137.69128637584146
A,F,140.45260467458897,-137.32609513982433
A,H,123.09054159496331,-118.88796639534007
A,F,127.52286309050943,-104.70312237906406
A,Y,87.08170737980689,-88.23476822404592
A,T,-22.831359243410464,-70.02778002717537
A,L,32.60578209490058,58.58180498865963
A,N,10.94326526346875,67.29799942090271
A,R,137.32952675328883,-112.06337973092432
A,A,-32.79067648737362,-92.61187705890508
A,E,-63.329115041087974,-38.345447322391045
A,M,-49.92503784254629,-65.30315254974552
A,S,-37.29950622259884,-61.41475195101749
A,Y,-43.2136301763304,-61.50953504911664
A,A,-44.00653938312961,-68.30630646818405
A,I,-43.14177227357814,-59.85553235040128
A,C,-39.77773367347254,-62.27068991329874
A,H,-44.164064553791796,-54.753841681191375
A,T,-25.992011512072168,-65.82484198832425
A,L,3.511697008867123,-86.09548349529375
A,G,5.448759315126247,84.58084071381754
A,V,100.04442968923694,-88.23023621232632
A,R,160.51793079192555,-134.14886612718902
B,F,-55.850104484312375,-52.610709880655975
B,H,-41.25588998067815,-58.79276982029822
B,A,-48.55422771417945,-64.48693151893741
B,S,-44.65543814190349,-61.573295828317775
B,Q,-37.49842406231987,-57.68785209330608
B,R,-49.93329041048932,-65.88113285109722
B,D,-38.243170323389755,-60.27554931485162
B,A,-46.062994911791414,-67.277748702061
B,L,-46.36177013972912,-61.42391074143579
B,N,-43.866067156722906,-62.63980315561021
B,Q,-38.63825163111558,-66.04519608452951
B,S,-41.74954018625899,-62.830343029910466
B,L,-39.87037233923758,-61.530732349877006
B,A,-30.12587914956898,-64.08067782425873
B,E,-6.527409696761056,-84.1902842668805
B,V,-6.116340208384143,-88.43183252225509
B,Q,133.43114383219415,-44.89060628204752
B,G,18.141174032274783,79.33708554177221
B,Q,-6.443117471776598,-130.58065138554034
B,I,134.41752627838264,-96.85788631213246
B,N,136.48649680018045,-104.55156713165022
B,V,157.40544807021814,-130.8695006960551
B,S,151.04824107075487,-140.44715962524316
B,F,139.87309281267312,-123.55088357220802
B,Q,131.89577912065147,-110.9818196844257
B,F,171.33053664658038,-123.35755680999345
B,F,153.1167039703087,-134.8932463832623
B,P,125.57472762296808,-59.01045858760221
B,P,144.07286787742086,-63.81664332413329
B,R,-3.2359661743522983,-108.13476182674263
B,T,166.83566152715542,-145.88360299058277
B,S,-41.7264249281997,-61.42597883215639
B,E,-47.06824499999919,-60.2809974313788
B,M,-33.885941920312376,-68.93397540529307
B,E,-47.85708955767115,-60.05852352628154
B,Q,-46.43895803354073,-61.79283496250982
B,T,-47.2764247713573,-57.0903409439647
B,L,-50.28594076664652,-57.91774186635654
B,W,-30.97538438995329,-64.56722454659422
B,N,-43.41493551186061,-66.61672582450063
B,S,-40.15583775612728,-66.00500056318373
B,I,-43.013080832955126,-61.521380498156695
B,D,-44.124477236887934,-66.74100246514179
B,R,-49.74921714162135,-62.62036103715265
B,L,-30.45602512404478,-72.10850945381075
B,S,-27.393227429935102,-61.537830108679984
B,S,-14.195653058333372,-65.32357739179183
B,L,-0.5931231869379388,-89.37921637391136
B,K,59.935133937071896,53.726656149035065
B,P,152.0315668844271,-66.42488302917504
B,K,-35.392459767330436,-60.668051107317524
B,F,171.9274666065649,-168.36952752212608
B,V,158.12418542417444,-136.82228495824805
B,S,160.38742074855202,-136.34700273865616
B,V,123.40990263337495,-132.1983995035682
B,T,162.2006049163936,-68.09896762605285
B,Y,107.64638103332894,-139.79469356427103
B,G,117.14627595745273,-64.29358237513252
B,A,146.13102226461262,-61.43078066357897
B,N,11.52004226015328,66.14347704276
B,S,-39.058562033509844,-86.83239891514158
B,G,18.068678272196056,78.42695574869883
B,E,34.78226759996215,-108.1316754381157
B,R,-44.887116649961904,-50.52918963276533
B,D,-38.7245236672128,-52.61064865237408
B,R,-48.810398356922626,-61.3048301038586
B,T,-47.93182984215261,-57.03910772569198
B,H,-41.71919054111752,-61.665623965870616
B,S,-47.499082768367565,-62.235764434180375
B,I,-43.30954157211302,-61.69037893374217
B,I,-45.24063208318956,-58.65653733567242
B,K,-46.92397188797357,-61.1368694358813
B,G,-41.025324485893364,-58.09969293252647
B,I,-47.8012659224812,-63.854274554005784
B,K,-45.936736975712165,-59.25931071807936
B,D,-31.037964388435718,-70.82847314084223
B,R,-31.36044493205591,-85.24184262692206
B,T,-24.626450791105555,-119.88136742864384
B,G,9.372736243958219,78.42606190657047
B,L,158.11199046581808,-83.53522361450246
B,E,123.48273334390086,-75.72477413069973
B,A,122.473306432449,-118.5328267462069
B,A,120.69858648316698,-106.61428473826916
B,P,147.55984352474277,-80.16089442962297
B,H,140.9507867180592,-89.4751930637752
B,L,130.50203236138395,-133.8122663311537
B,T,153.08091115132098,-110.68876691062464
B,C,-3.0257644823898096,-113.69329128413261
B,I,-19.54935439578161,-71.73489053601857
B,D,27.46545714757657,-118.73155459781053
B,A,151.2902117241061,-154.03784705848193
B,T,161.41363790424376,-85.860802213674
B,P,-42.91942087108133,-54.0642539253285
B,D,-42.803593409735505,-62.68385501487737
B,E,-41.29068335209813,-62.37425532873893
B,L,-37.98795219870243,-65.48876628497959
B,R,-38.900792009443116,-66.45221957335123
B,T,-46.29973967145869,-65.92417933023924
B,I,-43.790614532280514,-58.985021694336204
B,A,-46.022702627131416,-63.51907082071817
B,R,-45.667939553054545,-59.44484034284463
B,D,-41.453296897309876,-61.234796866729866
B,Y,-51.913126338519774,-59.142133654736604
B,W,-44.71816584693044,-56.981786545789504
B,N,-17.951270005319525,-69.93406624816367
B,N,10.513646876254581,-95.10665676353878
B,G,13.95151285312149,83.01275390125278
B,I,103.77195403038002,-93.24927959209559
B,R,4.646577546055144,-107.783218086967
B,H,124.55494874385224,-131.44739467255826
B,I,139.67495879902364,-127.69162357670774
B,V,106.7496090508999,-96.42397837315488
B,A,117.93115330746565,-91.13955723944119
B,L,157.4114703620271,-131.4440286648182
B,R,-46.57384599261683,-74.99711905478877
B,G,147.8077985933133,105.73751708721814
B,D,138.4747285203823,-67.17480665495059
B,L,152.8895336925375,-74.79687730664969
B,E,-53.484411768827556,-53.4788882769608
B,M,151.53228454155396,-94.73641364091566
B,Y,170.5281242059751,-107.74795204453534
B,A,-38.35313034531652,-50.82934515067027
B,S,-33.00735417250162,-61.102407790970645
B,D,-36.729703908795535,-68.4480595038128
B,L,-41.14588241653954,-68.22834204932057
B,V,-49.90145725518633,-57.5389781339786
B,T,-44.06703999665813,-59.66656713260691
B,L,-43.02471346004561,-60.611123660774645
B,L,-45.14258855845382,-65.42452376247775
B,K,-30.63521606678136,-60.95931060526917
B,E,-30.251120742259516,-71.15581435080438
B,V,-48.946184929600896,-74.2631578284565
B,A,168.2925871795174,-164.5431630026481
B,D,61.61233799937917,-77.32916632689704
B,F,154.6097282746127,-69.55979368546893
B,D,129.88193145732237,-87.15041760651961
B,I,129.91961863127082,-125.70464774558135
B,S,140.97805596304937,-112.65436723911125
B,V,163.1446527126297,-130.9643201460748
B,A,140.59811525673965,-84.3314987079866
B,A,148.10549050981174,-123.60767072098304
B,Y,95.29495568053649,-127.5904567943433
B,P,-29.84949602754715,-55.74386570260919
B,E,14.310506022986488,-105.01112550985127
B,V,129.78164550646633,72.9986897738099
B,H,137.518647458086,-60.849880773360574
B,P,-25.15737293391866,-54.749703860941295
B,E,-4.754090909151738,-94.98757575574075
B,A,140.90291146244118,-64.06562448675976
B,K,-19.142045383108194,-72.80640732512347
B,S,162.77936556382716,-170.73275530314865
B,A,-38.843082148073506,-62.90208713129288
B,Q,-43.87609986570603,-62.97961933213088
B,A,-41.73720285620037,-63.38826776095564
B,D,-39.18989866018735,-66.05206701882001
B,L,-42.71424375501687,-66.7509404921768
B,L,-24.885445609836335,-67.49077269608549
B,N,-40.6776548232377,-70.71723090492527
B,L,-41.2771159580526,-62.269423332574476
B,K,-40.105261516839484,-61.26000235791885
B,R,-42.815464575009884,-62.60243901875951
B,K,-40.11943198444965,-65.51740666076432
B,V,-44.40017133178761,-66.86986705257881
B,D,-24.936299157769916,-64.1666616174638
B,A,-13.44205282910655,-78.27190863713759
B,G,-5.062250177248136,135.40938730501983
B,A,131.5298706767934,-69.86443181430693
B,N,4.750912795573673,-109.956441233537
B,R,141.98091308510277,-145.4357670799219
B,A,127.8932004009588,-124.41726359454495
B,I,125.88282384564423,-118.67256403869337
B,T,156.45549156758082,-80.6177683362252
B,Q,155.79374887907906,-65.49024644167318
B,F,159.05516284011892,-68.30940151105173
B,F,162.13781503362347,-153.14698552214003
B,F,-9.881929654542155,-126.40053494012629
B,D,92.17941283196352,-95.86938762132172
B,V,-39.25228125985261,-56.13315186371968
B,E,-33.09194915466763,-60.93889596043862
B,S,-40.33522419635835,-62.79087397822658
B,Y,-45.392514155084186,-67.44485528410087
B,L,-41.24965969412102,-62.01833731787078
B,R,-39.03819584733576,-66.44410504688568
B,F,-39.20085065377924,-64.69295047758665
B,R,-42.23303686488399,-60.405559012320595
B,D,-37.954999149371915,-66.9199245846575
B,R,-31.59526522404566,-66.11736030272404
B,C,-38.50802056667826,-66.44107970179094
B,V,-42.649608520880506,-63.44124440004811
B,S,-32.91142817592341,-60.83773494847382
B,A,-0.07512781338164276,-82.35975740877656
B,G,17.89968343311186,78.27204464992835
B,I,120.45339013184433,-81.15816117025827
B,D,9.726581041023177,-99.92146445998544
B,V,153.28213764627657,-95.4618821148932
B,E,144.69385836331375,-70.41283306177861
B,I,99.91590886498764,-100.2843588482872
B,I,121.8367055567547,-78.90992319585504
B,P,130.35605548827158,-71.09094953897396
B,G,118.6202515099363,-89.86270865722805
B,I,125.64308215668743,-100.7763573281453
B,L,102.63557753837395,-110.79134436996935
B,P,119.29955377550533,-73.39754370086925
B,V,123.37117930343788,-95.50318193704652
B,S,-38.022327085684836,-117.89584538448553
B,N,93.34732360010786,-106.53211602573113
B,F,-41.10518236609461,-64.25364964721582
B,K,-43.62585033260888,-53.74402493603317
B,Q,-41.517550473283016,-73.02556723076161
B,A,-37.81488733657562,-62.81485466672919
B,K,-42.75698122098432,-62.50853367633725
B,K,-42.87864124824329,-64.09568432022697
B,F,-46.65073084976149,-63.26890858393924
B,A,-43.098769176369416,-59.285774501058306
B,D,-36.43397884691192,-62.11544472183856
B,M,-20.12756856111576,-76.03675575938792
B,T,5.636921430130525,-107.89070973389813
B,N,31.48671316556111,68.13422657202628
B,V,123.245266782922,-99.00985279969994
B,R,133.55696940370507,-74.26132170570371
B,I,111.54537665190118,-108.51699324497595
B,P,150.0394129056593,-55.17447576302128
B,A,-36.64853177707612,-58.75878431876129
B,W,-31.799317264616764,-65.22645792415328
B,M,-41.800015812222114,-72.92943510014334
B,A,-38.62313050168131,-61.68855203500411
B,Q,-37.53547143415078,-68.06945423982683
B,M,-34.755820475491056,-59.89603418696487
B,F,-6.544906613293142,-95.04369767518905
B,D,132.9878610307006,-59.841728670974376
B,G,8.78591227936094,81.07925598662658
B,L,15.522829618193922,-110.46902314078679
B,D,-34.751907274204626,-51.7685819610927
B,D,24.617404634288924,-114.184023086618
B,D,77.73962052463689,-126.65319010838094
B,A,-36.06806145302496,-59.58602868291447
B,E,-52.94507631922262,-60.56128296899268
B,T,-36.46182404427561,-65.15516259831435
B,R,-39.119838058756564,-61.04784164342721
B,K,-45.28703408352056,-64.15002862769653
B,L,-42.819844721019926,-65.6559532064289
B,V,-44.878577209567304,-65.55742259699417
B,G,-39.50907253329133,-63.89541772985462
B,A,-40.37721171490085,-65.15944065954538
B,N,-46.220362736469596,-59.16821167624852
B,I,-47.30249641741185,-60.852736331004
B,A,-39.3885943844802,-67.49173215351269
B,M,-41.294448304269956,-64.6016581707576
B,D,-43.65754154995658,-63.016156764527004
B,M,-48.70604538594928,-59.91400048376025
B,V,-25.86453348241154,-71.01488401111554
B,K,-43.22032239940562,-67.26995351630103
B,I,-44.04413861366607,-68.70638680756068
B,L,-40.138028509571924,-63.879375686017625
B,S,-45.98207229733397,-60.40235198469217
B,R,-31.74787077824802,-62.32977547018174
B,E,5.353653275883081,-79.42906129405372
B,G,2.7431607028322444,98.82986008760602
B,V,127.93206352791282,-75.60779387007041
B,K,9.902480683264166,-121.8918615241482
B,D,133.33416164433928,-136.57410091057818
B,F,138.18134124414235,-138.10170918619926
B,H,121.77665316196736,-117.12520434282969
B,F,128.45540138491927,-102.3314106523112
B,Y,90.56211202941088,-87.9144459760309
B,T,-20.89949912532249,-73.51907190938645
B,L,28.179467414555937,57.35008294598611
B,N,9.888515609543846,70.29078429171851
B,R,142.52890785674256,-109.14501673184544
B,A,-34.57891154324314,-97.28628060575673
B,E,-58.09120770128927,-41.805912568351154
B,M,-51.363739365547744,-65.41613616168563
B,S,-39.23730849520635,-60.24900929090439
B,Y,-43.73668520606092,-61.97528809069576
B,A,-41.48253268892423,-67.84550571520099
B,I,-43.03937911950775,-61.853031939351595
B,C,-37.01238908466816,-62.499111127271675
B,H,-41.52346089858994,-58.802362357682895
B,T,-27.32467566440624,-66.67701738486677
B,L,5.962685766090741,-84.37108789714733
B,G,5.801712248981719,81.78874262992923
B,V,99.94537921210772,-88.67945196614629
B,R,160.24282340914885,-132.14114441117232
B,P,2.1397483243283797,-69.77295538091533
C,I,130.64969683165006,-104.61400391842635
C,N,141.914916521046,-104.86455336919326
C,V,154.05644683034265,-131.21159404225622
C,S,154.48182556107682,-137.787654279746
C,F,139.24573374813002,-127.03216108628209
C,Q,130.22958359808757,-109.84266252328656
C,F,170.8356295024981,-121.52557786729386
C,F,152.12200020582114,-131.94153948631393
C,P,121.68363186393452,-62.995119893437824
C,P,144.64718090682075,-63.26261613850517
C,R,-6.336024898853237,-112.24284566378206
C,T,160.11423973300305,-134.0148724616475
C,S,-40.0455316422633,-59.995958726021776
C,E,-46.94049190957109,-62.052499991738735
C,M,-33.437939297284146,-67.13552635438555
C,E,-45.25971281110885,-60.27699549831795
C,Q,-46.379266833734626,-62.4778430673421
C,T,-47.80521866809631,-56.943471008096424
C,L,-51.09615669902829,-56.69464360155833
C,W,-29.751931647298697,-65.40664353264509
C,N,-43.018991504004646,-65.76328942278926
C,S,-37.70096588111692,-67.02285173993204
C,I,-43.58640117263027,-63.90745091866239
C,D,-43.72212137143039,-62.862488811122816
C,R,-50.028826851022146,-63.68234464925127
C,L,-30.867164945235892,-73.13781700563413
C,S,-26.596846533452585,-60.948755269805794
C,S,-15.339411440640282,-65.3449254045558
C,L,0.2601881369620925,-88.17677069143286
C,K,58.55092282779803,53.16219223574007
C,P,151.57635957146283,-65.67352676276558
C,K,-33.20544273382222,-61.4816213235077
C,F,165.4155023401525,-170.18456122653427
C,V,158.77868508020853,-131.6961889015016
C,S,159.65984179116498,-135.38167728630756
C,V,124.30703952813846,-131.53250354570378
C,T,164.9425182296211,-70.43449603209662
C,Y,136.67014495327663,-121.14124385752397
C,G,111.07274135439187,-131.3430110593139
C,A,-43.11488834760139,-52.29897273448258
C,N,16.529280238459986,-110.13754818875472
C,S,36.008515530753606,-133.83540370553376
C,G,-32.0869928523417,141.27749653696705
C,E,175.55229458873043,67.67853759459199
C,R,-36.15935421820663,-60.600853671843005
C,D,-37.09536401935777,-63.546234946891275
C,R,-38.476682189092195,-71.79735324495874
C,T,-47.75285710300942,-62.27018639526424
C,H,-41.09754408547911,-62.06280611057156
C,S,-43.75077524855743,-59.650453623279766
C,I,-42.13221342500489,-66.62140924590874
C,I,-49.70955396799575,-57.93180369564133
C,K,-42.349158661423665,-60.02273063426129
C,G,-41.62548863204259,-61.97906905011825
C,I,-48.38911093929322,-63.029860906384506
C,K,-47.84893914908246,-58.424152115809015
C,D,-41.687579109649356,-63.321058841170306
C,R,-32.82711485575181,-79.46360622203485
C,T,-19.53002703646725,-118.354772062614
C,G,0.30329506956811614,78.25414490639763
C,L,157.5395983921518,-72.4462300040117
C,E,121.97447745074224,-78.394288619146
C,A,125.2850197932978,-118.50170132867554
C,A,119.74093499594314,-109.22389328649253
C,P,150.28581755326374,-78.95895986185158
C,H,120.5797613298467,-90.95684814718416
C,L,128.3123825309562,-114.5670947618174
C,T,166.69041401397115,-111.9228036748704
C,C,8.58920423564585,-115.44547886221683
C,I,135.7936370850375,-77.46171975233669
C,D,14.941425960793914,64.92641877500029
C,A,141.80795346715914,-119.54175299981479
C,T,157.72065824969462,-92.39300460667616
C,P,-43.4947789759961,-55.5097834852434
C,D,-39.965332347532225,-62.35913687218032
C,E,-45.784086338054024,-62.19713796051991
C,L,-39.23116866176832,-60.91188683103723
C,R,-43.61461537634424,-66.01375423001842
C,T,-43.65670112547616,-63.16782973886662
C,I,-45.53639733668315,-62.78407403973368
C,A,-43.69495228509686,-61.58426113618837
C,R,-42.22355275134096,-60.48452485944015
C,D,-46.619812847213865,-61.74481993456241
C,Y,-47.07066669200296,-60.568881064790766
C,W,-52.386996139178365,-58.25950956247363
C,N,-9.672020481252536,-63.93062569919299
C,N,18.02189311103207,-108.20462841237061
C,G,2.656035721876428,85.58779969583377
C,I,107.04306503757556,-90.12219948916098
C,R,10.228375459628394,-115.93027347100926
C,H,126.96494901148826,-133.5420789628039
C,I,140.77886653733805,-130.8073186606368
C,V,103.64916125539999,-97.54128990812443
C,A,120.11431033958152,-83.7043579730101
C,L,160.36599723559192,-133.4023650595396
C,R,-44.059880878739676,-80.92332444687818
C,G,149.97669745782352,108.95965722425781
C,D,106.52728378604067,-77.39083602996594
C,L,171.55124836896755,-54.09390884713967
C,P,-6.1731833809840095,-172.96275476757805
C,E,-31.834424101812154,-76.95231597228204
C,M,157.35932575890294,-134.20551998443483
C,Y,167.48139824522576,-109.55180935530366
C,A,-40.05324633771154,-49.24698432441784
C,S,-33.10612691409106,-60.05917453057318
C,D,-37.097607354670245,-67.8968968330346
C,L,-40.09640877198391,-68.97511731364753
C,V,-47.00999793177057,-58.94715058825107
C,T,-43.47380073278299,-61.023559500838
C,L,-45.466514713383155,-60.57071162335848
C,L,-44.404945286059046,-64.23469511337503
C,K,-28.263541356319,-62.67992490815148
C,E,-32.96703940569155,-71.54490719192458
C,V,-53.82775641509859,-72.1220359673918
C,A,169.11154228584772,-157.30206473528997
C,D,59.532466005943675,-79.33269011174772
C,F,153.02548692290688,-66.74308073132289
C,D,128.86801757161118,-87.95798660725522
C,I,132.78021814371343,-127.05559090050538
C,S,141.18656482203104,-116.54772235445908
C,V,162.29006811850292,-129.10308934144467
C,A,138.95759574569345,-81.03595502754548
C,A,147.88795132439898,-126.13258878637636
C,Y,98.75723510360346,-127.84243859189675
C,P,-31.232339423152474,-56.99231713611923
C,E,19.265468320402153,-107.89681547912635
C,V,132.50704498016069,72.70652121963592
C,H,135.5554624946925,-62.93703566825169
C,P,-31.39127130393197,-48.2615290732921
C,E,-9.378304748235898,-94.09480919513261
C,A,143.42208606620844,-58.06157110463244
C,K,-31.456745193382268,-65.61132799493272
C,S,169.1068871658768,-169.0983938249434
C,A,-38.77472913347473,-63.53763868170723
C,Q,-46.103561352103206,-61.76154152278673
C,A,-39.84600412703405,-63.749332462682375
C,D,-37.19030196104038,-67.45775000451879
C,L,-40.71215918167258,-68.3084847823229
C,L,-30.378421096928786,-64.68912973938289
C,N,-42.18774111206886,-69.20054458620933
C,L,-40.423117608358986,-61.86462514657369
C,K,-35.81724362186964,-62.24953622541819
C,R,-45.06814212221862,-63.69250374752954
C,K,-40.2033441058676,-65.91204627961527
C,V,-44.68775124343073,-66.64962739399365
C,D,-28.95467271340669,-63.50557308399464
C,A,-16.828014960969337,-73.47002546728933
C,G,-5.974855349201228,138.97794297052806
C,A,134.496275809981,-58.42002273523137
C,N,-21.490466766742724,-87.86260970322132
C,R,160.67558084028065,-164.5616806912481
C,A,139.53266017397382,-117.94167229660121
C,I,126.8375846576838,-117.89054701993543
C,T,153.36506179719194,-85.96404136556195
C,Q,155.4658536013853,-61.9913099202186
C,F,162.7221018620905,-68.53971825215143
C,F,160.6247333027321,-154.93472377460154
C,F,-8.088516026446305,-126.10542636445271
C,D,95.77561252763742,-101.48968960050382
C,V,-38.04240749956816,-55.426641355720676
C,E,-31.93411400173604,-61.960122806191926
C,S,-41.414265005733164,-59.44180736545975
C,Y,-44.86026470067495,-68.38653382304788
C,L,-46.73938179193578,-60.922688533230854
C,R,-39.81483421673668,-62.93153226634776
C,F,-44.92072146896811,-63.58346159090007
C,R,-41.077401627084235,-58.473947076532795
C,D,-42.230635221879695,-62.09230727748896
C,R,-36.51283331768972,-65.3122566282546
C,C,-45.45852197178098,-61.39647113792627
C,V,-43.10052348032185,-62.75330491292986
C,S,-32.80179561244205,-61.47389219448334
C,A,0.5535221238963396,-81.29955651386794
C,G,11.66986111159212,84.43146816078804
C,I,106.72886430295581,-81.44097249945561
C,D,-5.597675844615247,-91.59131566803121
C,V,165.33800357762937,-80.26679768227397
C,E,137.10332707984324,-70.55324369345394
C,I,94.57276119427414,-102.92026593811107
C,I,119.7251503658018,-82.356967155896
C,P,132.0560450992442,-68.4342854992027
C,G,119.11476518498081,-91.49205322391622
C,I,126.22606638663515,-100.89967018190539
C,L,100.96474481236255,-110.1305521657673
C,P,129.19266766219582,-70.57728809721537
C,V,119.92019776491328,-104.87212710001415
C,S,-31.13075312933116,-116.22825524625125
C,N,98.07745466170053,-113.40964807434308
C,F,-42.82655861643469,-67.71435061919925
C,K,-45.74173334548265,-50.81322200164216
C,Q,-36.93842453943718,-73.99128685695982
C,A,-40.616134793882374,-65.89385041977557
C,K,-40.276446422411794,-62.56411371084615
C,K,-44.47252099961145,-62.30376049837771
C,F,-41.16014074572492,-65.90640992092017
C,A,-43.644278326280094,-63.44159407492419
C,D,-35.73255927546372,-62.74864161783899
C,M,-22.06532148011817,-73.56538165299543
C,T,9.647437031475782,-111.68748793720405
C,N,31.441970921693503,62.365236300412555
C,V,120.00139831247968,-91.92185381936369
C,R,134.73872293665826,-70.47276456878927
C,I,111.08086984516606,-109.11320010626638
C,P,148.63653555927513,-53.33845950928087
C,A,-36.88068330387601,-59.515621876869844
C,W,-31.153574255865497,-65.40092737804076
C,M,-43.41547279259154,-73.05898654960824
C,A,-39.002627675086,-60.69028915189188
C,Q,-34.935093555171,-69.41057289215946
C,M,-31.18043178991672,-62.61165232484014
C,F,-4.432563280103637,-99.1649639521368
C,D,133.1399079166017,-60.450315611632554
C,G,7.477930170384578,79.98078334277724
C,L,17.642424706491106,-109.03066591580705
C,D,-35.20353963194298,-52.01035764064284
C,D,26.811629048208548,-114.05359309210291
C,D,78.42330288590995,-129.9725992395383
C,A,-42.343555811404265,-58.12059768413308
C,E,-48.02750738517071,-58.760340613148074
C,T,-39.7253570291367,-66.35534498092012
C,R,-39.12129585980655,-58.576592600314484
C,K,-44.01301512712897,-66.58781804475677
C,L,-41.639177446421115,-67.30499610011225
C,V,-45.49577564327148,-65.59248034527845
C,G,-36.03785373037372,-65.41578040449757
C,A,-41.34949137489219,-66.20870788869611
C,N,-48.710474523440396,-57.76826789761851
C,I,-49.13547707611541,-58.449788058002206
C,A,-41.660648275672465,-64.15402077648645
C,M,-37.46844541439246,-65.41857818666485
C,D,-43.17344212472849,-67.13370677045123
C,M,-49.01070504712927,-59.572157474250325
C,V,-26.840663893516215,-68.95588371918699
C,K,-48.69476453378433,-65.2841618446026
C,I,-41.928552220024535,-65.12674016335397
C,L,-40.248795606164926,-64.49900784552472
C,S,-43.65339473156299,-61.364333262532
C,R,-25.967567647355438,-64.20085945925376
C,E,19.91694984907042,-92.14171130941784
C,G,-3.7855940181842804,92.51206203368464
C,V,124.22686721884662,-72.10059110388973
C,K,7.743947612622546,-118.95127320147087
C,D,133.45137024162906,-140.5704408674089
C,F,140.21923199223772,-134.88025913732648
C,H,118.95905333483974,-117.79980167512178
C,F,128.2136279414963,-98.49415679121601
C,Y,85.87492756962209,-87.79839925635758
C,T,-22.993954214776597,-70.94223561240317
C,L,31.35515659788493,56.5044356229886
C,N,11.637227504934327,70.87503045655289
C,R,141.5194949172906,-111.11464216967967
C,A,-32.75577749253054,-100.25959404840265
C,E,-59.121129253765936,-40.71176488518207
C,M,-49.652895556942774,-66.37130610586014
C,S,-37.67664123076618,-61.577766799556585
C,Y,-47.26989065312652,-61.4057339762946
C,A,-41.235415680911544,-64.9020695083167
C,I,-44.09284535308421,-62.088475950748844
C,C,-39.18906629661657,-61.145965845900186
C,H,-42.828143256801354,-55.61333369960694
C,T,-21.125351045384637,-68.61333870127669
C,L,3.5313441742145666,-88.94159794326342
C,G,3.3595620787204106,84.75516832969286
C,V,103.48943737657656,-88.3146971967514
C,R,165.37301576256004,-134.20163833949803
