Chain,AA,PSI,PHI
A,I,-45.19472443006764,-66.55799005844918
A,C,98.02906276508915,-90.09819988957082
A,R,-20.177429049197702,-103.46092643105796
A,F,151.75811045791187,-133.6811841791166
A,I,118.75419669228715,-123.74961950079336
A,D,103.49347457566871,-82.51234248564347
A,T,8.863218148719433,-76.20965927298134
A,H,93.58475163555426,-163.44356643599284
A,C,125.63738878681185,-138.72637335685025
A,H,69.07822347547251,-83.45622835633701
A,F,-6.134114610655195,-69.1575080084763
A,D,-0.987968546045039,-93.31931842665621
A,F,169.52540233204624,-104.45028895379741
A,P,150.78943958414584,-67.74193937106185
A,P,5.058264938628406,-84.28767408869615
A,F,-29.51652574972452,-81.4939753975614
A,S,125.25292306205698,-61.72492096331143
A,G,-3.083174321877148,82.36105311989847
A,D,31.117433486008462,-134.86795909774426
A,E,-44.3069473176272,-55.794923905386334
A,E,-54.89111177336105,-58.55407090703096
A,A,-41.66374514407446,-62.59289120889756
A,S,-43.66903361192613,-63.581829802232804
A,L,-35.0882042646576,-65.7705930846139
A,Q,-39.91377797389104,-69.30198971044429
A,R,-37.32831906514653,-62.49822265135195
A,A,-48.45549389840896,-67.81283734240554
A,A,-47.43238017065325,-60.82618584830944
A,Q,-25.465173399705805,-58.71142532007406
A,A,-3.8919719428809207,-83.0343455602604
A,G,0.6747899117946637,97.00300352738898
A,V,97.02481790825526,-85.85138324696685
A,G,-24.13459956058038,-86.76343619729649
A,K,151.76170116078075,-138.51318531002457
A,I,132.38915667367115,-138.87973348161603
A,I,126.83696285527553,-99.27728329911338
A,V,104.41454596386342,-108.55273372079708
A,P,135.71490424386812,-88.45360474017271
A,A,167.65939963466263,-77.08240514150052
A,T,-21.343621968798956,-117.07290096037278
A,E,158.59832084854426,-167.40546207297803
A,A,-34.605796184507014,-57.375891191194036
A,E,-21.817262228609053,-63.46458513911452
A,N,0.958331662910395,-97.3146898987579
A,F,-44.66482322489269,-57.56987841670039
A,A,-47.78208293526639,-59.388518608668655
A,R,-30.72258981019525,-68.00098291959748
A,V,-41.399901315180124,-74.28134398067816
A,L,-39.909774823131706,-64.4779359216256
A,A,-40.70549368470568,-62.61296207001683
A,L,-47.98931659571577,-59.03606999421871
A,A,-34.620234776830905,-66.77785086984305
A,E,-30.430045475785565,-77.98491523427016
A,N,-19.00520135113554,-91.9321210753635
A,Y,119.93102523657086,-122.30399232704966
A,Q,-43.03295530143308,-49.90462595628549
A,P,-13.712960221822026,-70.37810479964774
A,L,134.67453712207558,-100.28890824133323
A,Y,161.36862817050573,-122.211414283514
A,A,162.11996181048556,-128.80216939471867
A,A,142.91597981374406,-136.20424363432892
A,L,137.34567052768216,-119.73712444940548
A,G,176.49062605296544,174.90732608956347
A,L,112.34207081099372,-117.76119480390022
A,H,135.16777607435196,-70.13819917190004
A,P,-25.546283838182596,-61.08593845289882
A,G,-17.91650444403127,-69.30304657582866
A,M,27.246355019253222,-110.86290988369308
A,L,-38.98878430625764,-48.34767043557788
A,E,-20.41159517287135,-62.40851478702722
A,K,-12.192249307926257,-92.72455008511758
A,H,123.37307560459763,-88.18155167726766
A,S,176.92196027267985,-123.86248871081176
A,D,-28.871269103607506,-63.225908790877554
A,V,-39.91942427776969,-66.77738575809391
A,S,-41.453969074534555,-58.84552991428609
A,L,-36.118457577170375,-70.60175888813802
A,E,-37.912937461010934,-66.91080934771938
A,Q,-39.311680898292416,-63.45808615492475
A,L,-49.281879425846974,-62.11026504054661
A,Q,-47.59449574391656,-60.317872796594294
A,Q,-37.655087447175326,-62.42006901749391
A,A,-46.56552136808076,-64.53471670621431
A,L,-41.201063510061346,-60.41066460228163
A,E,-37.47792188716093,-56.675822709305116
A,R,-10.337320871907869,-78.22431018071676
A,R,77.25144937678829,38.678397831736504
A,P,-23.88488006634386,-45.728960362712364
A,A,-49.14168140641653,92.08007465907792
A,K,9.85374985981943,-88.49119990831721
A,V,120.36554212808747,-86.71329985152303
A,V,-0.32807196910247555,-114.54672289515034
A,A,163.60846941669055,-165.41733807895474
A,V,110.3630147987263,-94.78995947386365
A,G,150.18886385068686,-166.32624568431982
A,E,87.62288521730238,96.85645380629438
A,I,165.7879650370476,-129.0088618964033
A,G,-156.3073304896525,150.67301686831857
A,L,155.45624847029552,-134.46689918045524
A,D,116.49552437309404,-157.33298113641095
A,L,19.409836707170562,-92.27868450447663
A,F,141.0598629458262,-78.95155877831726
A,G,157.38078639063335,113.56388450863679
A,D,-25.96744252879857,-70.43548967586476
A,D,83.64351767036564,-147.06178321920456
A,P,-6.8610425809386895,-68.68584457584035
A,Q,52.461301203564545,52.074883768900364
A,F,-39.70610290374577,-56.91430822767656
A,E,-45.41480912072782,-63.482054306053136
A,R,-35.985732657076,-65.26102244226557
A,Q,-43.17562760222103,-58.47430025977826
A,Q,-36.818442882852565,-68.18979246934575
A,W,-42.942569708419235,-64.89984194095678
A,L,-41.52380654540951,-64.68908495827388
A,L,-46.316444049383634,-59.52620403343768
A,D,-33.12314966769003,-65.23280779175757
A,E,-37.51456891248523,-61.824821492816646
A,Q,-30.185074228542636,-79.30299884764175
A,L,-35.211767344517234,-66.03032468883934
A,K,-38.02683467449088,-64.72432344556435
A,L,-39.182276229562135,-67.43005189690614
A,A,-39.31864957951298,-62.48165956318054
A,K,-43.99684329849727,-66.73773854418869
A,R,-42.35334321616756,-60.9821165966319
A,Y,6.285586116666308,-96.0384289901975
A,D,57.83052751407788,56.87650083721268
A,L,150.8290293520236,-129.36131040971978
A,P,168.5286082888007,-79.89360926369393
A,V,149.76265630084262,-118.84682628847392
A,I,115.29750434075146,-108.98605397054784
A,L,140.75259832296553,-109.57491560366658
A,H,135.4986912692835,-107.73988977344119
A,S,119.06031600375624,-149.77445643976748
A,R,107.18027783189928,-134.29825346679726
A,R,22.813907788556588,66.39821810500405
A,T,21.18399312955171,-133.02428622574627
A,H,-43.764145319216226,-58.934166512142475
A,D,-47.89083863253408,-63.0756367464076
A,K,-42.85068668299696,-64.38106122649957
A,L,-44.906514068777255,-61.6653292617736
A,A,-37.43714849213174,-59.96058618916588
A,M,-44.848261915446805,-59.742142554469666
A,H,-44.49647308270121,-68.15530882622359
A,L,-43.5703116730991,-60.12050674645672
A,K,-47.19722390716866,-59.20099608774097
A,R,-43.10490885045594,-62.57122713774975
A,H,-13.059395204474583,-85.87966295061796
A,D,72.984718518919,40.43883861422316
A,L,122.777738960941,-80.09175683792095
A,P,-36.68051678134834,-54.58408940228876
A,R,2.993375132704108,-93.61098219752812
A,T,-127.02616574598268,38.035390636085666
A,G,-155.74251528334048,162.64740610922863
A,V,138.33528665973353,-131.13931480242022
A,V,102.90750481133436,-94.92266720557464
A,H,160.0252748304325,-73.85539924702375
A,G,41.42826953802082,45.67938418121462
A,F,132.21270582630012,-58.40537304326153
A,S,126.75984069167576,-144.30413320428178
A,G,-161.4442788024977,163.40459639489245
A,S,162.16005724830674,-85.10109789145595
A,L,-43.077865880232316,-62.42575308408551
A,Q,-38.33445823599889,-59.851145897942175
A,Q,-41.712386901944825,-67.09479299333925
A,A,-49.01658685862033,-64.34869543446348
A,E,-36.965296635939275,-60.36594738072671
A,R,-39.22816761706997,-62.71803012981626
A,F,-42.85102737540439,-67.38973985561056
A,V,-39.44397644842424,-63.13116516280643
A,Q,-20.463674970646647,-69.492642837355
A,L,-0.3425248928580458,-87.86176508480436
A,G,9.34342064314121,92.59221795458086
A,Y,153.9220775474964,-89.97066686407553
A,K,170.41673821042974,-94.48644406571609
A,I,122.12514376802639,-123.56358062926888
A,G,125.22980225057138,-83.42854410071621
A,V,115.31832742189681,-104.1897622132934
A,G,-156.41983128793782,-131.48508375672287
A,G,-18.069614178278428,-53.25088199452749
A,T,-34.42892239669587,-56.61839956529889
A,I,-4.2430193353132495,-75.12652725281892
A,T,0.09960786562710466,-90.39618299834862
A,Y,78.88852715270698,-115.00601662524936
A,P,-24.93922964465272,-58.39294894700131
A,R,-2.7114981685520174,-91.46376656965731
A,A,-20.089040827256156,-90.69324922570017
A,S,-176.31890435408334,-173.51086453260302
A,K,21.399122304901088,-107.95603585481024
A,T,-30.382087390592307,-63.116860752471524
A,R,-37.90113577547862,-61.577692278036125
A,D,-33.67038600571949,-67.75139237193675
A,V,-51.10857528216008,-67.77442328571765
A,I,-31.12401495302989,-61.4811464438955
A,A,-25.454182805983596,-67.63765808168552
A,K,-22.494887099707533,-97.45020151218611
A,L,154.62982880684646,-64.59899567245581
A,P,137.80258034846136,-61.44356058204451
A,L,-30.90275905167802,-56.894443078302324
A,A,-8.817576648632384,-71.39974987165554
A,S,-4.962880781708015,-94.95427695436197
A,L,140.51899906000932,-94.1503539700547
A,L,153.82279393324472,-126.14654773641021
A,L,144.77070875929152,-100.72432032736468
A,E,175.18054683346742,-162.6193567205218
A,T,-30.539725271778195,-127.09591446121871
A,D,24.06222613101899,63.0673150125806
A,A,147.08003188474862,-58.65485889946948
A,P,0.44763674440255774,-78.93523502813035
A,D,-177.40065353253814,-86.74875988064834
A,M,54.38426364481478,52.665630195693325
A,P,144.6495525941854,-57.62629055045095
A,L,161.02161642909815,-77.60649294405395
A,N,120.68208506116873,-56.20648681919083
A,G,0.004252079398147998,98.01638726249436
A,F,18.26039780566823,-129.71402690169757
A,Q,157.32229005124674,-69.94472402309485
A,G,-6.11765094319251,95.42382853975192
A,Q,157.7739845610046,-145.01391892325472
A,P,146.17333522210848,-60.136262799453654
A,N,157.122322622886,-77.39476720044235
A,R,152.14968612866485,-138.43771816802487
A,P,-27.34492581314644,-57.87131157781688
A,E,-18.117040042121733,-63.518567855633506
A,Q,-9.5875522989141,-68.02048254944549
A,A,-34.09322309224698,-61.64549026128096
A,A,-34.52304956705522,-62.876900350186666
A,R,-40.65957059373944,-74.61630612211012
A,V,-43.68239530037388,-58.122983057618036
A,F,-43.07108264778945,-59.09609479273396
A,A,-41.057323285389835,-60.561293540053676
A,V,-39.04822371786263,-69.32587727465895
A,L,-37.077625664163946,-60.06087378121935
A,C,-31.34853397139679,-64.37056661508132
A,E,-28.68072930997584,-70.87420967823246
A,L,-31.575092915269966,-82.3635672399378
A,R,159.7939631651455,-90.40357160803116
A,R,-34.55720828758438,-86.28391755349966
A,E,151.23309730392322,-61.21639012564474
A,P,154.5005100453606,-65.49313354621701
A,A,-39.41669671559197,-55.686222431004865
A,D,-31.556047963212578,-67.31134004508418
A,E,-38.81561154563172,-72.87794230944102
A,I,-47.83970218518357,-66.29451715894854
A,A,-44.87716183741104,-57.18038273790382
A,Q,-34.8659765724095,-65.82879927122957
A,A,-45.63586511226632,-66.64253162842395
A,L,-42.589095305846925,-58.134702141173946
A,L,-45.86466809721262,-64.34390915918692
A,N,-40.15446868106072,-63.39281320466208
A,N,-45.23780286163558,-61.31215775425374
A,T,-42.329919648259924,-61.69077936517379
A,Y,-44.140410814571126,-65.05649212523241
A,T,-36.477878816557826,-65.18789864651708
A,L,-46.88962949336319,-80.38630242336028
A,F,-21.314923322619084,-107.04709325116244
A,N,40.34063500303598,73.82991066361751
A,V,109.80807825812374,-111.77361642264405
