Chain,AA,PSI,PHI
A,V,113.42071511572419,-86.67379084299316
A,I,101.9134069774211,-119.01112686786716
A,P,153.59302217649977,-70.42406589063202
A,I,119.51493007886633,-104.83922357248372
A,L,109.54144533383054,-100.26887318517943
A,V,125.43396133807698,-95.17336398317761
A,I,120.27978878768151,-98.46122511781309
A,A,165.69910201752015,-129.5962034479078
A,C,-83.06827619489196,-149.13342260820735
A,D,23.610694983581748,-135.3635738218566
A,R,119.21684687285268,-110.6666587832944
A,S,-14.385079757807151,-67.04420215047887
A,T,4.5324696490009275,-69.57564494143509
A,V,-19.74561719081256,-61.5078030220811
A,R,-44.58523372719754,-57.423405043280155
A,R,-41.51807181594804,-62.96118998122021
A,C,-50.91547224624902,-61.80533551586827
A,L,-38.3238267509227,-67.47832791019447
A,D,-44.07223663523489,-58.14615203252317
A,K,-41.456564187065915,-70.81045557529625
A,L,-46.15024710502896,-60.65666280876959
A,L,-31.13504530145692,-70.26443950098854
A,H,-40.442958894829424,-68.34454616514138
A,Y,-14.54328765708487,-90.2849451094574
A,R,123.2003323670117,-55.661951055398546
A,P,-18.601863445860513,-82.82779142990366
A,S,123.04538382204476,-158.18535250102252
A,A,-34.99212906311718,-69.32984184660714
A,E,-42.503817253022646,-67.3446744450935
A,L,-26.866385957271962,-80.26692662897065
A,F,69.18728474090037,-128.03094821464373
A,P,141.8324889946999,-65.56811583479697
A,I,123.6183967502277,-106.06480387797048
A,I,118.4824116781189,-116.07232328919245
A,V,112.72777187222952,-103.2833004490285
A,S,120.4144260259185,-98.08463867124594
A,Q,128.3785926988172,-111.47980821887502
A,D,-179.6457857874186,-101.32686935422097
A,C,-39.9412209209343,75.6657918088544
A,G,11.770751768702949,83.4481630382923
A,H,116.8993425930561,-58.174493254057175
A,E,-46.93642893762327,-60.236446868832594
A,E,-44.538454414585644,-61.230652809804376
A,T,-40.06636750394419,-63.355806055013886
A,A,-39.54981142268444,-63.36805405887778
A,Q,-38.29397456051612,-66.40016295936005
A,V,-47.62403543495059,-61.36809900844391
A,I,-45.66978647708731,-63.10659750632822
A,A,-31.826441337260373,-59.46516922852523
A,S,-16.129548424219454,-64.63964335263175
A,Y,-8.424391936769949,-78.63256798658497
A,G,-137.66037729119702,56.27156652325912
A,S,-3.4574853993455816,-70.6865343273968
A,A,-20.39174412072175,-67.04015008565969
A,V,165.69239328641785,-139.91190650995276
A,T,119.49136502427176,-112.51776296929378
A,H,118.01176436126902,-99.39822868376591
A,I,156.38749990106265,-121.2212891443912
A,R,125.94369370401061,-126.85614297312927
A,Q,125.54387262075241,-58.78831256097636
A,P,-23.391939811041556,-73.79854900168111
A,D,98.77366140035289,-109.78343331789169
A,L,15.603144131079757,-96.07579113728978
A,S,159.16554403760242,-69.91737936712778
A,N,151.68414580581663,-73.7147699998977
A,I,135.02870817259196,-106.55959606823184
A,A,116.5553107160779,-76.71272453805396
A,V,162.33529197749166,-95.4173634181891
A,Q,163.6121220864891,-73.78809528027536
A,P,-23.60897608438704,-53.653516692274046
A,D,0.7903299211185285,-92.62609809093968
A,H,26.156949828300995,-120.83651643496643
A,R,-36.06330287875569,-54.71551202053233
A,K,2.122730565491431,-83.69346302007108
A,F,25.54920304422145,-116.05720459812554
A,Q,-39.291521299400486,-53.393386555967304
A,G,-37.92985696921039,-57.06581641311761
A,Y,-28.458010951817318,-70.28646078180971
A,Y,-38.72328255002921,-70.9378879452077
A,K,-40.641759092983726,-66.74100627114288
A,I,-47.431862280242434,-59.85545047848253
A,A,-40.30713660547803,-62.43032507032229
A,R,-41.96808816309068,-63.34838617206892
A,H,-45.85819505436935,-65.35426262288242
A,Y,-45.87716966239958,-54.83470770564971
A,R,-43.39821438805899,-60.15446044133649
A,W,-46.051642765910806,-69.62852398937085
A,A,-44.01506459237494,-65.15421873192238
A,L,-32.623607075122955,-66.07878202201346
A,G,-38.37535458138003,-64.5393112859183
A,Q,-42.68801148926401,-64.80536138489227
A,I,-45.38273121939314,-63.610738210098276
A,F,-22.22304072347223,-94.78968950518762
A,H,-42.06123816008108,-103.45857201165724
A,N,-57.26980873375775,-85.49108832565373
A,F,-22.991998724358098,-77.31396939524909
A,N,43.5755624513072,56.54111544719165
A,Y,157.37879649393903,-77.92870861370764
A,P,-13.898433708184093,-82.73446043498376
A,A,172.9663710526059,-168.30195274480627
A,A,150.0959737357382,-159.01179139533846
A,V,120.55129892003778,-106.72060857455882
A,V,125.30152229136965,-93.27822030025287
A,V,115.68061957428056,-129.76178655909783
A,E,153.52214653546125,-71.44426224819561
A,D,-12.753990579097755,-63.705816527807755
A,D,25.483406515725193,-104.69623208161747
A,L,135.36862572330472,-110.57962372974957
A,E,128.90793883451042,-107.74488492575101
A,V,155.32529094042422,-91.55478688668914
A,A,160.51669134709292,-79.15862299962822
A,P,-27.958841729915115,-57.614528453749934
A,D,21.59302542505354,-103.95742182514375
A,F,-48.0718010706938,-55.72601393915913
A,F,-39.52356809824344,-71.2029534367216
A,E,-41.89739443350296,-59.72772957948184
A,Y,-50.96820846121539,-60.30851579675824
A,F,-32.69146379194942,-69.75771145944368
A,Q,-40.74698599524226,-63.590660904600824
A,A,-32.07471689117817,-73.73535986638298
A,T,-18.622197910985378,-90.75009424987621
A,Y,-46.84125753226914,-52.59043715837279
A,P,-35.168733439514675,-58.1160030464409
A,L,-46.62884273897649,-63.671777336341584
A,L,-38.7865414627322,-64.2051242553101
A,K,-37.61839514349202,-65.07858331483271
A,A,-29.427366366567178,-85.17829869105441
A,D,102.61573249354078,-105.70919221873231
A,P,-10.867055494160287,-66.17658882784777
A,S,-8.198408167989035,-80.34358147426376
A,L,141.4958603739586,-102.93400132639829
A,W,-2.4873275246465605,-122.3142949724402
A,C,165.69355316479144,-167.52935187286712
A,V,128.87590953842644,-125.4140906461477
A,S,147.4802407089816,-121.21601168223562
A,A,-7.7083601409537374,-85.22279244455237
A,W,131.984201626734,-98.4560070771764
A,N,108.6277203082442,-107.59190798731713
A,D,-23.54929641750454,-56.141914948723645
A,N,37.01624505029335,-116.28042503895087
A,G,31.29133227742109,-84.22692767787987
A,K,151.52112910968833,-67.0924121602962
A,E,-45.290449970627115,-50.294538947821934
A,Q,2.059031032926227,-79.49962151057065
A,M,7.27695467275879,-115.4035628125092
A,V,151.91062476909815,-124.6945228770051
A,D,103.2449711822595,-91.02009331990145
A,S,-13.541765170435797,-63.43984311538388
A,S,-2.9268150702826627,-89.7873737433549
A,K,54.354999973809285,-125.6128934082912
A,P,-14.669139493408045,-64.76271971885105
A,E,-11.104788245339712,-88.1789814764368
A,L,129.3085781098256,-69.60859001710544
A,L,162.0580436681375,-121.88456775722663
A,Y,168.86354975634111,-141.87559145147657
A,R,149.07864214964815,-102.53106128088879
A,T,141.92715164779156,-143.61467596257063
A,D,-15.724571879614972,-85.36453284509537
A,F,108.4066151103715,-90.69802161759446
A,F,115.44003072420901,-59.3269455466195
A,P,-23.212707255217712,-85.38871048104915
A,G,-144.8127988353546,62.96201746336737
A,L,63.460500071948765,45.4137695019468
A,G,82.69039672136256,93.15002237771691
A,W,144.82171747084104,-140.45988688019986
A,L,133.5103242073305,-98.26296678852593
A,L,152.57239842261438,-137.09920765421396
A,L,155.163868618266,-89.69776978447648
A,A,-31.53170706058163,-56.6596262697951
A,E,-37.235604558785475,-59.68143113017574
A,L,-39.45445403459707,-71.91674842796468
A,W,-34.36649576226823,-60.92001832081064
A,A,-37.16255799894937,-58.75303937315269
A,E,-40.356235084976454,-77.56051386456234
A,L,-35.801619353361176,-81.12542568430098
A,E,-44.99735396963746,-55.56735010896698
A,P,-20.174021506996883,-59.573205311659876
A,K,17.184204145683662,-123.11042027464966
A,W,132.23299574620023,-51.84092991134014
A,P,164.57969123491227,-75.10856683898044
A,K,-27.02506207875201,-73.8792082152997
A,A,166.13399266016742,-163.2079131833218
A,F,53.16397555270171,55.99340174739739
A,W,-37.36857845547507,-58.99452171668311
A,D,-38.01313552950334,-72.04120076608709
A,D,-27.81743427216278,-72.1376758975931
A,W,-39.919004371623565,-65.68951133228288
A,M,-25.12841174356121,-68.74100263340425
A,R,-11.375637822812642,-75.26943449011267
A,R,147.3148682179839,-73.05372273419387
A,P,-28.790404847352097,-60.10799767411231
A,E,-26.429471612322644,-63.05843267565661
A,Q,-49.94627606860921,-96.8749414495065
A,R,-38.0609419306455,-64.70120811901198
A,K,42.66305746119013,50.54962677657162
A,G,7.424605787473566,72.09005227171738
A,R,153.4294533342021,-82.18791488148679
A,A,170.7480475763203,-114.7042167805896
A,C,158.00245990470268,-124.63178921835491
A,V,141.35141237587501,-90.70176975895308
A,R,153.0886956820299,-143.31772600900075
A,P,161.49650553158781,-93.70745726089639
A,E,-41.457414868460795,-64.34237946610878
A,I,122.82054926065283,-120.1029224071788
A,S,139.6073349025628,-53.937723722719
A,R,6.608013466351575,-99.0168751318432
A,T,160.33130465007548,-143.03008462713137
A,M,146.7316445472734,-147.72813376444452
A,T,143.4904223510466,-107.12060918693923
A,F,9.11307629730812,-119.65291479654016
A,G,65.7359553237729,-80.85578112080336
A,R,-43.97629629174799,-60.27547047494776
A,K,125.45401598434796,-97.48552626648336
A,G,-153.58056322845115,-167.0554242760902
A,V,-42.551227185171534,-65.84131781356753
A,S,145.20916699164331,-84.03446034299482
A,H,147.24501985630891,-58.69537155355249
A,G,2.75642440268833,-72.13262791644283
A,Q,-46.240648581139375,-58.81189183787911
A,F,-38.67521105503651,-64.44675418324914
A,F,-47.575617367787835,-63.18392938190457
A,D,-31.097443385605203,-64.57303205210157
A,Q,-17.526788998319123,-98.88167997194614
A,H,-60.274677500793615,-140.27436189261988
A,L,-40.631224920662575,-53.41456237559431
A,K,-19.238425444598956,-61.65275708533051
A,F,-1.9136935813179106,-92.51258175945816
A,I,126.43141288436543,-71.25762250662426
A,K,127.59786435512143,-78.82982655381835
A,L,129.98847426317388,-83.60023775531653
A,N,137.8273631580004,-63.32303476227147
A,Q,-0.6723497421285135,-123.61105062167834
A,Q,111.68263610706072,-98.97674393958036
A,F,125.04608260523842,-63.53569195570657
A,V,124.79541228320959,-112.29672067474063
A,P,70.25187546395065,-80.4781881528524
A,F,-32.40994885824471,-52.85520779437985
A,T,-11.161045369300645,-69.17517260259099
A,Q,-1.983056541189708,-102.27150275555513
A,L,159.54040448767051,-100.05922582034736
A,D,105.00127280102583,-91.47609723892678
A,L,18.19669265780016,-97.28478996139725
A,S,-21.02370409668072,-62.10334456409141
A,Y,-14.943746281435992,-65.00111701395385
A,L,-12.694894834140957,-85.05331310490861
A,Q,141.3707611510063,-59.035819118937184
A,Q,-42.91643129408742,-55.35462404895449
A,E,-40.89068766954566,-58.527176827202865
A,A,-47.32178439826749,-76.48236096028464
A,Y,-46.11941716950852,-61.57349403982636
A,D,-16.58343112231426,-68.16463072408168
A,R,-56.968554447371176,-93.88970618745722
A,D,-50.3484481012894,-69.5626304574085
A,F,-43.61459164402588,-63.482706136869
A,L,-39.83093378814625,-63.662719802916854
A,A,-39.0159604042937,-62.7563383607369
A,R,-47.182017658934264,-62.408640070141935
A,V,-48.80384256019048,-64.19666753006211
A,Y,-9.942677036131911,-81.90460239499673
A,G,-16.22097685496174,-88.77818295442242
A,A,146.53837611883196,-73.61620832446202
A,P,146.37206962214105,-66.37127513461674
A,Q,137.64100680851385,-88.81465066297848
A,L,142.57889971182666,-131.06198113534722
A,Q,145.47887467605307,-69.44562948318594
A,V,-36.24013277777915,-52.83225134734773
A,E,-36.40618401241589,-63.63831682580289
A,K,-35.439219689861346,-70.50354780490636
A,V,-45.22029156693517,-67.94958087208722
A,R,-46.88503363133727,-58.01063396160747
A,T,9.568255799675448,-89.09136341043772
A,N,42.546390557394666,59.75899869424305
A,D,164.32353348616442,-85.98776701671022
A,R,54.063821490932185,48.76122500722518
A,K,-16.073895814499334,-64.2527154644013
A,E,-18.85622877375537,-64.43514786530868
A,L,92.05480390802471,-91.50375905671038
A,G,-11.86710827426458,-74.01437851811167
A,E,120.3060367144856,-144.59507432490963
A,V,169.2785408306766,-137.4293532011061
A,R,134.09180668735326,-119.47090573040845
A,V,114.96452500314163,-115.46487544281194
A,Q,135.32847728664436,-90.30812408312799
A,Y,152.3400679645076,-116.22571296397533
A,T,-4.870854461632393,-123.58960062148819
A,G,175.70555059513393,-160.74548245231983
A,R,-39.601301404583715,-59.83181899960066
A,D,-43.0601411515852,-66.76543417641973
A,S,-36.6753939847722,-69.95543659695494
A,F,-50.91015261635388,-59.13701736865483
A,K,-38.44449352775595,-65.33192981783947
A,A,-47.25403836124602,-64.55688188827521
A,F,-40.96382026395335,-68.5415686994793
A,A,-47.3745379397762,-59.379382695227065
A,K,-42.57329926068618,-62.83308126352225
A,A,-32.68974950717883,-59.42553118872342
A,L,10.795951794020679,-102.48363612226974
A,G,25.31353943672087,70.42407775643339
A,V,148.28130865429213,-96.95850150248681
A,M,130.87748019218958,-55.81482049949963
A,D,7.722189199856538,-111.63015615985574
A,D,158.2752520432363,-87.8143766318998
A,L,141.23765917671003,-127.25450696610675
A,K,119.16889794533495,-117.19375480977634
A,S,36.00117686668475,52.58734098512321
A,G,1.5456361195762685,80.19671568290667
A,V,128.9508417487266,-100.19863971379453
A,P,155.5247093429094,-78.39377649425289
A,R,130.07925496816287,-55.29344070593908
A,A,14.622028088064601,59.930741385330485
A,G,151.0289407189219,-74.28960855102363
A,Y,117.4290011512468,-140.53452148515763
A,R,39.43593837329781,52.45122688731376
A,G,-3.896373242340299,78.79452152428581
A,I,125.77868381340218,-94.32377458656435
A,V,120.61968722739802,-108.16287243680686
A,T,134.06448182253524,-111.14567710318704
A,F,177.68002028178677,-162.97057769157286
A,L,141.79495778357773,-107.38774347299005
A,F,113.28263557801658,-138.02761451288802
A,R,44.86094022716613,49.39114745578072
A,G,-9.011083658768127,84.12211802944638
A,R,140.38943680513407,-98.10445134041811
A,R,126.10812240299549,-81.18124183303414
A,V,137.16934753400716,-125.43444665905358
A,H,107.31682655878346,-118.4394993551165
A,L,106.57092290166442,-84.30927341294279
A,A,155.2833493897026,-131.30814081621835
A,P,174.91304937734677,-84.76623023362822
A,P,157.1699072648263,-64.67771384972926
A,Q,-8.929886899417403,-64.39642154821681
A,T,-1.066427406339237,-77.67422602542258
A,W,135.10711713297536,-45.52015440621029
A,D,48.57765720398753,-146.88067137013408
A,G,158.02442034356832,120.562552101377
A,Y,147.7114339692199,-89.40114683865411
A,D,109.32844692693241,-112.88578459527612
A,P,-17.109980546937045,-59.48595550655978
A,S,-7.412211681296815,-73.75885963685117
A,W,97.36577883121119,-80.8214561483677
