Chain,AA,PSI,PHI
A,R,146.34885977618623,-73.76478294577579
A,S,13.939139873623233,-105.59377014604148
A,Y,156.72809607769426,-141.91868230034964
A,S,141.16965171733264,-107.89951520651725
A,P,-32.68851597230783,-56.47848000232967
A,Q,-39.17543383378308,-75.09749872309709
A,D,-46.17458081651939,-60.02873208727575
A,W,-50.579238714030126,-57.60043309334923
A,L,-32.34053731426853,-62.39180275686732
A,R,-35.49056394184492,-52.778775402045476
A,G,-7.987172629096004,-68.5964645178128
A,Y,-1.8710402009953326,-96.21945723656052
A,Q,144.22089332742343,-57.6895504214817
A,S,148.3720441048725,-61.58810207601628
A,Q,86.19905820018991,-111.41428363000783
A,P,-27.312917088866893,-78.22027818489414
A,Q,146.66704162977564,-73.56809889122354
A,E,142.8093897557115,-106.55807158425168
A,W,158.4940132272949,-123.21474171084375
A,D,109.05171321703557,-162.64207583045675
A,Y,146.46041699816976,-169.47871088462756
A,W,123.25710537911586,-74.4600678693733
A,V,123.6742955529802,-62.51126358112805
A,E,-41.64662338680102,-94.53218699124265
A,D,94.3369981699232,-82.56910165755502
A,V,110.94286317398749,-130.96693674035564
A,E,150.32896665422038,-79.67697196584523
A,G,-149.441790578472,67.2471531753934
A,S,116.15146368017804,-140.703592837205
A,I,123.69257201712948,-66.18066813146918
A,P,126.86439464030255,-68.16758166025974
A,P,-27.307800826543758,-58.61727239310318
A,D,7.182322009494512,-90.02920516765194
A,L,105.61422760471875,-88.61924602235663
A,Q,119.21533971835782,-138.35495822973417
A,G,-169.05247565295716,157.72515715706743
A,T,133.83064660860677,-122.49985408899896
A,L,106.52374423841172,-96.11275714095244
A,Y,140.48208262704586,-92.84241301565474
A,R,145.54415093488774,-144.27750374794903
A,N,155.82217995136844,-120.101114075079
A,G,179.62746509819382,177.07653974282303
A,P,133.8899746366544,-78.25157288334431
A,G,-17.242319086110854,-113.75884919452668
A,L,129.53731153888924,-116.08778200723232
A,L,0.5679989716996299,-108.22968042474524
A,E,159.6604062305321,-148.78030386031878
A,I,120.6385359137526,-128.39638313700632
A,G,-125.73861494066412,63.61724475397993
A,D,21.27136372929277,-108.31013851076077
A,R,109.57906896733195,-109.75758334155368
A,P,149.9141260885606,-70.2358953677239
A,L,148.56375198719104,-73.72421254385836
A,K,-31.151929160493744,-70.3819680352955
A,H,135.783578409716,-151.06051660420567
A,P,-21.407567060594577,-56.08889390520042
A,F,-15.186094147688742,-73.49211244295738
A,D,-7.378825300064097,-82.4923589988538
A,G,145.4828387715748,-74.3930339648221
A,D,135.5340981732466,-61.097693291402756
A,G,133.46106355463507,-66.16033829122023
A,M,115.65228278303373,-134.56248275050268
A,V,138.77223662479435,-95.65354939188684
A,T,150.38564417536458,-122.4226916309338
A,A,135.7856717889963,-135.37754976646747
A,F,115.0289432134022,-114.54487418858396
A,K,117.63377927557302,-100.73264266089205
A,F,101.93218315497785,-107.02632869810422
A,P,-29.074593020213843,-68.12591769999574
A,G,0.1837895593685619,101.97072608706384
A,D,2.1625739160142707,-81.55848284970696
A,G,3.1407715324116467,91.62592937211939
A,R,160.770271474755,-101.16971611168309
A,V,134.63121605483587,-141.3533029084647
A,H,127.40870966960166,-100.09250087758018
A,F,139.39244875118732,-102.55846984021582
A,Q,146.97894258146334,-141.44000053017433
A,S,126.95769378234887,-147.82333021651394
A,K,146.82062468083708,-135.2125611267785
A,F,136.59896724238837,-71.29412348725235
A,V,125.90139767619863,-68.89369647735657
A,R,74.89537800366931,-83.78606763415458
A,T,159.99851152124154,-73.85479632814925
A,Q,-39.47097025991181,-59.26914156439507
A,G,-40.74660394742454,-72.48007061943851
A,Y,-47.54995591091464,-59.51705571683616
A,V,-41.131675554019075,-59.818757108954856
A,E,-41.13178048146999,-68.93626986602236
A,E,-37.848791636717536,-70.69618036056058
A,Q,-41.08564429193114,-57.18584802607184
A,K,-40.15915063696663,-74.75476120479694
A,A,-28.94129033465815,-71.10227485499459
A,G,14.77023876804322,77.67728419208471
A,K,162.18283743071768,-160.33166478297602
A,M,130.8612436078032,-61.679323139907005
A,I,-50.45064864324487,-111.88376366649027
A,Y,157.74857832041798,-88.68931172845699
A,R,134.5488615685634,-91.12415140368589
A,G,149.7114355116065,-82.92298257353077
A,V,-34.431411308468796,-48.46815792054754
A,F,20.511372477648983,-105.69567035493121
A,G,-11.657844918462606,112.44751914928334
A,S,141.66964556699435,-66.03652432010162
A,Q,154.26285123520535,-154.91162043195027
A,P,162.50298209805308,-66.16064003871348
A,A,149.77685360502676,-64.38499191851717
A,G,3.150778413001674,122.52430077971239
A,G,-168.96149416570478,65.49736285218667
A,W,-20.484444577094152,-58.450514207535825
A,L,-30.615821970863063,-67.82142504924735
A,K,-37.67708864539796,-82.62046062961339
A,T,-20.37956565403782,-93.14135699015183
A,I,133.43096160788474,-49.62324236824614
A,F,13.59432784034418,63.511445993218544
A,D,97.02936210487323,-90.15223968402421
A,L,11.634409786978043,-99.8462482570717
A,R,126.05449401593982,-71.31470534076449
A,L,140.2156786774112,-94.83446856894184
A,K,109.24688196753887,-97.87874579019655
A,N,104.92826213899656,-67.32804172343658
A,I,-0.0016638894045047608,-99.31416939127769
A,A,42.10632783902352,49.06039511520294
A,N,-0.5639584878087123,-113.47851031005348
A,T,-36.25472578911868,-97.16839795895193
A,N,170.65160761751093,-158.37246845467408
A,I,126.24264398446684,-154.98827618277795
A,T,152.75770027826553,-133.68408936116174
A,Y,115.38955571068054,-120.94974165308739
A,W,138.1971452306378,-154.74049039117978
A,G,36.466928985079846,51.94640186443383
A,D,25.601981677034072,60.83785661947267
A,R,110.74257254638528,-113.06488987882867
A,L,115.52926861087272,-89.03556881154392
A,L,127.78822550175771,-124.04629639175299
A,A,130.87006254888078,-88.45596643160319
A,L,138.02220448825355,-117.06548688688198
A,W,118.43896783191407,-148.08652007308174
A,E,-14.728292011399928,-66.77336250853652
A,G,-3.859794146239913,-83.24717231038595
A,G,-169.99818472436337,-157.34060645633042
A,Q,152.12707233149953,-63.38477925813017
A,P,160.6336451730748,-71.17076240486554
A,H,132.15120671434633,-108.91285560903897
A,R,134.21049092838763,-80.75682086172095
A,L,155.39776473812475,-113.34162596457429
A,E,120.19762841191981,-79.63344305649126
A,P,-42.389348094669266,-50.74850183854095
A,S,-37.38383565346751,-61.40580855185869
A,N,12.281192390555612,-133.48846840230243
A,L,27.507942747557145,50.993654024138934
A,A,148.97554417360524,-64.93863013640379
A,T,118.79048387657804,-89.71586369301401
A,I,-55.18876334447037,-76.95997833132327
A,G,-168.63667649156685,157.78220973830253
A,L,140.11644234519272,-58.59284086897543
A,D,146.75883594164847,-119.74564842010057
A,D,23.573487209393814,-119.00811628554278
A,L,22.18634156919455,59.31253149899958
A,G,40.52631542953556,89.4539794427091
A,G,33.90917828817978,67.53822106762026
A,I,-47.245455194698884,-90.85423435503985
A,L,143.68261163208405,-77.71488818209549
A,A,160.4541542790521,-76.26089589384524
A,E,132.3119147511858,-57.23953358841275
A,G,-24.854649665794703,81.96170768506938
A,Q,120.73525076915239,-52.52190683131275
A,P,163.69749720351126,-71.4704967488561
A,L,134.0120018249003,-135.65117878308922
A,S,143.86272402128094,-55.60461130407369
A,A,4.557356769533228,-86.57612645873257
A,H,66.78909396907646,-128.1053815506132
A,P,167.94731981994656,-75.00568807589482
A,R,131.61490313469216,-126.95071249735159
A,I,115.05293176821067,-89.32887438805352
A,D,112.1631454517335,-74.85635593454309
A,P,-18.045459628972527,-64.34877540023737
A,A,89.03667178062828,-160.69759469518954
A,S,130.27745528653148,-71.04353525986816
A,T,-13.721758099338256,-74.15213012674762
A,F,-15.96963741829238,-87.00147559440914
A,D,43.780598172717994,-125.07432667965148
A,G,29.579705320998503,51.6824896796957
A,G,2.674989723849935,91.39964228735504
A,Q,139.96409208832551,-73.66255841890326
A,P,153.66465477739445,-68.05133483571733
A,C,156.2740367776629,-143.33005671960868
A,Y,107.13882660008346,-96.96414893117543
A,V,128.1376241030014,-97.58487817098892
A,T,176.24157207942332,-150.4444075620698
A,F,172.49579445121944,-148.74424479337677
A,S,135.93779210390716,-142.13724133796416
A,I,139.14843173252046,-145.91419841560236
A,K,127.60853563763263,-128.14964246583438
A,S,131.5172333458659,-142.4530217698388
A,S,-94.54514292155086,-151.68035122257936
A,L,-28.8389400032485,-78.20595601722462
A,S,-179.78446495391788,-138.38906691051156
A,S,129.61992643062808,-143.09934662257112
A,T,127.40365675332856,-128.98612236909543
A,L,130.53918444861932,-124.68019909550127
A,T,124.38727769982341,-120.45419314459384
A,L,131.17839872959615,-102.69200873278055
A,L,156.49102831422607,-137.62746161330742
A,E,129.55741913941682,-134.5362978987252
A,L,136.54195780362247,-113.36316089524793
A,D,171.4061883657006,-71.02707590745202
A,P,-13.201586198695686,-59.83239456090132
A,Q,5.390015914553163,-96.12596981381022
A,G,7.619535233542872,80.63306938107587
A,K,145.631280234307,-81.53747364866989
A,L,118.4403638649646,-62.49727658342352
A,L,-39.268336870341955,-95.30584511506044
A,R,144.67628763937026,-158.87522803515535
A,Q,138.98867220029243,-145.39123683593573
A,K,143.55857168705393,-138.1728025393327
A,T,144.72507339849952,-121.17684993408336
A,E,127.07067194809406,-134.27914412624662
A,T,140.47127096127645,-99.6234552287696
A,F,150.8261067662816,-155.02748315582053
A,P,147.42043221853606,-76.09741390700972
A,G,-164.9270613967568,86.66004645166174
A,F,149.21438163646093,-99.65096534447589
A,A,136.37875670310993,-148.13536447647266
A,F,98.95521730428342,-112.50663532541803
A,I,103.68021357771298,-113.46464204441169
A,H,-30.481390236687446,-89.40824605522084
A,D,168.92872772443272,-142.46568549112254
A,F,174.31393876335687,-155.088772143924
A,A,154.6262703070855,-131.88738340743862
A,I,158.1697256978307,-121.83428031207295
A,T,176.85713847341904,-129.04793706787876
A,P,-33.089332638949315,-53.62947837723807
A,H,-11.376372682169947,-111.19525397889308
A,Y,145.10106961086703,-132.33110731155674
A,A,133.18023886294787,-102.80602286065512
A,I,123.52709660862251,-122.18020444487343
A,F,118.6268418409268,-124.68673163483525
A,L,116.56793660265922,-97.69603642209049
A,Q,101.68795887405027,-103.27695420572269
A,N,152.14039230070503,-72.54449981770954
A,N,111.71703502745963,-74.93122620820156
A,V,143.02743777532197,-126.59020202511603
A,T,163.17181059276797,-116.12192013078158
A,L,126.13469723278746,-126.15951518585882
A,N,101.78276972621113,-110.93139640931695
A,G,-2.696871159015464,-85.41188550414552
A,L,-49.6184469298032,-57.77639192192373
A,P,-35.35456392657074,-56.27885863510031
A,Y,-47.974002600241924,-69.0113271099596
A,L,-38.301189543039726,-55.97427081560862
A,F,13.2814131588978,-93.94726823441852
A,G,8.350822697338783,78.98469812369689
A,L,-30.781746322845667,-82.69472892935603
A,R,163.7819570502765,-149.9188995078773
A,G,156.49398295519424,-67.86209348468577
A,A,-48.27883720086853,-53.168372463232565
A,G,-18.769500804482433,-65.69131357057402
A,E,1.0065576602317126,-88.43318273978497
A,C,8.026017657078977,-106.53318753335914
A,V,127.10130453218208,-97.30905922384012
A,Q,118.38903029750657,-110.42569871947472
A,F,134.75171894609218,-77.21444209592738
A,H,93.015962753237,-115.66973958074423
A,P,-32.38316255268025,-63.80757897605825
A,D,0.045796812562680665,-73.33456030811216
A,K,148.00293041388943,-108.53168542915748
A,P,134.65993209432662,-59.14058915839876
A,A,164.07393369240336,-69.32038677405976
A,Q,124.25956293456672,-126.02693970564033
A,I,120.23486044909616,-92.35033416945772
A,I,107.5766406957329,-104.87682289926228
A,L,107.28737844818005,-95.34448338892797
A,V,113.7291632267363,-106.18306464924723
A,P,133.55522295647592,-63.02742259278082
A,R,-23.910222609457183,-68.8361526319497
A,D,33.68380080505332,-116.0286641225443
A,G,152.53128334931426,88.1174124148413
A,G,165.80621788463446,128.5212607830274
A,E,136.55574615870705,-51.81032388164091
A,I,136.9988726997996,-76.60283265365466
A,K,124.41365525141903,-110.55351257921197
A,R,120.1695167373071,-107.65613804795305
A,I,116.56713621486166,-123.15364898718717
A,P,153.65912327839288,-72.93669547886383
A,V,146.0584687928719,-162.9341496505274
A,Q,120.87040287469362,-83.0267102065237
A,A,-56.646318855247266,-120.69482197221168
A,G,151.5879410216606,100.45330810439737
A,F,132.88913383402473,-71.01112214510867
A,V,120.79681838939061,-115.8275400388582
A,F,-42.608661604496255,-96.73980570803073
A,H,134.56387764758114,-125.67730787344823
A,H,141.5830068273687,-99.95739680947564
A,A,-55.20442501655812,-72.77986264888406
A,N,167.6261088276367,-174.09262016769713
A,A,156.93785802669802,-143.54574964794836
A,F,173.2247954902814,-156.41242035449238
A,E,134.35408927980964,-111.1720934957505
A,E,131.49272917632456,-157.5308412158121
A,N,47.67774547742995,38.320860629862196
A,G,0.48101924351888214,84.4480328481404
A,K,160.2792321019136,-114.19941148201774
A,I,127.64398782261496,-115.58623046276855
A,I,133.96563738557774,-111.58559453757684
A,L,116.8936996510048,-126.29991777898576
A,D,124.46088433487976,-96.37931374953722
A,S,147.79598442589216,-139.9490566480541
A,I,115.57469791915986,-84.76814797803327
A,C,150.25522112181196,-111.78346003502035
A,Y,130.56497469465288,-118.40895335699622
A,N,-34.254934448727724,-68.08842070286825
A,S,162.72252272137257,-153.96481721700255
A,L,152.28115053040932,-117.26149819213428
A,P,139.96612743448867,-77.59907210566726
A,Q,157.61492229377845,-55.58041259933027
A,V,140.47629353498309,-76.14593243888831
A,D,119.26388448793533,-99.14370256713832
A,T,-75.93793492204541,-59.319313911883725
A,D,70.962103797474,-95.01099141199855
A,G,141.2996810499881,177.96738081546084
A,D,-170.10446900588636,-117.62630098607649
A,F,-21.69512320370767,-59.72355815790253
A,R,-19.852383546201544,-67.8727614541795
A,S,-17.41517578573816,-79.95339706790018
A,T,123.49772391251608,-37.3614954505744
A,N,95.54799677136134,-111.4688407814792
A,F,-29.181387372218126,-42.52264039185745
A,D,-14.950834064500407,-70.04215989523327
A,N,-1.1163669125161908,-102.51661635366213
A,L,148.47648824941504,-108.63461988375786
A,D,141.15486959342465,-81.72513081716195
A,P,145.86259200956584,-76.54429649778653
A,G,136.88560765739652,-63.60273803429541
A,Q,144.44532480039587,-136.80978665993555
A,L,117.46179271084891,-88.37127499874809
A,W,147.8462215092635,-109.20649997304282
A,R,123.80848011015384,-106.53301632920248
A,F,123.8220782668715,-100.30233578725849
A,T,110.8401109745255,-105.12335569449446
A,I,126.53247756927645,-108.88258988321488
A,D,96.79229215426443,-103.99105157496474
A,P,-40.97578551186952,-57.187974607733125
A,A,-35.06669255378239,-71.80435856571074
A,A,-7.466726714236121,-90.4481505842243
A,A,65.89860871638385,49.079950889366565
A,T,149.80710205398086,-147.66471313079876
A,V,126.45048429347166,-153.9661346264599
A,E,158.96348757320533,-116.32365307094085
A,K,156.37920324996702,-133.85145273825765
A,Q,132.4208936188984,-146.69295287575736
A,L,127.56331841966363,-78.53938453388446
A,M,-37.64887757251479,-105.19454545948633
A,V,108.75219231897488,-133.66657956394457
A,S,-24.117582785901778,-87.66545429057498
A,R,137.45725523733577,-46.06305353019459
A,C,121.38259338046502,-59.54760847300758
A,C,162.21829965408907,-148.3198603409275
A,E,173.97753340348538,-165.40580120575447
A,F,56.651139692402644,57.332665147072575
A,P,145.5460942185381,-71.34019946359791
A,V,150.51832942246727,-139.32761029220202
A,V,155.55937668954815,-138.67733529090626
A,H,126.02496438498895,-50.72645108423614
A,P,-30.088674434837,-50.82317514712103
A,Q,-7.667506452982236,-80.17879298451798
A,Q,0.5949148159092401,-107.23666536308274
A,V,121.46018025855342,-61.05140181807254
A,G,0.016189711360670118,82.62854516648387
A,R,157.10919767329986,-115.88521328109054
A,P,134.6857330158331,-51.21357991206219
A,Y,164.25461369463181,-146.43818125827727
A,R,-35.85188652933636,-113.11190039807741
A,Y,130.53080777176328,-120.12256997238777
A,V,142.55634417665388,-120.11187223361799
A,Y,138.06255774142224,-118.65640684133761
A,M,157.1053882055716,-140.93598434305426
A,G,148.04880856840032,-75.24795761970863
A,A,157.23380281383308,-151.96780405075333
A,A,143.74652428038553,-63.667192158433686
A,H,-45.39754026039694,-56.6897527863002
A,H,148.29010512693654,-84.47466412456151
A,S,-7.676407149183447,-82.86133456356882
A,T,-23.13814135821533,-119.47109037110177
A,G,-159.57993911977616,-103.35664125382138
A,N,139.77769526784638,-103.5007555916629
A,A,167.51609506816905,-167.71435299326188
A,P,146.9673758361287,-59.753265480656395
A,L,126.82397476303322,-66.77597930808548
A,Q,2.6079652680828747,-130.1561937161429
A,A,164.51595527110632,-144.9556036936813
A,I,135.9955068363789,-114.97767547886436
A,L,121.88386464838298,-119.95697332120542
A,K,121.08607516598386,-104.08274886055545
A,V,124.95211525869128,-112.461982876148
A,D,106.78747607168786,-93.69354032293468
A,L,-10.595061817315994,-81.09411554654396
A,E,-38.5990000371159,-91.71301574382767
A,S,-12.197173995288844,-96.96012865050096
A,G,25.52146001759412,72.36759122218434
A,T,138.99816059552322,-95.5451457059765
A,E,136.66094781336147,-128.07555404518956
A,T,145.03650171082177,-114.05135297465654
A,L,138.62345362883076,-125.20084671613829
A,R,110.20792699326451,-129.34955715970375
A,S,147.2246793309777,-103.12007866141919
A,F,10.37314443192895,-119.12598944338893
A,A,155.27829320328865,-68.88147672439914
A,P,-21.613610283729805,-85.18538864533103
A,H,-11.540133787764692,-95.42905708551173
A,G,148.28505951202752,-96.4252165869027
A,F,132.51770631217315,-136.49831298104732
A,A,179.28023451168792,-106.86792918900622
A,G,-141.5720414540388,-150.83718999260407
A,E,118.5321580598825,-81.79100589699513
A,P,147.5449555676834,-74.78572083599404
A,I,128.23766435371107,-123.0161428681096
A,F,118.18063348400497,-89.17411187314721
A,V,113.88230883229197,-107.5497032855976
A,P,139.55160595308547,-59.491741979770154
A,R,119.78648006456858,-72.4960140525349
A,P,120.19165277946479,-49.20568481452709
A,G,11.885691833789904,84.87610564518182
A,G,155.52309558566284,-74.38951683178708
A,V,-46.190410842970095,-108.84555107921808
A,A,142.2602731381867,-63.26865820973688
A,E,-27.308725596309387,-61.948543642150064
A,D,18.301282121434927,-100.30545261043619
A,D,90.98170434492428,-81.43627317115138
A,G,-164.60351203854069,173.04499310701132
A,W,147.4621851928668,-123.26266003342127
A,L,128.58560186687492,-100.47162569681048
A,L,115.06390840754088,-104.81359928174302
A,C,111.12160291428431,-125.5684837768293
A,L,120.58849923618313,-79.20656313101108
A,I,132.39056499425013,-117.08968577150847
A,Y,137.54505491741534,-96.85175883538689
A,K,108.38365154073854,-116.93808548918456
A,A,-18.70501053266085,-71.63483318272635
A,D,-32.87189761620391,-75.3099366027712
A,L,-16.03907892594652,-106.19561832517499
A,H,43.80566166080877,53.93620124373142
A,R,159.38728842340808,-132.2622535571994
A,S,158.21022988190768,-107.55609239600217
A,E,142.3639683209306,-146.0604623753786
A,L,114.7680466175913,-91.16132844933463
A,V,127.11552156549978,-94.68671600664123
A,I,99.62109331361418,-102.8241687427366
A,L,146.60544344430943,-91.84533665685137
A,D,115.3087679777816,-74.31301122748498
A,A,-24.945546533368688,-63.83749164027225
A,Q,-25.02948825098798,-70.06719910407008
A,D,83.25665717023956,-154.09926454535534
A,I,-12.637619780940229,-65.73703614272655
A,T,-7.252271313792968,-92.81581055913803
A,A,152.4744542084325,-68.16175574019647
A,P,145.8539322085473,-54.97444673691314
A,A,143.27968006675613,-57.03187678238263
A,I,-49.82384657027917,-57.31563103190246
A,A,152.59671747077607,-152.50128826452948
A,T,122.79409967050148,-128.10963551416327
A,L,109.80294577386685,-94.9684657870632
A,K,96.5028041238671,-96.74187815170828
A,L,160.78329812947766,-61.9777649863506
A,K,-19.338218052851264,-72.11649865212146
A,H,175.2882264216763,-152.67748307356453
A,H,155.30413280231483,-100.19457882980298
A,I,124.20375071436958,-109.53533985817378
A,P,145.09041972660015,-57.76770868135149
A,Y,112.31371891241507,-42.66886026762117
A,P,-179.11477004838926,-78.03309994312156
A,L,-118.88826102487393,-107.7282136979892
A,H,159.97811234620434,-95.59929233924431
A,G,-174.85097980405226,-148.09290736831966
A,S,154.14121279840893,-155.68175639460063
A,W,121.79034115752967,-103.33646403677325
A,A,101.9309676322013,-106.6172157099839
A,Q,132.38014669453273,-82.03157786056404
B,R,153.40622546972745,-69.11897053119932
B,S,14.996833311627162,-108.14124156632019
B,Y,160.08774482820294,-151.57219064025767
B,S,140.20466216348544,-114.55369686287435
B,P,-27.532666688501994,-59.39245264884375
B,Q,-41.45857734927648,-78.52378469985584
B,D,-45.30205191065856,-57.04451959255225
B,W,-51.35533471546508,-61.49861175279911
B,L,-34.2967675103417,-59.58788285470063
B,R,-35.360946533207745,-53.822848261482264
B,G,-5.556814225803134,-75.54995066600864
B,Y,8.22447878996008,-97.20019349255351
B,Q,148.09064681824145,-65.50895960916071
B,S,154.65843421098523,-63.02569355523361
B,Q,83.16623792279151,-115.81375912798794
B,P,-17.609490817917994,-71.26989983607059
B,Q,145.7108738831983,-93.21752581202043
B,E,148.8316184626722,-101.55688614260293
B,W,151.20741030813986,-138.41557779754893
B,D,110.93955397531944,-153.0016654505416
B,Y,150.62613244520017,-163.94356322510856
B,W,129.7134012139528,-76.15907660809654
B,V,129.34794629330466,-69.8490090353464
B,E,-41.81857194570625,-103.613755210182
B,D,89.84553080501271,-84.2268467787575
B,V,119.58460566295886,-126.35105254693812
B,E,150.65736942318821,-90.01755429961992
B,G,-154.9934007940123,70.30127938063032
B,S,134.37678390433942,-131.397749477844
B,I,125.41706103517419,-73.74865452315052
B,P,131.47358154226782,-58.70090807643504
B,P,-26.55762377666975,-70.8002068492393
B,D,-4.5260175361389825,-84.07838161307288
B,L,107.41970311722105,-80.21759629901831
B,Q,121.35192759297213,-135.81860562526862
B,G,-159.23798469205227,146.78270108295374
B,T,130.66244416733286,-126.58173272425712
B,L,109.2255169620698,-94.40944098987593
B,Y,139.47111401704524,-96.45240914458007
B,R,145.54851857014475,-142.21775291487475
B,N,158.4159260719471,-122.67958275029329
B,G,176.50227188877355,177.7805151825637
B,P,123.98954065663997,-70.42269533348718
B,G,-16.08925247866289,-109.38552416054793
B,L,135.4304737277434,-115.86021935011762
B,L,-6.885385223862767,-111.85222548459811
B,E,159.868275856878,-146.2930098972986
B,I,115.31295480118173,-130.91959666779118
B,G,-123.87456778922869,61.42855819278052
B,D,10.319620789861588,-103.00720394218332
B,R,117.8882604849433,-103.30820994963233
B,P,150.9954688357421,-68.41066406856828
B,L,145.637721343383,-77.85596020766835
B,K,-22.90145489116474,-70.53063118503465
B,H,131.73560784698793,-156.50349773177194
B,P,-26.377348103991185,-50.20423132940163
B,F,-18.001833049011644,-68.32280943377447
B,D,-2.6091762957354976,-80.41841936688678
B,G,137.1766063572399,-73.69341211155118
B,D,133.5973220665931,-52.85326792912379
B,G,138.60499509814983,-71.48600077559156
B,M,118.4663417294341,-136.4436770646847
B,V,144.71297281566973,-99.05747033761318
B,T,149.7467515654786,-125.76307910221506
B,A,129.1144776690368,-137.87688598084617
B,F,121.05937644379193,-106.97767563999192
B,K,125.43483875018345,-107.23017012930075
B,F,104.19080477844821,-106.9826468986562
B,P,-26.461095547936097,-66.85167061535456
B,G,10.699801101569848,103.02012909495396
B,D,13.11852254721877,-108.45173370062214
B,G,4.661841979145704,80.61939794912158
B,R,176.04578449688478,-99.26492596991716
B,V,128.3495885322009,-157.5524044502461
B,H,125.56021159298355,-98.61503544819978
B,F,130.8541456011027,-104.84020519246764
B,Q,146.90070181051382,-130.4101087334772
B,S,135.02187321535206,-141.18674884086934
B,K,141.82154591569275,-144.035820900007
B,F,137.59888487216418,-65.8314294936721
B,V,130.1465786132615,-68.02412249565101
B,R,71.69966067970851,-83.37118561248157
B,T,157.5487113854225,-77.55103195559316
B,Q,-53.856335774885764,-48.54117811384261
B,G,-42.823598317211975,-65.7863357697457
B,Y,-38.15284575288497,-55.069228178941614
B,V,-47.78892419891732,-69.97284676490702
B,E,-53.13588570702353,-59.62430781637179
B,E,-30.471923974048533,-68.45288830352914
B,Q,-45.62979612065493,-62.64805134825731
B,K,-50.105329632738865,-63.21524237191908
B,A,-26.504802420913983,-70.01940832423749
B,G,16.036557650941567,81.8421254611433
B,K,157.38676275904646,-159.3304992428266
B,M,133.08630219748295,-54.60031643640171
B,I,-45.815964295362534,-116.93862138589621
B,Y,152.8670182403403,-90.83078232271684
B,R,128.9436224314523,-84.34807256693081
B,G,154.5519899138363,-79.49065913058256
B,V,-31.602598297422606,-54.53351437011828
B,F,19.610452184466933,-107.75416751584474
B,G,-6.521655180007765,111.82628400440042
B,S,139.58025390722136,-63.5361667066378
B,Q,148.25817145974764,-152.8434051756462
B,P,156.98398325110682,-62.92532471166334
B,A,140.71818627293905,-60.94629841260646
B,G,1.8997479759580336,147.25300066090736
B,G,-175.04263748483027,75.2817957120151
B,W,-17.61937134771187,-63.243589915158076
B,L,-35.514770465914644,-65.44199242468646
B,K,-23.6485005733204,-85.46792990841513
B,T,-21.035248815523254,-102.59645430130946
B,I,130.14588930366256,-48.01015889001067
B,F,9.714412316892492,63.95824996804482
B,D,100.99775298063373,-85.3961675220261
B,L,19.561725363260326,-100.6221596993968
B,R,144.89309234844086,-78.08043074492791
B,L,128.56781873079836,-118.31103620484652
B,K,109.92768712641536,-86.54478012569211
B,N,107.71484555237205,-63.93684242777363
B,I,-4.927619988327675,-102.13870951983687
B,A,41.796686544338726,53.58862611809124
B,N,1.4406063317808662,-116.82619194513512
B,T,-42.74839660709185,-94.75871172698254
B,N,171.6456017506705,-149.15152116830305
B,I,122.02094529115392,-150.33941438053296
B,T,154.35102002698977,-130.30347566409748
B,Y,115.93356353595645,-122.26127656269173
B,W,135.88415377528733,-155.52269867873852
B,G,37.43913699737671,54.43461271376993
B,D,28.192702149098775,62.31487597469937
B,R,108.74071374521802,-121.35784596188725
B,L,115.22010915840173,-86.65326913851627
B,L,126.24792553806263,-123.69545240490115
B,A,133.48681330498982,-83.04948193222776
B,L,138.6463277428779,-119.33944519289739
B,W,117.52528473183656,-150.60459776562232
B,E,-14.015675427816303,-69.0937249618768
B,G,-5.834437489405743,-80.6326947531729
B,G,-169.28603193730774,-155.00773645725147
B,Q,154.50636891482262,-67.70132965069114
B,P,157.29567923437187,-71.70801354351252
B,H,135.7853344720907,-102.8773048451444
B,R,133.20976460067055,-90.03738957829539
B,L,155.9338697581993,-110.47032137555118
B,E,117.61392856261534,-84.47795512554248
B,P,-43.91237315161217,-56.242784994903154
B,S,-33.31540847428945,-58.679041436956496
B,N,5.887412372319745,-135.77111125647707
B,L,21.578605109578973,58.15393760949397
B,A,149.19617883668775,-64.49738310142429
B,T,114.19875442248428,-88.5806840588399
B,I,-49.459296347287825,-70.40630422774422
B,G,-170.74408203368634,155.3600766274062
B,L,135.98796661227433,-58.72649086338188
B,D,145.75466173109064,-115.9530592487315
B,D,20.240929092616643,-122.27265925430954
B,L,24.709991711322505,63.3812344351156
B,G,39.34165655857066,79.74325414172012
B,G,-0.07825769136481821,84.52478537071708
B,I,-54.24393985047516,-66.38125793775345
B,L,133.3168060104308,-73.59224003911882
B,A,163.3765289609025,-76.71733456734714
B,E,136.47340894845445,-69.24288138422492
B,G,-26.687802380955823,79.35769968076261
B,Q,119.62525942464868,-52.357244999942026
B,P,169.8021839356431,-81.54242724756341
B,L,134.08770724022085,-139.15067974800291
B,S,156.9747290953898,-64.83849367210506
B,A,13.773268170626432,-97.53040724914919
B,H,61.62943836173156,-131.6202413584229
B,P,170.65950938420457,-70.62031300004553
B,R,136.86241677844137,-127.44629142086004
B,I,116.27407485964314,-97.93890943998437
B,D,112.37142456748623,-80.17890814570173
B,P,-16.59874901968753,-65.06817201756445
B,A,93.51193511452666,-164.72968793241208
B,S,130.85443690554266,-74.6125893181455
B,T,-13.258817898737313,-70.70110748364527
B,F,-20.05622375562745,-92.35295676405376
B,D,40.70248989634553,-121.83653263815461
B,G,32.80723919213362,55.44605165938372
B,G,-0.5066696011710801,88.4825000983408
B,Q,135.43006868023755,-64.36804955346307
B,P,155.4762066364371,-68.24754382738455
B,C,161.08173076452528,-147.76450977087111
B,Y,108.29978113711216,-104.61374864460757
B,V,133.19645446531288,-97.98836219221003
B,T,179.83107191582172,-154.92818017402143
B,F,176.31700523189704,-151.8702516981656
B,S,127.81249163114236,-151.85052469498302
B,I,137.38456483059807,-131.49288260655203
B,K,131.1019536878381,-126.98916069525595
B,S,130.38546727145487,-152.4667700291248
B,S,-92.9632091609414,-149.11652454228386
B,L,-18.811020693756152,-83.13815589876148
B,S,172.17698693936418,-149.24497009696088
B,S,141.02373528818597,-130.30985705330744
B,T,136.8381462109313,-126.89994405359737
B,L,125.25397044390449,-130.8965233931514
B,T,131.84863888734438,-111.10244196873694
B,L,134.35676989109098,-109.34126184985357
B,L,156.50759299506748,-145.38757739311686
B,E,134.31378697612,-132.5536651195631
B,L,139.2825419557711,-113.40243837676147
B,D,176.6739282206852,-75.87130753626383
B,P,-9.706710285331866,-68.46613969697097
B,Q,5.510964179568355,-98.33940046035494
B,G,12.111777190640527,83.01782045972125
B,K,148.225842499447,-85.56132918341166
B,L,116.58533962201302,-68.3774838204983
B,L,-43.25705587747621,-89.93911329896368
B,R,148.48908514026851,-155.18493939623886
B,Q,144.84438270524717,-155.01136390659775
B,K,139.25911783988312,-152.55214073654193
B,T,142.79965832841384,-123.39691941093602
B,E,133.14857919958945,-136.54322730560253
B,T,146.83381902618723,-103.40843981573587
B,F,155.52667210891127,-152.91586043476318
B,P,153.8177554294001,-78.90170946023649
B,G,-178.21430556029898,74.52146209608709
B,F,147.47683872284955,-88.07739091719495
B,A,135.3031453688351,-148.6894319958037
B,F,104.28129855892797,-113.70492546816273
B,I,101.67184374366892,-119.90322219381706
B,H,-28.03601079819505,-84.56579287531646
B,D,170.45368788228043,-148.8707830332985
B,F,175.87223470761097,-158.80538080297106
B,A,160.9533616773528,-135.19775874784386
B,I,156.32325855447618,-128.92761356501356
B,T,177.8884761699795,-128.99660974460076
B,P,-30.90691250869346,-55.27379588864292
B,H,-13.356946646807282,-112.10433182887708
B,Y,153.1763947771467,-129.52913549658382
B,A,134.30109060765625,-112.5110620605247
B,I,119.311761340573,-120.518584127182
B,F,120.56530524954341,-115.93022961802951
B,L,118.66318516873005,-96.72675339400676
B,Q,98.85421027778334,-102.7866580727574
B,N,154.1006494474187,-66.76800383991977
B,N,117.46722607355348,-75.1332515869035
B,V,146.3154648883607,-137.2657270823684
B,T,161.47779995539673,-125.4420490893517
B,L,119.13614136666294,-125.40143393452867
B,N,96.83263523761079,-100.57239771855872
B,G,-23.768292349517584,-70.57017227924958
B,L,-43.46926215771271,-59.36645916396116
B,P,-29.2661723136996,-60.98636216225838
B,Y,-52.594161522469555,-71.3683185345688
B,L,-43.89327101353951,-51.96241790851671
B,F,8.955937109265735,-86.64127034875634
B,G,7.239737394442983,86.19534177577678
B,L,-40.147167934265944,-82.93527370677255
B,R,157.17659163729957,-138.721038809152
B,G,155.66533450014154,-62.89604042353337
B,A,-48.88447470712973,-56.152991796616476
B,G,-27.974531152214617,-58.784385846833366
B,E,3.5055923278191297,-81.89888210386827
B,C,3.979710387514202,-108.89473720316116
B,V,128.38311644209057,-94.74723077820558
B,Q,119.1696912220189,-115.65717958317576
B,F,134.32161197624222,-77.5491672977764
B,H,87.49796118609851,-119.63805291492967
B,P,-29.025695690297404,-60.49219256054729
B,D,-5.475690753637896,-74.07023989377096
B,K,150.06189202606978,-103.43882324747175
B,P,140.8414393310572,-63.727089152914324
B,A,162.89459371605668,-75.56653335171112
B,Q,124.3808222365226,-123.06496569685716
B,I,122.27426747171738,-88.63046605384532
B,I,116.03706396642083,-106.63021505928975
B,L,109.83030657536871,-101.03325996364859
B,V,113.15256379638251,-108.23802906002516
B,P,130.5119241457752,-61.13347343493832
B,R,-30.120339768260173,-67.95833532474882
B,D,18.57312762571567,-96.54765588495476
B,G,165.00048879913243,86.38438885041144
B,G,-170.54838102477478,115.85987525159206
B,E,125.57389773988515,-73.02542104288462
B,I,131.45125753293286,-72.24267889665369
B,K,123.71845843069774,-105.29644443658177
B,R,122.41012575497145,-105.99483607593862
B,I,117.59990166340012,-124.21008542937821
B,P,149.87559655197066,-68.6035041588688
B,V,142.8840959289323,-157.7183963825187
B,Q,125.61801518124804,-79.67684260978189
B,A,-54.38160019425057,-124.16806198827635
B,G,150.5492591201198,92.99009255898014
B,F,145.06661013655213,-66.17697812755657
B,V,114.54412386802736,-130.55703163667656
B,F,-31.62711905977147,-92.64221243160918
B,H,126.51387543347947,-132.6978202379693
B,H,141.01398579027412,-98.11156183777275
B,A,-54.350319801233425,-74.7283693678817
B,N,170.46086560696185,-173.2898350026583
B,A,159.67171957902087,-148.32814122050112
B,F,169.1989514465593,-161.29674987205803
B,E,137.00963465464952,-107.81028862531669
B,E,117.62739637303476,-155.74500181963558
B,N,44.37009349841028,54.09618972383538
B,G,3.5277800189455153,85.17493896797056
B,K,154.1948236220762,-109.31528036922307
B,I,125.79713906809427,-110.67777803444828
B,I,128.12770602806089,-108.83002635325067
B,L,120.3424894477365,-118.8404123620922
B,D,122.71048305033895,-102.24230295038497
B,S,148.2925039193204,-141.05487963467755
B,I,117.29843563407871,-86.90942237781151
B,C,148.07134397380997,-114.64341314369194
B,Y,126.25202153981151,-111.56558544919965
B,N,-29.343308596737867,-65.27301781019054
B,S,160.84959937335915,-150.8346706234078
B,L,157.84088623361313,-108.23508917531274
B,P,138.00779826721865,-76.99963728496445
B,Q,141.89873510175033,-60.590213312034166
B,V,128.55098130489594,-61.60095155484072
B,D,133.02842957405932,-100.7198740426241
B,T,-81.04422098321916,-77.7827974806155
B,D,102.6897574364475,-69.42196605698504
B,G,129.84327601982852,143.6062707764228
B,D,-172.02782115176305,-110.09295841520168
B,F,-25.42844056995542,-65.61859732330142
B,R,-20.18746372607454,-54.84826720117438
B,S,-0.8956224832907688,-89.97721765227352
B,T,132.18498833144798,-49.18281752976488
B,N,90.3870440315815,-117.92888172410494
B,F,-31.540834796040365,-36.03551622890356
B,D,-21.077069420488158,-65.87187179577928
B,N,5.457630991238305,-97.68931095942736
B,L,149.32319783389556,-120.19680743822
B,D,143.40414549208862,-82.58864069852964
B,P,143.91927739448815,-81.43377470708188
B,G,136.42600879480278,-65.44490009927198
B,Q,148.9072898622823,-135.89207597474427
B,L,114.22820355153482,-91.1028292449
B,W,148.5044640605204,-110.48407155719343
B,R,123.53308400428796,-109.85503337971906
B,F,124.56848018285567,-101.25171982525724
B,T,111.29017731127118,-106.8001463677103
B,I,132.5105132399512,-108.05300952698461
B,D,101.93841133372659,-110.85080835835018
B,P,-24.49917633311509,-67.53332474934167
B,A,-41.79195069756429,-79.33227389578369
B,A,-12.717671367245694,-77.09561120694694
B,A,65.6466797427542,50.41903336498721
B,T,150.8496998942517,-145.19766548826303
B,V,139.63872400193966,-144.4647175206276
B,E,143.51559119251715,-129.29919112264002
B,K,157.06757747677162,-127.20500826147048
B,Q,127.14472398668642,-149.8754214527462
B,L,122.50115125414175,-71.00481172297901
B,M,-45.23144002622047,-100.18679677507734
B,V,112.87154493039196,-132.31473547823376
B,S,-21.87563722090153,-89.48866257276549
B,R,140.60165789904312,-50.567268148523496
B,C,119.44729165999433,-57.477233713004544
B,C,162.184664322594,-146.87022800242516
B,E,175.57946216316464,-164.7198980391766
B,F,54.895076994420165,56.55087201660074
B,P,145.23506877735153,-70.9935428990451
B,V,149.08637998916305,-142.6790122821365
B,V,155.36889007436318,-142.43928137198864
B,H,134.33242251529526,-53.827565263406875
B,P,-30.443902653994012,-60.00520715632302
B,Q,-8.012757530508361,-71.18735691905523
B,Q,11.745039984917975,-111.33502115144285
B,V,120.42974489884786,-69.69698337878195
B,G,5.174223421245861,80.83679817960297
B,R,158.54329147909291,-119.2438819750521
B,P,137.59168511500278,-50.552828279439794
B,Y,158.9147431819391,-155.19132201307323
B,R,-38.70891745031596,-112.14912796691911
B,Y,138.55880566222748,-118.53392221514386
B,V,143.04424689530137,-126.10488994252101
B,Y,139.83501114873107,-119.9994157095047
B,M,153.35239756287936,-143.57698289250607
B,G,144.3884064627825,-73.92235685681862
B,A,155.72210127346344,-152.70641987838178
B,A,148.6536496953866,-65.28877453922398
B,H,-42.150378971276695,-65.49232143691975
B,H,140.19752023555654,-86.10254042321566
B,S,-3.6886700930998866,-68.33523857815818
B,T,-38.109908051031354,-121.84382050360847
B,G,-151.34543790308044,-105.90190210448483
B,N,136.81683854792598,-103.0027450097873
B,A,169.7230244007016,-164.28165934024733
B,P,153.4361737279945,-66.94306468551221
B,L,127.95060946523604,-66.35686983880662
B,Q,3.755138230396762,-132.1455135500482
B,A,166.68609203735008,-144.18694310948254
B,I,130.32439321766003,-108.80466451955571
B,L,125.77034358653555,-117.99000498219087
B,K,126.3237075488532,-109.65699670769904
B,V,124.66212519597572,-113.52911637508612
B,D,102.89852377201085,-93.57618511252814
B,L,-21.877910454316776,-73.99216274354819
B,E,-56.409428225803914,-74.71445866896786
B,S,-3.545286186665346,-88.36149680495264
B,G,-13.737886557073304,78.40193026187004
B,T,128.07654051809337,-60.735831015626005
B,E,140.04583790604082,-121.85846673588915
B,T,149.99484710160226,-123.74829689135699
B,L,137.25155179631977,-135.99863430374083
B,R,109.24031286853119,-124.47400358764493
B,S,149.09028050602265,-99.13289446800702
B,F,14.256483228070849,-117.76472678651493
B,A,156.337820550255,-66.56419983175296
B,P,-18.204895336181355,-80.60351789199954
B,H,-16.135777107866673,-99.85568237651405
B,G,145.0717496137868,-94.30769928295251
B,F,129.8627811284109,-132.852768426667
B,A,177.32555388251413,-100.95040229882365
B,G,-141.06175237311632,-148.79908097363094
B,E,114.61715719826934,-80.55220257610773
B,P,151.5059564404776,-66.90310090251879
B,I,132.25104282059718,-125.28426836878242
B,F,124.19913980891637,-93.81296283790303
B,V,114.27880746073356,-112.75125331231528
B,P,138.622717778799,-64.7871312363734
B,R,119.26494390107104,-77.37182370742903
B,P,116.01942512116264,-41.46368385902413
B,G,14.69246403451166,82.17462932384686
B,G,147.5087386691846,-75.04608450033513
B,V,-51.079716272534235,-100.6348524382948
B,A,151.45425521590272,-59.02997386164034
B,E,-29.180983456281176,-64.60288841519305
B,D,23.030395857035806,-104.40955209852542
B,D,95.3362268514946,-85.23365728211388
B,G,-166.78424699778773,170.94200042323823
B,W,140.45992355296033,-121.72068157708593
B,L,117.04577406716461,-97.57207014130792
B,L,110.62171331956046,-97.03889521273659
B,C,118.90371108484389,-122.20221871099152
B,L,115.85529397125805,-90.40898556510076
B,I,130.95802574781945,-112.4175934207565
B,Y,123.46349292324749,-87.96765948490913
B,K,115.77490321174407,-100.21026015424893
B,A,-24.118572612361316,-72.09105504860175
B,D,-38.08130335352262,-76.02352605458503
B,L,-10.751105042703664,-95.11177607279203
B,H,48.8669521626397,53.79265993304934
B,R,153.12249300524755,-140.41438378693994
B,S,155.39050341473782,-107.20032284209256
B,E,147.59410157063212,-145.81577131461862
B,L,108.72538747823496,-98.61109341550471
B,V,124.02683587645915,-92.02990308981134
B,I,110.91510741519693,-103.72763862149657
B,L,146.479459194198,-106.32729227323367
B,D,112.75344635707673,-65.80276712192602
B,A,-30.562111294907144,-56.8430001251677
B,Q,-26.192368266924642,-68.07511055012957
B,D,90.05048631097239,-151.9161528728599
B,I,-10.29778313167486,-76.31364541787923
B,T,-26.668879819744923,-89.03501315348363
B,A,151.64503687278437,-48.15311107113103
B,P,144.83836994824674,-49.36479373457487
B,A,140.56892004771285,-58.364045885710155
B,I,-40.13070963499254,-66.2781588512794
B,A,156.0228094836423,-153.81933047951725
B,T,112.6863764825474,-136.93461712128516
B,L,108.0492609362601,-90.27341053628282
B,K,109.9901982238213,-94.78990146942287
B,L,154.6983072231414,-77.22936707890916
B,K,-14.168086082612655,-70.99313662430183
B,H,177.51924493288837,-149.0696440861991
B,H,151.289669725364,-94.11654372013126
B,I,128.29248422544964,-105.55536526825692
B,P,147.6533850555186,-59.29049525667562
B,Y,113.2884819719192,-40.461342593277436
B,P,172.82792760002312,-79.92280441315147
B,L,-120.29515853470079,-99.7248212925381
B,H,154.99848246624333,-95.62764879866721
B,G,-167.9972645026215,-143.04162047981228
B,S,162.48833988847105,-156.67105442891497
B,W,122.81585100798836,-100.49913059932203
B,A,105.0752680804526,-108.5822408384837
B,Q,134.84145353949873,-75.78591847667853
C,R,151.52487157559128,-112.39971913052617
C,S,21.644206052346693,-96.81213521217164
C,Y,153.08746909744096,-158.69883228062622
C,S,141.79128509237185,-103.19153910035388
C,P,-38.05851937172365,-54.89331497441711
C,Q,-48.97742747601361,-60.27784785457364
C,D,-49.43250024084525,-54.693783967107095
C,W,-46.89782826525078,-58.7838140180509
C,L,-39.496548246204114,-61.61992853541366
C,R,-36.62377839148794,-45.4534403115709
C,G,-6.39932794379444,-74.5239482720931
C,Y,7.712875181802038,-99.27072731067324
C,Q,136.9412844764639,-66.27165872250266
C,S,150.11523616846702,-45.187513233585506
C,Q,81.50475838568865,-120.06832090415351
C,P,-5.743820211985575,-78.0074556787591
C,Q,128.55309026299054,-96.25441959556578
C,E,138.01490173264466,-85.05199362975789
C,W,154.64164420819182,-121.89189390726962
C,D,97.01727685601074,-164.3750114507131
C,Y,161.2485370777912,-162.03177578952693
C,W,124.12735989062918,-85.87008106579991
C,V,121.2517567500172,-63.3075362427631
C,E,-46.3733515618497,-91.3802505379878
C,D,88.78904672466865,-84.12855268043869
C,V,125.5947119361465,-115.89728946111161
C,E,146.18078178647608,-92.6385428610408
C,G,-158.41433229785855,71.02793904709021
C,S,113.49028007994785,-127.67125779848831
C,I,122.9158608070282,-65.21235612959525
C,P,130.3699752124157,-59.756727751566515
C,P,-31.155539697632115,-63.30390527049261
C,D,3.3027736628242392,-85.52185597391578
C,L,110.26315780793438,-92.38925793093189
C,Q,123.18462379024042,-142.0347896970021
C,G,-164.35794442317473,142.00807794173608
C,T,126.76626507793216,-126.04155525060574
C,L,108.72547753419371,-89.74339178082795
C,Y,138.55946431874895,-98.55453042745728
C,R,143.55578250949026,-145.48333020427398
C,N,162.6750890552642,-118.53112221889621
C,G,164.49916425923945,170.89615115199078
C,P,131.5860722185724,-67.24690530677857
C,G,-20.019673206252875,-107.65363329508314
C,L,127.22083704984924,-117.8702147934877
C,L,3.4986412246202057,-108.44169724772986
C,E,158.85533455291176,-149.48916921704472
C,I,119.87133400893589,-138.25517764168143
C,G,-131.9711063195179,62.78424515616909
C,D,22.428414065218938,-93.6047939786241
C,R,105.21590785198751,-115.24920613644335
C,P,138.6963927592662,-61.93988551374879
C,L,144.4565039307454,-65.57985687229828
C,K,-32.38206879536306,-73.20352256544967
C,H,137.89132732390055,-145.96274297301963
C,P,-30.440932103874694,-55.48635055510036
C,F,-10.072485051419402,-65.18395535542004
C,D,-3.2778396590832863,-83.75332742786745
C,G,137.93093225185683,-79.46919711680007
C,D,130.04928358406062,-50.679022847536494
C,G,132.38478780772093,-61.61148197042281
C,M,113.20463385316606,-129.88053984108714
C,V,138.29520980862708,-97.29984178655634
C,T,158.83189118440924,-120.81382003869524
C,A,123.80552142126045,-143.07439434519344
C,F,115.64630334111354,-104.7689573477361
C,K,124.50552717330947,-104.63896665310669
C,F,104.71782543908508,-110.49107853831357
C,P,-26.81081092058269,-69.20030012563508
C,G,1.106666248328463,101.57129520412771
C,D,-3.697551665303924,-82.69053036941835
C,G,-10.603021346935135,102.47374051749283
C,R,167.747176973018,-96.22815668811484
C,V,126.9857396390737,-144.08367820314123
C,H,144.39777461736185,-95.08280726585312
C,F,127.12111437076837,-123.64677902268565
C,Q,145.22961980483805,-128.52578565681915
C,S,140.06533851195167,-139.8082679871495
C,K,150.35382737083745,-142.1980179847395
C,F,135.77118624939814,-74.67131879808288
C,V,130.20683793410953,-64.2998809083647
C,R,66.23114570347848,-84.14428482600471
C,T,153.94526608854895,-68.31923333279963
C,Q,-44.58023249983403,-49.62200800963543
C,G,-45.62244248812087,-71.39693519483053
C,Y,-48.877177305006036,-56.02521238893739
C,V,-40.00405800935708,-64.60618995807607
C,E,-40.23956463692416,-66.1069252283405
C,E,-42.16572576985954,-74.68878105554742
C,Q,-41.55868114898729,-59.73144442089658
C,K,-47.14663392392242,-53.91904772803023
C,A,-33.27850963179432,-82.72487251832415
C,G,-6.51570052057476,96.07136227880191
C,K,155.28806327847465,-133.20957275244368
C,M,121.63572734189069,-59.335146327335195
C,I,-39.57229007865052,-107.83008358025715
C,Y,143.35211339086953,-103.4813365732522
C,R,126.84041229582598,-76.16519877570585
C,G,154.12830828429378,-78.1695602032988
C,V,-40.95608444270549,-54.88517648402198
C,F,24.869346295757005,-95.9075853023887
C,G,-3.87889033346563,99.74603405980305
C,S,128.55756107702095,-66.14432571617765
C,Q,154.32755182104341,-138.00997196014484
C,P,168.83187292303742,-64.82374189939127
C,A,149.5753208146814,-74.83845042344355
C,G,6.02737462061378,116.27173749885432
C,G,-166.4503538407728,57.51361820479019
C,W,-33.15079145385665,-48.80357001654307
C,L,-31.256165781685436,-64.04391069101624
C,K,-40.00947726827556,-79.72083781534886
C,T,-23.1547360253136,-94.31566853943254
C,I,126.84256941996195,-52.7147064551795
C,F,2.7371104208077655,73.69592798476009
C,D,105.73630365460676,-84.68749630151979
C,L,14.774003466267702,-106.71960621849723
C,R,134.862276160042,-68.80172124098506
C,L,132.08435190642598,-113.6931177266936
C,K,115.08301819886583,-85.81459900790193
C,N,113.37495965593679,-73.74185160232095
C,I,-4.833280794943117,-103.00839942702763
C,A,45.41074069589868,51.343570958369085
C,N,-1.8742551919279666,-116.19856560250626
C,T,-35.26871326898611,-97.50688381067724
C,N,168.3564632731231,-161.0277749894394
C,I,127.25356474762751,-149.49861442397855
C,T,151.04441281527107,-131.750380351407
C,Y,113.94567617006713,-119.1479555077835
C,W,136.299496798278,-151.2884356941327
C,G,42.75212831820228,58.393559924543005
C,D,19.13914158031768,58.633118084576616
C,R,115.9590126589513,-114.41001575111142
C,L,115.00044994485602,-96.28303333427402
C,L,123.74690146089965,-120.50376324241687
C,A,138.61517148507883,-78.21454684288867
C,L,139.88649585663214,-121.50714931015087
C,W,118.38693369506,-145.92721220959032
C,E,-13.562875263083221,-63.67694552453684
C,G,-0.7166114364619501,-78.4111590650499
C,G,-165.66376422288016,-172.62755198811047
C,Q,151.37100960695724,-67.0086562887121
C,P,158.1847633933577,-71.22784325213392
C,H,126.96040207985519,-104.9526345954969
C,R,136.0092418724075,-74.31219060393127
C,L,153.28641090983606,-119.2860752950174
C,E,116.17887770647454,-80.17055337204117
C,P,-24.517167814049852,-59.581438879826734
C,S,-41.61276609016088,-63.80362614753137
C,N,8.832108875276694,-135.78226689018732
C,L,14.565799798587806,61.61602441463761
C,A,151.6601839427066,-59.87557163548786
C,T,129.59868037592116,-91.70500077895382
C,I,-45.850385398297725,-92.4764155909438
C,G,-173.52051707394793,153.1935072826121
C,L,132.12121425403802,-60.23592972302247
C,D,147.65762649461365,-113.94139544398003
C,D,22.904422767942037,-118.82815397031422
C,L,35.38153633631926,59.687064037129204
C,G,50.267385129890314,68.01105412676888
C,G,-13.878571517997315,93.50159120112494
C,I,-56.874745120429864,-55.47857687788494
C,L,140.11418770442094,-89.16459058645748
C,A,169.29006074806927,-75.54493062340421
C,E,125.59095028345321,-62.27266203126396
C,G,2.696132576350854,72.242551619236
C,Q,121.6609561936258,-60.399554443452644
C,P,153.9208899854662,-61.77268940290162
C,L,124.4216381105853,-135.1927331589282
C,S,141.30078442592398,-48.89877832654725
C,A,4.8132947925347915,-85.25969054849185
C,H,65.37936046068126,-124.84324436976082
C,P,163.57455081345796,-74.41896004382903
C,R,129.90902579046974,-124.59983223788123
C,I,117.6087302526604,-90.9853562214259
C,D,113.66250314324732,-83.9218502517058
C,P,-12.087553403079522,-72.37775827000796
C,A,98.82835126984013,-163.36099017790653
C,S,122.34325302960207,-81.8448048433131
C,T,-16.755189682537345,-68.51099021185723
C,F,-33.52174312025585,-81.52777961291103
C,D,45.49991138692355,-112.10525339261699
C,G,38.35917903675997,47.87986615009303
C,G,-0.44372511438675766,91.060228553531
C,Q,143.11006694024397,-72.15951444501856
C,P,155.92497497676516,-73.38920688740059
C,C,158.28893015216616,-146.75842949922432
C,Y,106.76275946423793,-99.72233490720978
C,V,127.63550941017087,-94.65583374560339
C,T,179.17020897469806,-149.3749900774907
C,F,168.19107895569036,-150.6709882084958
C,S,122.06773410664327,-140.8960156892914
C,I,137.5529305788719,-124.64506995588357
C,K,128.5444629567209,-123.61652893886132
C,S,135.88902109903216,-143.88318226602007
C,S,-106.43395313887302,-158.66505345676447
C,L,-25.15120825611575,-70.37539560081716
C,S,155.97503251998106,-144.3088081144295
C,S,164.2537399269928,-103.87607068338801
C,T,112.30784919811327,-159.83618191318433
C,L,124.17659174302514,-113.27824554586809
C,T,124.0354019434899,-109.15449062273451
C,L,130.542089902406,-103.55627688817493
C,L,144.0045590013548,-140.6582679409329
C,E,127.66643686902599,-126.98228734933615
C,L,138.1931028273411,-117.1462272686679
C,D,173.51218001033655,-73.8446713924876
C,P,-26.97393958559327,-53.300912024570245
C,Q,0.49941622881369985,-91.04732618325696
C,G,-5.407287627339917,96.69734278238309
C,K,143.45746800043835,-75.44551524882154
C,L,126.6599528300105,-66.60026663414935
C,L,-45.609988814672576,-100.06630513813892
C,R,139.2154981686295,-144.21371015504675
C,Q,123.98459425779075,-147.95820895274147
C,K,159.24054368623257,-134.76377221256672
C,T,129.62228113611738,-136.90410885160725
C,E,124.31477211800984,-125.64951089330938
C,T,130.4661099574471,-102.20578906607216
C,F,158.80033931842357,-131.69107139687642
C,P,153.28443049726786,-70.26183529477133
C,G,-148.8071639883875,86.85302893517763
C,F,149.72968481206846,-128.77372028711213
C,A,144.57506668756824,-150.2022773118725
C,F,97.37761488136115,-122.02248851534677
C,I,99.47400917826799,-110.63555514938244
C,H,-34.87508977738795,-76.71897591239353
C,D,169.35445338093112,-144.59990482336423
C,F,171.97313185688574,-152.4129510454384
C,A,157.10534819505756,-126.83124244170249
C,I,155.28797834522135,-116.16427137950859
C,T,171.85940504471031,-124.29784154601141
C,P,-26.25019438485353,-53.112311117855086
C,H,-11.22468848549777,-112.26857284727397
C,Y,146.61473864034843,-132.43543501267894
C,A,142.09747337500124,-106.5751119944556
C,I,124.72822267747529,-128.5047724377783
C,F,117.13562901138843,-123.225748422729
C,L,118.12260487161429,-92.04178143283009
C,Q,99.87885263858739,-103.67463778502906
C,N,146.11067533065938,-65.50730439393475
C,N,116.22565717746212,-72.28048081028389
C,V,146.88524259355427,-137.17439483052684
C,T,153.10350375437105,-123.59596197791521
C,L,129.48745605080342,-120.24445032232732
C,N,101.10656387736996,-122.81210918573484
C,G,-1.8144016804223735,-84.25501965721661
C,L,-48.83015385436725,-53.98350733979937
C,P,-30.686027067519127,-59.040788563154535
C,Y,-50.78563833966144,-68.71003862896346
C,L,-44.3730673250713,-54.86385469345908
C,F,14.326909917736907,-86.30486317981665
C,G,9.466282581847842,76.29655132101135
C,L,-29.28181182695457,-77.97740164673421
C,R,164.14732051213855,-163.65914278376528
C,G,154.76581661431163,-69.4329322290193
C,A,-42.24438980056402,-52.21737272854612
C,G,-1.3168987362755928,-79.2522473651301
C,E,11.076526398789836,-96.61718281747768
C,C,16.132056381446073,-116.67498917725402
C,V,128.63013962168964,-113.61988354234879
C,Q,125.10908417011987,-110.08596159295674
C,F,136.8874547174176,-89.64539265015684
C,H,80.62064365898516,-117.54221638907555
C,P,-23.698569616255174,-61.442184674372406
C,D,-12.324745238058302,-63.640362217185185
C,K,150.01528246712647,-113.02965991272632
C,P,142.51813617461255,-63.88356135091479
C,A,166.7982556335843,-75.34843959850178
C,Q,114.43965538021803,-124.83984156882562
C,I,118.88612862774966,-78.57032110945114
C,I,108.99613564524057,-105.11605967139164
C,L,102.87120230927252,-93.55731324620668
C,V,110.07718459016097,-103.42922067900183
C,P,133.65953843712762,-62.21722918130092
C,R,-14.370261415332788,-73.05713624419391
C,D,16.50460514279407,-103.44728958462038
C,G,116.96492366521886,72.36214763170445
C,G,174.37803561394034,-174.60071887854312
C,E,113.79700271698657,-50.419434825323414
C,I,131.0111040640001,-59.375682374261935
C,K,126.81122808545621,-103.60855653468161
C,R,121.29128475330758,-114.85602980913995
C,I,118.0326617966093,-128.6698895933055
C,P,145.4842654707508,-68.74616513028008
C,V,143.37044664831936,-153.3430126263725
C,Q,129.46823480628905,-80.65571317936917
C,A,-41.524076199502424,-136.2875413941917
C,G,144.82476115425342,88.27321365335456
C,F,139.8493820950779,-72.1357708698467
C,V,120.17203346797629,-120.94189843634476
C,F,-41.12462520075369,-92.54463028275227
C,H,134.85485977089246,-127.00693526038576
C,H,139.04649778667866,-103.9845910064859
C,A,-59.115918458716536,-67.55526703813952
C,N,169.02790787584092,-175.01332172014693
C,A,160.8681867583523,-146.98359493127361
C,F,165.05401383515232,-166.69853239980233
C,E,138.8379468402431,-104.96403735397878
C,E,106.1807417426937,-160.61146012938653
C,N,48.91282075808328,52.58363414406119
C,G,-8.660953713583629,82.03913165309864
C,K,150.5878728712996,-100.51516203842787
C,I,125.03819132095644,-109.88560618488266
C,I,131.97496564516058,-111.19811543084455
C,L,122.19981385827633,-127.2389414559454
C,D,122.03325831973773,-103.53514566149613
C,S,150.71944245869912,-136.42333887292168
C,I,113.55871766699828,-88.15361922990849
C,C,151.74293917481012,-109.9862188628872
C,Y,129.20540836093235,-117.79340587744298
C,N,-29.922302449103274,-63.43314623655445
C,S,166.27077738064904,-157.024114359174
C,L,144.61129722380582,-127.39336681531483
C,P,157.18564683987123,-71.54504742633009
C,Q,153.55203364566972,-67.98200538386826
C,V,132.32632760699536,-65.4176042421955
C,D,106.76731540849988,-90.27791009487314
C,T,-34.07244008440906,-77.5079860409793
C,D,77.68115770880593,-109.91253048411741
C,G,164.98453652792523,-177.90500301209576
C,D,171.97602836174516,-143.06152392121876
C,F,-27.16544058589112,-54.61763040581958
C,R,-24.160551693032453,-61.59547242125147
C,S,9.22004879083923,-100.38703227185583
C,T,126.84945086359511,-43.804634360469215
C,N,110.19562927466222,-102.89559084409606
C,F,-25.884196355371348,-63.99332690269679
C,D,-19.322186381806603,-67.67581216833355
C,N,-8.342536360031078,-90.63374506535125
C,L,157.67131116516728,-107.35890699607283
C,D,142.62919013362898,-93.75734084180444
C,P,155.50199342209856,-78.53834133132538
C,G,136.25662737847495,-68.67242341937678
C,Q,144.83460370784587,-139.52647138539325
C,L,119.5164773558026,-85.77150972581428
C,W,145.4775416232225,-115.63389091940523
C,R,123.90936032857456,-103.24399506821206
C,F,126.15966205534481,-101.84136508745239
C,T,103.6656029169308,-109.36293563773471
C,I,132.49425520835686,-99.69884949663894
C,D,103.53890703456565,-109.05146725639521
C,P,-38.424158862888504,-72.56879171436925
C,A,-53.05908451703394,-61.11101275020761
C,A,-13.011183322002665,-80.53285526831384
C,A,55.3472178488263,59.36410816216153
C,T,162.93186937870436,-136.7208698237872
C,V,130.45615964256064,-151.41313158445982
C,E,149.00598523047222,-112.63295715710228
C,K,143.7685131910175,-126.95531911752265
C,Q,132.88952197378242,-136.6569342384615
C,L,120.0369907836143,-75.22193954522956
C,M,-44.983598059398915,-94.32262267974794
C,V,115.18719603949637,-137.67212410799377
C,S,-17.55842965642159,-97.58021147943278
C,R,136.05002350761384,-54.595153690840654
C,C,116.72691838070737,-50.65230189281329
C,C,161.82657831751803,-145.42422707905135
C,E,169.5776313332795,-161.26909709008729
C,F,52.18577610619394,68.70119968967904
C,P,145.81825164948603,-72.17404135935331
C,V,151.74316473970265,-145.5550567817186
C,V,155.55069663498853,-141.6335422115613
C,H,128.65413802447455,-60.1408771598011
C,P,-26.868731922926695,-57.74821717985061
C,Q,-19.58355176110331,-74.53749693626435
C,Q,4.170851294615779,-94.3639537334765
C,V,111.81107172398998,-66.49359819949566
C,G,7.317577180047849,90.16221746316434
C,R,154.9193286500859,-124.67039014773478
C,P,135.16480013182587,-49.76516859249353
C,Y,163.40173802817546,-148.27174240665082
C,R,-32.452249577118764,-111.34280173907774
C,Y,132.74862203275342,-124.94552470979283
C,V,138.61589368311502,-133.8729657207343
C,Y,136.86685830816472,-120.45102475371591
C,M,160.18805683588664,-141.25814239610904
C,G,148.61402383118627,-75.80577779010478
C,A,159.62643774966867,-147.39929825107035
C,A,146.44717845145965,-73.64080766941188
C,H,-51.55757854227672,-52.18834127485115
C,H,146.1426592999946,-77.92617812530544
C,S,-7.189863164033403,-74.54440239338633
C,T,-40.70438947203718,-124.66637695941462
C,G,-143.55911131763818,-98.28996277984754
C,N,138.01641638890536,-121.29288527360525
C,A,165.37791760939842,-163.78626772821738
C,P,150.14838356285387,-57.83063003334486
C,L,133.01357284173872,-66.63046307361668
C,Q,1.800360574244933,-138.06386201049486
C,A,156.9703289917701,-146.27917458143293
C,I,137.4055787876649,-104.75612768208
C,L,127.76226868982938,-121.3561528434408
C,K,134.20562214241056,-102.99330993528473
C,V,121.15198434963202,-122.6331118639754
C,D,108.11846232219447,-83.48612802237635
C,L,-6.550138954931863,-78.3102371541897
C,E,-43.59789699136232,-93.06940627342742
C,S,-13.977295357939301,-91.70716608892145
C,G,-4.011229152049501,84.48191561504703
C,T,125.96898969709356,-71.27109545169495
C,E,137.86360248778342,-110.13412959613967
C,T,136.5747631167346,-127.41066244211822
C,L,134.7735178803556,-118.83696496586649
C,R,106.9183444453266,-122.90153856520512
C,S,146.72862668732063,-97.92826355833854
C,F,9.999676520317038,-112.03903555175418
C,A,150.86848951450335,-64.85832510234705
C,P,-22.302200479161954,-83.28032938317806
C,H,-13.23774038247494,-96.71886708452931
C,G,143.0797879764305,-94.10131446393915
C,F,131.00858113095055,-127.37392808151836
C,A,173.05527062993306,-100.36975166944086
C,G,-139.6487879049123,-138.75324264949683
C,E,118.93388471051945,-84.98374039190749
C,P,146.18235331500736,-73.20187945188964
C,I,128.11952371371623,-116.73148190189416
C,F,128.59985585849844,-86.05242565524236
C,V,110.83059966031523,-122.61864455157847
C,P,140.75931835823718,-65.75433977882636
C,R,120.83418730045027,-73.62966808210626
C,P,127.77942977130725,-50.354676820767764
C,G,34.47112146183287,68.58923442977157
C,G,147.43629621251435,-96.45091925187634
C,V,-47.78571465009075,-97.80522761183694
C,A,159.18304333960614,-63.64919833753376
C,E,-24.584726002618506,-77.83967117762292
C,D,12.74368400675301,-105.8190686337048
C,D,82.11991871104706,-75.91923824023925
C,G,-165.43606261216607,-174.37209403308725
C,W,143.85749265506738,-123.09995071975351
C,L,120.32939850241932,-105.47692447839349
C,L,110.28236283781955,-100.43236155198511
C,C,116.98721455452572,-122.09128176344726
C,L,121.06331490268205,-82.83738405046932
C,I,128.3566153685764,-117.16206773370587
C,Y,128.58491519858754,-88.71532284088416
C,K,107.35799399099159,-108.25309586582824
C,A,-20.760861278407226,-74.62819088203686
C,D,-55.30383617320535,-72.77861320728209
C,L,169.71641351471433,-72.35068761972299
C,H,71.79619034201421,-118.41916358160573
C,R,148.55089530717763,-144.65261074180228
C,S,149.5707225490898,-106.18770955521573
C,E,141.68649533440635,-131.2195514509218
C,L,122.03416316268842,-94.68074641952278
C,V,123.35131468982864,-104.52489429800865
C,I,107.06115274942238,-96.5663682860263
C,L,146.42505914916725,-97.96612106729177
C,D,111.63422533548976,-71.72139217026705
C,A,-21.953336464592994,-63.31770859549289
C,Q,-26.825552815977783,-75.49644917169032
C,D,93.28917265429202,-147.69314446395592
C,I,-14.183740587180141,-72.90437538353746
C,T,-12.443669273139353,-87.10389874597887
C,A,154.23573107315428,-68.5518519740177
C,P,139.63869323124248,-45.72366546382512
C,A,139.45839500380168,-54.45905361162809
C,I,-48.334609521215725,-60.0239161866317
C,A,148.1552997200129,-152.97467051545328
C,T,125.17708903726498,-120.8185715475099
C,L,101.92007279877318,-94.95690182516732
C,K,109.15555393876436,-86.28544659875384
C,L,153.5877722491293,-78.2649777730155
C,K,-16.876922173733238,-61.34902548290877
C,H,177.6173984346636,-152.81398353642265
C,H,158.49617835029937,-98.37060829723737
C,I,123.65445915353168,-113.12843069542875
C,P,148.02408324797767,-59.83259816345457
C,Y,114.3086071294112,-40.30851163077174
C,P,-177.75790762742693,-89.34563687839415
C,L,-122.37925755985947,-103.28045857841525
C,H,155.47890099977985,-94.10820435120486
C,G,-173.17582948872013,-142.16401682205685
C,S,150.89793740309648,-160.29246440932627
C,W,128.40806380724305,-101.94251011812788
C,A,103.32580468392727,-120.51494308192932
C,Q,139.9931959149069,-85.356992005968
D,R,148.29238234772689,-112.71435685505239
D,S,21.58194794811488,-90.44021886993801
D,Y,157.2525729764467,-156.15008788677565
D,S,149.24970805964594,-104.1105992822825
D,P,-48.237791066946436,-53.90374304082056
D,Q,-48.78554350599205,-52.40569556630613
D,D,-46.82681408508177,-60.905370987893356
D,W,-52.82596356903077,-57.42446396502215
D,L,-43.44113338473052,-54.083652337644224
D,R,-30.91205146457496,-49.96199884315758
D,G,-10.297867534635381,-75.60558306829714
D,Y,4.797503129248628,-93.32606385948631
D,Q,141.23623638362483,-64.82075188529166
D,S,150.51546795295465,-52.75508990023194
D,Q,82.40075355900021,-120.22134323786732
D,P,-26.66994056626403,-68.34945849099644
D,Q,133.8233817005681,-88.86425084497202
D,E,138.11589428579043,-90.30227994989312
D,W,158.49383516991116,-123.73868212568419
D,D,101.41765856638231,-165.41082070268325
D,Y,155.35282083310844,-170.00199812109625
D,W,124.87971042165485,-80.24173019046631
D,V,128.0986317962795,-65.59041721772967
D,E,-24.303092223895476,-106.99401722336955
D,D,81.82788625022428,-96.71325185277054
D,V,118.78440043147292,-114.53122500928552
D,E,141.93877974244924,-88.66939925052182
D,G,-154.27522788545153,79.59664409079984
D,S,118.9111849223014,-134.27034153145797
D,I,124.16321899172091,-68.04236453418345
D,P,126.91845889148236,-59.67500545773458
D,P,-33.339520748919334,-60.803290130689035
D,D,6.430921698257562,-85.43923317302803
D,L,112.46466414684869,-93.42608596695256
D,Q,123.30078593283604,-142.85546664682082
D,G,-161.1067037074638,142.8873461238046
D,T,133.49153598192424,-127.24227642964608
D,L,105.09296207879282,-96.16229346919208
D,Y,143.20077554062044,-93.71736532591996
D,R,148.06682242207586,-149.43155091513987
D,N,161.54799971507433,-125.65213739811433
D,G,170.17940658085914,170.92269336508903
D,P,131.1202904868932,-72.59138151344673
D,G,-22.62097141832105,-111.15076911451027
D,L,134.53165537911738,-117.84241279654707
D,L,2.4613721458232822,-117.49647473864901
D,E,156.01273280987834,-151.02201487397338
D,I,124.73080379336733,-133.16151443308536
D,G,-131.4164522738198,57.20801431563933
D,D,17.06043850784629,-96.59933324890424
D,R,103.76335306947588,-113.56022468730329
D,P,142.5375847661723,-65.35028740547573
D,L,145.95252778717057,-68.218393690499
D,K,-27.989346152433725,-70.68746490958823
D,H,135.23361377157553,-155.22146978530282
D,P,-30.911040676616874,-51.77931187028908
D,F,-15.254804751572351,-62.94256495591313
D,D,-8.930116367293705,-84.46246162140552
D,G,134.98773170051274,-69.1598044156254
D,D,126.73846830205738,-49.774275988759264
D,G,124.40164697919177,-54.17334665957985
D,M,115.96802892398291,-131.09319290294098
D,V,140.97943557240754,-101.4655373387791
D,T,155.3440750805479,-126.1367457756853
D,A,126.30004878110216,-140.91810064479978
D,F,117.56575877753451,-102.05123108434078
D,K,121.76331100123792,-106.8659821116401
D,F,106.75698297089787,-114.11361561645562
D,P,-26.616290381824722,-70.7595228078375
D,G,-2.634052104430571,105.85819104820607
D,D,-2.535724608610362,-87.83023604716455
D,G,-6.38241938832962,98.42873652330962
D,R,172.99552049638697,-97.58071261552071
D,V,126.64363539456845,-152.97314727635086
D,H,132.19762814019123,-95.55388637490626
D,F,135.4057762885914,-109.86774033035056
D,Q,145.5411911941698,-142.35129082270214
D,S,149.01408647481446,-145.1225191114953
D,K,154.30882153518957,-145.5859337856096
D,F,137.03065925325055,-82.00593974169463
D,V,133.65308057298162,-62.447397231605926
D,R,66.76215163832723,-92.34914392966876
D,T,151.18592259814764,-64.63555700698736
D,Q,-40.29777152895982,-50.290458457107036
D,G,-45.51870810532261,-71.01432343783387
D,Y,-57.06151623071586,-53.98123859588034
D,V,-51.216155844946016,-53.55362351891793
D,E,-49.18903861575584,-54.92211992736534
D,E,-41.32646279326516,-71.06635265195887
D,Q,-38.72300176848985,-58.027902914189
D,K,-40.070777037516066,-61.098017349720536
D,A,-33.5064188380303,-86.38071732816118
D,G,8.604575372506295,92.77852859912612
D,K,149.77888640443865,-147.9276239752964
D,M,124.6566595066691,-55.73654796156134
D,I,-48.984772898461735,-109.4596814902451
D,Y,142.58129518207872,-92.7503987748056
D,R,127.22418017666357,-75.02084391637779
D,G,150.06964006513786,-80.03734720629423
D,V,-33.105726176237276,-48.73413219284943
D,F,28.15660248859283,-106.98403908193784
D,G,-6.422564712322874,96.90580727768693
D,S,129.22114801839507,-61.71970587571798
D,Q,152.1291291841052,-141.31716028245367
D,P,162.9287039809117,-61.006045790292404
D,A,143.46872256947628,-57.59150113783598
D,G,0.7090797593378192,124.14756488668799
D,G,-166.59564422249264,63.40670766196618
D,W,-23.064256474537864,-59.19064172218828
D,L,-38.56484042064747,-65.78845455534427
D,K,-44.760052173681835,-70.42323364862787
D,T,-24.598451278635284,-88.08343965465659
D,I,127.74185913321973,-45.808408029548715
D,F,10.874232772935539,68.53373879464763
D,D,101.97017449709901,-87.4086604036265
D,L,6.912301523577092,-97.77516256310466
D,R,131.95210662473477,-68.92646896385045
D,L,146.19096762314828,-106.59424027186051
D,K,112.2733758785898,-90.92815514399167
D,N,110.37471765630458,-67.72465782503792
D,I,-6.3657496354165515,-104.36585629638792
D,A,40.84247045659643,50.63063110508271
D,N,0.28445772427440114,-110.18723319515647
D,T,-44.43329778619706,-97.46008460160665
D,N,175.91156385151874,-145.56776992425608
D,I,120.65602348106711,-157.8009991770963
D,T,149.02124874191,-128.90590204563543
D,Y,111.79078737027592,-113.88255326142344
D,W,137.08212517097078,-146.5192799426071
D,G,42.57718012930608,52.624719805160396
D,D,25.46156722869868,63.802083712759966
D,R,111.24702485882634,-119.20237964780075
D,L,115.51921545133578,-95.25273314282978
D,L,128.2187626882783,-120.26800170508598
D,A,130.9322568004722,-90.34469886863958
D,L,139.2072691976931,-114.90378770734547
D,W,121.31463589545672,-150.9355363669742
D,E,-12.995177538844587,-72.397307900381
D,G,-2.9065776123620455,-80.92695424910465
D,G,-170.79487406412352,-160.3159799024868
D,Q,155.69755521314568,-66.95765576669872
D,P,155.77394035122225,-73.6720353407876
D,H,127.37226029502884,-98.26806356752137
D,R,134.72541612134447,-81.79215873902663
D,L,160.9084013069315,-111.81058066884721
D,E,111.72828309528225,-88.30645299731333
D,P,-28.207714797771835,-57.26730386250357
D,S,-23.791409671413916,-68.14039371174518
D,N,-1.2936830509932795,-146.56620738982826
D,L,7.265105903309904,70.45365406144975
D,A,151.46652757807448,-57.40337320406146
D,T,125.04522315157116,-92.3287762445568
D,I,-48.37640606456771,-80.02829303158411
D,G,-172.89238622263613,145.46715265976428
D,L,123.83620746140026,-58.46283704198971
D,D,143.99565738547338,-106.6890600457096
D,D,19.029807174396673,-112.98676865778816
D,L,28.362531649920903,64.65490546280564
D,G,65.6326907631567,58.75779664887337
D,G,-19.538617403454783,97.4426243578832
D,I,-63.20546355703775,-68.14157819017478
D,L,145.03990143971123,-75.8684498721418
D,A,161.07287056739438,-77.11967025381612
D,E,126.78551590205673,-58.57395910317815
D,G,-6.200041582322676,79.46536923402735
D,Q,126.8641540531511,-70.62784632927607
D,P,154.06533764487864,-68.28200434978157
D,L,132.8499385965525,-128.55593605812464
D,S,151.83782039006917,-53.95544389831604
D,A,5.607357057686216,-93.53811069781679
D,H,59.01954809061628,-128.4879170563399
D,P,163.9927792376531,-65.6712477795462
D,R,135.05046870957358,-126.0572629571575
D,I,104.56376811671208,-97.74816556754293
D,D,111.0165274365788,-64.22280975385924
D,P,-29.00880311484737,-62.77700591582524
D,A,90.36638330382,-151.26321172175693
D,S,126.69794969695445,-71.82004700197139
D,T,-18.56162391762043,-59.38774887450295
D,F,-14.36992583287673,-90.01519300384786
D,D,50.1342572767861,-127.66191113759955
D,G,37.16275057363695,41.17015467895599
D,G,12.523309740752666,83.6791369060706
D,Q,137.33141000527905,-75.55474034682078
D,P,157.81700643688163,-62.294621024256585
D,C,159.0971630931261,-157.26874316662872
D,Y,108.60450030113645,-103.47900306508723
D,V,124.79430853329384,-103.43789256647841
D,T,179.23107797596364,-146.98507629353858
D,F,170.19497870250126,-150.3000886062664
D,S,128.53920307966996,-141.23011756744086
D,I,132.73278396419005,-132.86971357536274
D,K,134.5406735603068,-122.39601900795371
D,S,127.95207240843776,-143.75898802160506
D,S,-102.69988918102933,-148.17561590796322
D,L,-28.34621497455214,-72.271378246694
D,S,167.17621357823907,-140.63346526494277
D,S,140.9880702477263,-119.2430442666239
D,T,133.37155412639382,-136.95538658932225
D,L,120.53736014136977,-125.29670421476496
D,T,126.67817740130661,-103.43794713765766
D,L,128.83115949281733,-105.26689417242244
D,L,152.2091481338526,-139.0623665146708
D,E,130.734705424138,-137.34744568941304
D,L,135.0548840187464,-115.1363779726801
D,D,170.34460315068023,-71.21011073227626
D,P,-17.673380076819484,-62.667484031538095
D,Q,-1.0781076066305122,-85.81510896218222
D,G,5.073048677142605,86.49376546743518
D,K,151.8995107884745,-77.05152376038703
D,L,121.75539894491723,-82.5794402693027
D,L,-45.115829887322,-96.3075756847785
D,R,140.54291858419325,-143.04269865392607
D,Q,136.03542592824982,-141.17787248478112
D,K,137.7492924849151,-135.36408700070626
D,T,134.0017893715124,-120.96084724327918
D,E,137.02640430387754,-130.8866680657029
D,T,138.42186708174762,-112.46472690918556
D,F,141.037815581617,-153.7623107501634
D,P,144.53112928175435,-55.75960994775222
D,G,-158.38197385995758,75.40239022085258
D,F,151.26394452594295,-112.03641227082429
D,A,147.26530155691066,-146.75078740106912
D,F,105.21692898624838,-120.98515930936912
D,I,99.49610526145186,-118.17548152002371
D,H,-26.26899722372957,-82.30304096955685
D,D,174.23427324680623,-152.35949514311926
D,F,171.61424002731528,-156.8095106325605
D,A,154.89292119882762,-123.02123155966339
D,I,149.34542101204732,-118.47662708413397
D,T,172.62403627082008,-123.46401702720965
D,P,-27.11902246999636,-53.7581695436458
D,H,-20.004637800807046,-111.2082587033043
D,Y,146.21431859273153,-126.44864419048545
D,A,139.97769549006603,-100.01591692217721
D,I,118.80720887436074,-122.48421623004961
D,F,119.28237058122352,-117.85157787299704
D,L,116.06286881911835,-90.98992344793707
D,Q,100.76308925695618,-104.6204736390333
D,N,152.5251347124643,-69.9391810821244
D,N,118.74940584237447,-77.4701978014659
D,V,140.16174665606616,-141.5469271730931
D,T,153.37067725450737,-113.94537924818653
D,L,135.56293326353733,-111.91719535755459
D,N,98.61073293569075,-129.42055247399148
D,G,-0.3277397302564608,-85.92370802676454
D,L,-51.41368329544768,-55.76658637861451
D,P,-36.22682931245838,-57.73088431341994
D,Y,-53.1308607611369,-64.3419195626367
D,L,-41.18620428602313,-56.72922857735185
D,F,9.481677316685918,-83.5248673593809
D,G,11.892633734148225,77.53178985370387
D,L,-34.58055127252847,-81.07956170234907
D,R,169.2717541826944,-148.1458055301478
D,G,162.48278667551998,-76.72392210441213
D,A,-42.04485286750414,-61.08351100302595
D,G,-0.5865679068736472,-72.37130703169238
D,E,12.134842534954926,-101.69709341403305
D,C,14.903894540486824,-113.364060777647
D,V,123.95203395002437,-113.62293333697374
D,Q,125.67813737198628,-99.02431361416181
D,F,136.0627542698021,-85.62545777222076
D,H,87.72137326394027,-119.36866290455754
D,P,-17.38402414177569,-66.7680140532216
D,D,-17.898795767571027,-74.72487790231527
D,K,152.22443511614986,-100.9512867495019
D,P,143.22886166354294,-66.24900050231592
D,A,164.88378052496705,-73.87063671784772
D,Q,122.49672278798776,-123.68702572667208
D,I,116.89968136163463,-86.61655802372104
D,I,110.67934282099426,-99.39061377165797
D,L,105.85243043651641,-98.91191364298227
D,V,109.64500222489893,-100.72293095493359
D,P,131.6793384861296,-58.164409655675136
D,R,-25.986928498953517,-72.23524216422305
D,D,15.206225733567303,-96.46935366425396
D,G,163.24276147387025,76.816001277418
D,G,174.26913234666523,121.07548337246878
D,E,125.94146899324647,-63.06932719300036
D,I,124.97032278377807,-70.19753502933256
D,K,125.51826561894552,-98.25657740524716
D,R,117.44408392161566,-111.36011211295046
D,I,122.81389508629351,-119.56134976340586
D,P,151.87661433932527,-71.18492207906692
D,V,139.53744763156578,-161.08938268896864
D,Q,121.60558340024755,-78.22849717613865
D,A,-35.77010775151785,-133.16252550575837
D,G,144.11048001110822,84.23606649711047
D,F,134.706519623172,-66.78080667248925
D,V,116.37153630866055,-116.16797999600549
D,F,-44.75314615386331,-92.42250765262648
D,H,136.25153352950954,-122.97071156198521
D,H,144.66847835965868,-100.23712279527567
D,A,-52.95906321522507,-74.07386343564457
D,N,167.4718911028162,-177.314418657694
D,A,165.71799569024105,-143.26700484723602
D,F,166.26695496921153,-163.36751301534295
D,E,148.3366605383996,-99.43066535187154
D,E,124.70898514296088,-166.88218897863425
D,N,46.9511491058114,45.72796971870811
D,G,6.656774266150477,63.41396726641722
D,K,144.34629519958432,-99.47636635264315
D,I,129.06195830804967,-103.64295331061008
D,I,137.76445454120756,-117.26579561650317
D,L,123.76404567014906,-136.1436246460205
D,D,124.76576282207617,-111.42432442280013
D,S,147.73801112847346,-143.74757546478025
D,I,115.47897908202128,-88.79915319674114
D,C,147.7974820698512,-113.38310421024067
D,Y,124.43608887790734,-115.43789067581369
D,N,-37.484325318390205,-55.34440638500633
D,S,172.2693574955215,-150.56977935325074
D,L,145.64957891504872,-128.02034748141548
D,P,152.90259034870365,-69.52766385241374
D,Q,154.44193688084613,-56.96725859947509
D,V,129.54789901493683,-76.80190769486718
D,D,109.67367573354687,-83.37246684677798
D,T,-24.87329125547964,-72.21174907367812
D,D,70.3402685644499,-131.12351402433765
D,G,169.74182245002223,-172.70698165368563
D,D,158.45833103397788,-126.39525858252938
D,F,-31.677944704057317,-50.72069430522938
D,R,-26.69181899032896,-57.82321565876452
D,S,15.662467185152444,-98.1710869518771
D,T,129.66022141134604,-57.4102343243203
D,N,101.81854408832264,-102.61515899538983
D,F,-30.056732451550783,-51.89784965865679
D,D,-20.1003037962078,-64.55761027182187
D,N,-3.341888258933408,-92.8939531407005
D,L,154.94327943871778,-106.86813963638755
D,D,146.65221786273565,-95.47496589032997
D,P,150.871347652206,-79.63329484781569
D,G,132.1722402304508,-63.54532640748994
D,Q,144.94869753160768,-138.07011575267188
D,L,121.34468415292848,-87.33957191170161
D,W,157.55972262730077,-117.86023790047803
D,R,119.6451787472571,-118.10749912913226
D,F,127.25401585770771,-95.26582303819471
D,T,112.49986147184697,-106.40105200048893
D,I,137.1375529244193,-111.23671058762969
D,D,100.20620578709432,-112.91696893139448
D,P,-35.3235781004841,-62.057007115669606
D,A,-52.9262905187659,-77.25524982717228
D,A,-11.384934902063872,-70.75035391077216
D,A,60.43612602850989,47.66122982043781
D,T,157.47215262579746,-136.24111141516642
D,V,131.92094455442935,-154.16704030328196
D,E,155.3912433667874,-111.61491961262871
D,K,153.96330751076263,-124.28531608450531
D,Q,134.75620724972862,-139.7250978966245
D,L,122.70433946780706,-82.4719531725228
D,M,-44.24469578990282,-95.73654103649788
D,V,115.53360511943997,-129.83412464681038
D,S,-16.415619440536943,-94.73677400958513
D,R,136.94789273357642,-59.18131968388178
D,C,116.51689622652746,-54.389895114102664
D,C,160.8295297689114,-145.2539062114523
D,E,175.89154633445196,-159.1174015481883
D,F,54.105429483345915,61.35796043120982
D,P,143.62965542683537,-69.07116921942257
D,V,147.74504884382307,-141.94763514987298
D,V,152.70077641747335,-136.55351858709867
D,H,124.74671246801731,-54.241822342939635
D,P,-29.396562736505313,-50.2009815004927
D,Q,-11.985340165664129,-83.1255475882607
D,Q,-1.3969978217722754,-95.96783685910906
D,V,113.35635672664957,-58.58919093240338
D,G,8.752522747501049,86.49507289599836
D,R,156.03987328705873,-120.52178131889939
D,P,135.80305485166582,-51.78004232665112
D,Y,167.24441905984494,-150.37673642281888
D,R,-25.48219320993895,-122.59324072578792
D,Y,137.81700537642405,-127.79931204876848
D,V,140.1110141267697,-134.78988630346785
D,Y,141.91229659947538,-115.79003986344777
D,M,157.62666981555054,-142.96916160300674
D,G,147.10286172234737,-74.93335220837648
D,A,158.2737071180933,-150.48407163310858
D,A,156.2148661428197,-74.36571216301613
D,H,-50.67500541509296,-70.57568267865945
D,H,140.1563700939794,-70.03296620910092
D,S,-10.104965245232101,-70.02873689849352
D,T,-50.67895657099102,-117.4185322045506
D,G,-139.5062640939914,-93.06118559425958
D,N,135.72602230314905,-122.19285254013133
D,A,161.71794860261485,-163.74159619800398
D,P,142.95196708701187,-55.62495913436264
D,L,126.27107085761178,-61.9241942769721
D,Q,4.464838396413743,-129.49865446164728
D,A,160.77196547208848,-143.66792263943793
D,I,139.81670323621015,-105.84623028733506
D,L,131.22023976532836,-128.41429152467146
D,K,135.60691711372658,-109.90572659035604
D,V,128.2618508780243,-125.10761930039574
D,D,100.11700167386321,-96.00834063688866
D,L,-19.51210100004058,-67.17845926293778
D,E,-57.2818703905478,-78.52540496784303
D,S,-19.298396320941293,-77.00698779289883
D,G,-3.874331546387042,82.63598971868011
D,T,132.3035076092429,-66.15885801913245
D,E,138.80979312516055,-113.0319582781861
D,T,141.27675626753174,-127.46844694484572
D,L,136.87344918845793,-126.5929406075957
D,R,101.28897388110403,-124.94829353796747
D,S,146.07674889676613,-89.63231458696993
D,F,6.321625775218528,-111.76746283988153
D,A,153.50835336253132,-59.70738948290787
D,P,-18.38690931421477,-91.01448104694505
D,H,-13.565008077225876,-91.99135574312146
D,G,148.2802432267746,-92.29594039630628
D,F,131.6706319997699,-141.0130521341313
D,A,169.0926714619545,-108.72684141276183
D,G,-135.7914008275794,-138.6894058312457
D,E,116.78188755936107,-89.22508103904987
D,P,146.7302335155272,-67.12294769032259
D,I,127.61180309893136,-120.17682430886221
D,F,125.53474021353715,-86.43557834499485
D,V,116.45023042177728,-111.49545145399377
D,P,140.96602521129867,-61.241062191485554
D,R,120.0558903416106,-82.01592360743447
D,P,127.0355466968817,-58.807905343755856
D,G,20.468156254049756,83.89556490894039
D,G,151.86024508799437,-86.67580228584272
D,V,-51.44749112339968,-115.58960625828699
D,A,145.85153245524572,-60.2399171074058
D,E,-30.37706365876982,-62.60700286152715
D,D,16.08085423556807,-98.31113491210512
D,D,82.53959284262311,-80.45733440468253
D,G,-170.34691011357103,-166.57333159271667
D,W,150.43731053947926,-118.09009288423368
D,L,117.60040320539855,-104.65677246866221
D,L,113.33660506812045,-97.75183841403857
D,C,111.22484656452848,-121.31669671889065
D,L,113.12041721669249,-75.07215161243775
D,I,134.75061962166683,-111.9707789629026
D,Y,130.42193032484388,-96.41779187063086
D,K,106.67622204868547,-112.53092369138446
D,A,-23.80769199189698,-69.83829138475683
D,D,-42.99526480892338,-72.89021227753742
D,L,-134.00593698146494,-79.13483381794444
D,H,61.624330849537984,-172.11729048365655
D,R,151.15864714138522,-136.99341579076167
D,S,147.53897051746708,-102.75085438716441
D,E,143.70519410332363,-131.6783051755157
D,L,115.06582258449393,-92.54083299316892
D,V,121.39516121521592,-96.37510117932948
D,I,102.23175494226899,-99.75388809381512
D,L,147.07106463744083,-96.2523612662642
D,D,111.41105130841814,-71.67873466194135
D,A,-17.251118987221457,-63.48488143947984
D,Q,-19.927607953615066,-74.92350491456256
D,D,87.65177994626825,-162.11398255782458
D,I,-13.293797751952242,-70.20406841088705
D,T,-0.7864527919169884,-94.55155862816976
D,A,161.5086760635862,-73.41508562468253
D,P,142.28595597428173,-59.56135899430746
D,A,136.53053760964542,-50.12753511754325
D,I,-30.275963942875247,-63.26877131965542
D,A,149.468776550037,-175.12804372745404
D,T,129.40225113138683,-124.5400176506092
D,L,114.07780275787883,-105.27692293157605
D,K,118.76587288281712,-101.42501574291038
D,L,158.4096086704685,-81.61773045468587
D,K,-8.94096994229305,-67.50282559233561
D,H,178.63094799016207,-160.55986811204644
D,H,160.59986100501152,-96.93083342666735
D,I,123.8122604110035,-116.96960947990769
D,P,147.11009077223738,-60.14444284696493
D,Y,108.68623001176599,-37.68659647951023
D,P,176.06610060758308,-78.98840129235158
D,L,-123.70433578887314,-102.11874530518037
D,H,153.71968116913249,-94.85789047141695
D,G,-176.3773616095856,-137.00537010668165
D,S,151.95897086255803,-152.8022624592464
D,W,120.34790573769284,-97.31179595995042
D,A,94.11701525175393,-108.72965956261477
D,Q,144.00957232815085,-66.15828200066275
