Chain,AA,PSI,PHI
A,S,-160.4831020218698,179.3733070012584
A,E,-33.33791555035646,-64.52474991763914
A,E,125.75811580261959,-72.70018993829429
A,E,141.11677519229522,-104.81576385746735
A,S,133.33448935361903,-91.00636985972274
A,F,149.14763470831798,-97.34504037820504
A,F,123.79916603531015,-80.15007699169377
A,V,137.62162444085538,-110.3801794414491
A,Q,108.13364609168288,-109.64158136556085
A,V,124.838109069403,-131.30626476799344
A,H,143.5176553598239,-77.25804751943508
A,D,170.2186944240921,-135.47970956294284
A,V,-1.0755827690047413,-86.24019840055387
A,S,128.88588665126855,-62.48034251233577
A,P,170.47688540119435,-73.70246789970436
A,E,94.20294507427867,61.431269523238626
A,Q,76.52207774626815,66.3252993574755
A,P,-32.09546442517187,-60.207409165515664
A,L,106.44684108712325,-80.79581974048378
A,T,109.79607502138244,-81.61513692388179
A,V,124.9661957658363,-89.26832841433064
A,I,175.19473229123275,-137.9403240981835
A,K,97.94035243097561,-125.13590487986184
A,A,158.8888817811041,-108.95693612146718
A,P,145.92522434445632,-64.22851163227628
A,R,-1.7203752777959358,-64.91439423892723
A,V,-4.163240417173945,-113.89005759525823
A,S,129.3318850011397,-58.89125345686862
A,T,178.56861770938596,-106.17295829158283
A,A,-50.11174550574106,-47.782696450421255
A,Q,-27.781322939509852,-71.23631909947835
A,D,-52.160482750093365,-68.17505596083504
A,V,-27.92790202179356,-67.18619396268201
A,I,-58.26601433723531,-56.387843390193474
A,Q,-32.024986844573036,-68.61474082774244
A,Q,-39.259097849446775,-64.16925350833407
A,T,-35.68010689409062,-71.01915671710114
A,L,-40.138382875765046,-52.5809196177675
A,C,-40.7498420615857,-69.48950817555914
A,K,-10.589862534852006,-76.47057073601415
A,A,16.766677582663323,-116.07367771888632
A,K,110.14811408944348,-62.44817121817939
A,Y,-12.323568783672956,70.70395452324226
A,S,-74.7262244783717,-54.71587520825828
A,Y,6.784813643141858,-99.04683428889714
A,S,42.715527848649685,57.44995810867883
A,I,-9.597025436861776,-63.52087436731923
A,L,9.509008362838584,-73.23999452597835
A,S,-32.410200623274406,-59.943147329428825
A,N,86.01334567946652,-120.54680246244311
A,P,7.045514727244831,-75.77595552097864
A,N,136.84343698301961,-113.77313693016018
A,P,7.512839602964763,-75.60826167690725
A,S,-13.196538415110586,-88.23097592838378
A,D,15.023945908870662,-109.94019212078798
A,Y,165.78188390121113,-115.91323833764959
A,V,136.70380735238047,-137.59369885089356
A,L,138.51805002190196,-97.2819376590132
A,L,128.84742043315887,-100.01370708613885
A,E,84.20199312574654,-93.95153835309067
A,E,124.02139878120545,-85.52357779590545
A,V,115.81927064468947,-116.67260754628418
A,V,112.40985090237787,-67.71888629099026
A,K,95.13002966145588,-123.11905402073208
A,D,-173.84122337659196,-60.76554818800529
A,T,114.31792405819184,-122.92716663224333
A,T,-36.619425075007406,-69.61415306353754
A,N,-152.3671250216391,-87.02318420309427
A,K,81.50947912948133,-113.80648747686409
A,K,-31.56965770982326,-104.75765678789853
A,T,143.87374150483643,-139.3306884611805
A,T,-19.734510699897484,-64.61413509154396
A,T,160.4238529892939,-137.7996250459492
A,P,133.6079645752724,-51.70129656539519
A,K,164.91940127061443,-112.86670912549086
A,S,139.98176897704104,-113.6280097693383
A,S,99.36409866524308,-102.54644051493692
A,Q,132.11216451166996,-94.89602112564545
A,R,149.00092454917933,-127.67146612195813
A,V,134.83253264504344,-108.60971482795536
A,L,161.15973186177067,-93.28097217450652
A,L,179.69408966824642,-94.55177270430012
A,D,-41.43159479860542,-53.72372325873544
A,Q,51.24375909757118,-121.8688149399682
A,E,-12.394748126443982,-83.18995501690618
A,C,121.51591701745085,68.02089348088995
A,V,-39.38030424538484,-75.96589197734717
A,F,-34.793628690512655,-72.06063171989945
A,Q,-45.17544084224638,-63.24975417092177
A,A,-46.693207037832046,-61.27273336811135
A,Q,-29.35875286637797,-59.53543574364806
A,S,-17.67240270468366,-75.13402249795664
A,K,-23.91262740224197,-81.95494433781278
A,W,131.21761292589287,-56.01184174588991
A,K,7.755816390113427,-105.30333594332485
A,G,-125.75136681058613,-151.4298597854986
A,A,110.84828133174878,-149.8506250534909
A,G,-142.93333489198108,-122.31054807701629
A,K,159.34754708126445,-153.03982877718286
A,F,146.8986171784962,-88.2283514977213
A,I,126.44301414967805,-126.96962483557215
A,L,115.18841173353333,-85.13896692780784
A,K,163.4686618296977,-130.4121738515881
A,L,151.12549456330757,-85.73749055248696
A,K,-19.6916934993148,-84.94770179728575
A,E,-13.425026622807001,-76.67416798887017
A,Q,-8.867638947628143,-103.15059351288447
A,V,7.723126649366335,-101.21206534709803
A,Q,89.81742119800035,-50.72907728205775
A,A,18.041174539123748,-154.27199734544914
A,S,60.61433754530532,-104.80675513082734
A,R,-92.53040027999863,60.3102480758227
A,E,143.5182663571796,-147.96626397825426
A,D,-39.83400429523306,-113.85993936551583
A,S,121.73204621661945,-75.08343639842488
A,E,78.64562054935949,-81.79929458205399
A,E,160.97586166381294,-116.84685638802385
A,E,108.29213763830869,-102.47644623260409
A,S,137.77229118387766,-139.95364250789925
A,F,154.77141161538077,-113.79962105717945
A,F,129.80593858467566,-87.19613286651575
A,V,127.82014948107228,-115.72819700862905
A,Q,107.09384820000882,-102.05142178847865
A,V,130.66670684440146,-130.21800235759335
A,H,138.66792121114432,-74.63003652991064
A,D,178.8310142951974,-93.80760288342117
A,V,-23.952722301957408,-91.25336032686046
A,S,142.78779690432586,-97.94985539705878
A,P,-22.760223476120295,-64.80876178870544
A,E,-19.550286002635012,-67.07543286270808
A,Q,78.40770350852272,-124.00592450332984
A,P,-37.660901126119704,-65.59955863878112
A,L,103.21257081910352,-134.70823878108655
A,T,109.4381407262525,-82.08862390607587
A,V,111.22202617682603,-94.12454213893571
A,I,173.25394561623094,-122.35602741740888
A,K,97.61051181688458,-122.0329133604515
A,A,160.28376755838994,-96.21995957356107
A,P,141.8272762069747,-66.01257422269732
A,R,-0.5702935811390427,-63.68843142466737
A,V,-9.964332140423036,-114.35060718649633
A,S,133.44900006687865,-53.859924011017505
A,T,-169.9943463192542,-96.80890041638433
A,A,-48.549815899733154,-59.03112422807374
A,Q,-32.591466494672034,-57.45346016650175
A,D,-53.737558081638326,-74.43892402911952
A,V,-27.47352493064079,-65.95470306091867
A,I,-58.2206209515212,-56.07363210926504
A,Q,-32.33309103648918,-72.4517219280816
A,Q,-35.25643347821519,-59.466506498884456
A,T,-41.09083948073092,-68.8924150944299
A,L,-40.8827724919854,-54.1354226886608
A,C,-33.31410409850043,-67.80719856676016
A,K,-32.72673956326796,-73.18231854898416
A,A,26.151612210676053,-97.91390107270055
A,K,99.46448790005685,-80.59571841656006
A,Y,3.618664574092007,68.52356222884104
A,S,-70.42805296603156,-64.2574688120026
A,Y,14.823018288514447,-111.97265774289066
A,S,92.12905145590658,59.367618515388145
A,I,0.05847285751434738,-102.22037926649666
A,L,34.63151820982766,-84.05034361928622
A,S,-33.27715657543443,-68.34955853973379
A,N,86.43065329064004,-122.17264064665882
A,P,4.078856704244395,-76.58150072446652
A,N,135.15083404152134,-110.97361048263635
A,P,6.575829586287218,-81.6838892249801
A,S,-29.910426742019826,-71.29750979060442
A,D,8.875156685631522,-97.50458004614818
A,Y,150.14933377269406,-109.89318907932038
A,V,160.328375647145,-126.05598233381355
A,L,135.03250879757167,-116.78376171890335
A,L,130.71405873295885,-98.40902459230405
A,E,91.10554492553928,-96.93105701862454
A,E,123.03277256952266,-88.20643283508228
A,V,117.45947868665516,-112.45233221032275
A,V,118.75641917694807,-86.49519474259779
A,K,90.50021825976425,-110.70703940092537
A,D,-97.85739530745255,-71.01601014758243
A,T,88.77852633068764,-157.91637584494384
A,T,26.742007128652784,-82.331131428061
A,N,-85.25860430095877,-120.78889191977521
A,K,-142.70245542549995,-128.7355922727434
A,K,64.53382592148324,-94.55419526347603
A,T,100.94425452620014,-79.66274592689902
A,T,-117.94904947831967,51.40168097031109
A,T,151.10336616264422,-127.3516057624568
A,P,136.91282082625995,-53.06900721161096
A,K,98.2808641416988,-106.26972363173935
A,S,103.91088877267416,-79.82002555853236
A,S,96.94043251337696,-83.85701454614366
A,Q,131.70089551695466,-97.79291411830646
A,R,157.68972399078626,-126.44953890812162
A,V,140.54960252476255,-110.35150600692089
A,L,150.11440257451721,-100.89386555075802
A,L,156.36131729318618,-73.35618317278713
A,D,-32.99492829290043,-52.15676530358336
A,Q,19.6384237694563,-110.38477703221261
A,E,-9.562440589231723,-67.80447636014426
A,C,106.72723574472374,68.43640485549226
A,V,-32.07690560077607,-72.33833439785796
A,F,-37.192521714850656,-73.46927856005108
A,Q,-45.737605357756124,-61.99844602251764
A,A,-44.030632835197665,-56.797559631444315
A,Q,-37.580997484858834,-58.73687278415055
A,S,-11.98718862021695,-76.28368989808185
A,K,-21.80054114949218,-82.90782633370456
A,W,157.76513741752973,-64.34365674822219
A,K,19.230440286340837,-137.69932239370738
A,G,165.60960154568048,-160.60311423839187
A,A,104.76458097290245,-86.761885746142
A,G,-147.61172668520388,-107.75643717098534
A,K,153.9273025700195,-150.42864902008864
A,F,154.7415339202078,-87.00340718759277
A,I,127.17827879026068,-135.179454614081
A,L,127.53164613051374,-83.13654826697562
A,K,175.81656033090815,-149.10801992746545
A,L,144.17220240343502,-98.17007422594405
A,K,-21.823185094663458,-85.31003741840962
A,E,4.732102419698585,-83.83057496340706
A,Q,-38.15042633282142,-121.78166505006335
A,V,75.21457309425294,-88.69672117207962
A,Q,9.520422890743632,-90.80721604121868
A,A,8.718655277254276,-83.13886372368609
A,S,-0.1857987836507764,-92.80770121246823
A,R,88.59288479741564,-101.26235946342136
A,E,81.90007707451198,-77.73165173492809
A,D,178.45660160336467,-89.06035485685737
A,S,157.98447234042473,-145.0440067087239
A,E,-5.938849242191983,-80.24589928311907
A,E,3.04482326744253,-84.60192324857694
A,E,115.1754610214175,-136.44124502238506
A,S,155.15614876070882,-157.2972966046962
A,F,153.50261343642057,-148.6589086843958
A,F,128.2520684830491,-90.90365639567759
A,V,125.66003366461906,-108.97403871186104
A,Q,107.37537029333667,-93.60774144623393
A,V,115.69312521217587,-124.14206118810726
A,H,145.47982906373375,-69.67802504932538
A,D,167.02667842958184,-121.89033488300865
A,V,-21.57220314210421,-86.53366822726922
A,S,160.70232384388154,-75.67417533452125
A,P,-144.58163741837822,-73.81431623105708
A,E,-64.26097148589753,71.66317790905198
A,Q,96.85198150105711,-155.06470221155632
A,P,-35.529207481015774,-52.84002345665445
A,L,96.42472316114593,-105.04436216057564
A,T,108.94547848916093,-71.42526645475819
A,V,111.06013461833106,-96.14527899044083
A,I,176.514768867549,-118.79629359874923
A,K,97.75183522466308,-124.89936305861848
A,A,170.9748103033388,-98.85739423111649
A,P,140.79769182756968,-75.64091176199342
A,R,-42.92285006359089,-54.2397065069425
A,V,-10.368810325948166,-68.62627783141255
A,S,128.77125773679697,-57.01775776977917
A,T,179.1931107089083,-102.29855754263959
A,A,-50.296189108439386,-48.41684316415791
A,Q,-35.445595873983194,-56.34700503896312
A,D,-52.96519305182489,-73.96301506810343
A,V,-27.43615625692169,-63.13498791397426
A,I,-58.26343428067946,-55.74724812130808
A,Q,-33.628010303730264,-69.39436489711251
A,Q,-36.66988966545594,-65.51632755005818
A,T,-35.61759631796115,-70.52430566634648
A,L,-46.210867736750075,-54.441383660302584
A,C,-31.43103474465559,-64.0620094177683
A,K,-23.301082675489084,-79.94632678819973
A,A,-18.843008071250864,-101.66434222823885
A,K,115.58176478710334,-56.80299371738671
A,Y,-43.448731211718744,68.42332598734151
A,S,-61.140137827027544,-49.90308802085759
A,Y,15.429880675141753,-95.6886238383817
A,S,37.396798641506244,46.590221159225464
A,I,85.55474896603648,-86.23385093873007
A,L,-7.555690718735777,-124.92292409586128
A,S,-43.406205320918616,-66.52936781398836
A,N,90.2501354255563,-122.03353428961415
A,P,-1.4919006619755666,-86.19380608808761
A,N,127.71286766605849,-95.44877647100266
A,P,2.0201883222150347,-80.45064024473304
A,S,-32.2267286076182,-77.07985401927367
A,D,-2.321133478858538,-88.77724298680656
A,Y,152.9375731060773,-103.6953514286086
A,V,161.89077988866524,-136.03171623136515
A,L,148.39082094692304,-115.28900134700218
A,L,134.55852828744796,-106.44231844360023
A,E,87.33628397290144,-98.87328524420585
A,E,124.46611723586611,-87.07150990137548
A,V,111.24824148688667,-113.85992637551566
A,V,105.20751866561984,-59.17255495592799
A,K,102.44521761095156,-109.9983782605799
A,D,145.4216855350464,-52.417739147189394
A,T,15.878102654115674,-139.89223183471074
A,T,-61.84253470443848,-57.74132050145134
A,N,-89.3810966242695,54.63190473161897
A,K,-45.16821065462282,-105.00261017851699
A,K,164.16969053048626,-104.32633042386232
A,T,96.71012311631314,-67.45902520465242
A,T,133.8359206459931,-137.57918282224452
A,T,144.4797575673841,-66.32286652264804
A,P,151.3241002048532,-60.11504438535603
A,K,175.316329642448,-109.99317685602564
A,S,110.79023162694352,-134.41320106380255
A,S,99.28036917347916,-87.59734138960675
A,Q,131.69301380062626,-94.93076765997573
A,R,157.56959377015014,-126.72007252475046
A,V,144.44287974716423,-111.99116868431055
A,L,154.63499373930364,-103.16910308522583
A,L,175.99598495385928,-87.24270248045143
A,D,-51.30999500722189,-47.271346060786286
A,Q,41.637177591565624,-115.03298132069767
A,E,-28.45857374975279,-62.34400285576325
A,C,122.0374335177828,73.21347392052992
A,V,-36.97169009468456,-74.67608615838316
A,F,-34.3004543682476,-73.39081434149236
A,Q,-44.734052100487716,-64.92462719458814
A,A,-46.690835607507246,-62.897549629868614
A,Q,-38.802361273377024,-56.15893835825827
A,S,-5.007605379802614,-74.29757061484761
A,K,-15.266362989196276,-94.52791828880984
A,W,155.36439397757502,-64.41258574820274
A,K,18.341172071126515,-130.80216280771006
A,G,166.78781457390045,-163.6975031037577
A,A,93.26596409604927,-91.30501520551375
A,G,-150.23179535263046,-100.98114758367551
A,K,155.5549375028319,-151.88941097418055
A,F,124.48188756577991,-86.5177640054679
A,I,122.08933871597489,-102.17422366278053
A,L,135.48572672416194,-75.29462562570612
A,K,176.60140052957593,-156.86151142676144
A,L,143.9793144810143,-104.19456613014133
A,K,-23.522465551353218,-69.62019216984466
A,E,-12.924828060291194,-83.29565463974893
A,Q,-16.291822551225575,-94.57542820621399
A,V,12.300089259925961,-105.21361086441685
A,Q,167.75522318634762,-63.51914701627045
A,A,72.41258772911581,-71.0901006777644
A,S,166.82498167913104,-87.23812600960287
A,R,102.81592617470663,-118.87321540944512
A,E,-71.35227537341949,67.13765181371359
A,D,124.35731048972423,-147.90550743628518
A,S,27.407979701728305,-96.52176107487165
A,E,56.5807226855125,47.71269259746175
A,E,114.77424947641242,-35.450556852754026
A,E,144.22443062872216,-105.10181211210787
A,S,147.80594942307835,-119.18485748087039
A,F,152.49433904440124,-116.50849316801568
A,F,131.80460169027398,-89.4244874909002
A,V,155.84601325107272,-122.33232358912032
A,Q,107.29863074190501,-129.4638940962867
A,V,140.06838150213215,-115.0383236569056
A,H,128.67154433154457,-88.41671555041518
A,D,154.79042183400298,-102.09158157369434
A,V,75.49612874182212,-86.61346533829601
A,S,146.4115349068198,-157.80443422796355
A,P,-159.3072214207703,-74.50128608014278
A,E,-60.50968011085895,71.21543722678899
A,Q,100.1537579355962,-143.24903931859834
A,P,-22.19340774085937,-64.98324200530854
A,L,137.32933900502937,-107.9872924886587
A,T,107.94405422305032,-112.10520644741804
A,V,111.06412016066466,-86.43166769430809
A,I,119.09417154874825,-125.33591462345623
A,K,118.50661144994758,-79.79499652047967
A,A,161.84176488460432,-129.59339466761304
A,P,142.50700239864238,-62.7519524035848
A,R,-1.1969598019034793,-63.506358076793674
A,V,-11.708861630981149,-107.89853335349713
A,S,124.04376126000032,-54.68754782973358
A,T,177.4666239671825,-98.32794446778043
A,A,-51.43229261831466,-48.34566706675274
A,Q,-31.591561021343892,-64.82425710238964
A,D,-42.95538528243194,-76.35028228841239
A,V,-29.195088439283023,-72.50229285503875
A,I,-57.331664032964426,-56.5067219010046
A,Q,-31.42639980902479,-64.49816720518446
A,Q,-40.785825647865245,-63.43858253961034
A,T,-32.08523944262575,-67.92007571557487
A,L,-33.751811435252904,-61.605577071227636
A,C,-39.401147675940734,-68.9042969061153
A,K,-49.81186617755089,-78.74450305912951
A,A,83.74913673872938,-79.46160149896266
A,K,129.36716129404329,-148.9025571445983
A,Y,-35.40217778773777,74.51415770156987
A,S,125.43650697628097,-67.49924828565418
A,Y,8.935337031429517,64.89259880626157
A,S,60.95314982158688,37.63345561284827
A,I,26.78918704119777,-82.02465521565892
A,L,3.020771011308543,-77.641184363137
A,S,-18.345438777340053,-71.13871298574078
A,N,74.67475760438802,-139.30416087647157
A,P,8.611051037795475,-85.87152229157293
A,N,120.8218764351018,-96.67049205439726
A,P,-0.21725610028318287,-96.91186552118675
A,S,-25.499996377271565,-75.84904593384422
A,D,2.686655669430979,-88.20626824971067
A,Y,130.5271998023624,-106.30594925256264
A,V,165.56693966720957,-113.08308216020455
A,L,138.3758199287905,-118.56242808474659
A,L,126.54580209596266,-98.71467379568051
A,E,84.35050505293161,-88.80831388145741
A,E,123.37495937363666,-85.77449966055293
A,V,108.81788744516571,-117.00668612091947
A,V,143.7559064857784,-77.34232971029564
A,K,85.2464566348512,-133.0516148863133
A,D,-177.6395837546407,-82.07992775688454
A,T,76.25951155112642,-86.58523198395454
A,T,-38.20332769751446,-68.15720344000249
A,N,-174.87812702706373,-73.19467136289374
A,K,151.42569260026832,-142.2326212064403
A,K,-49.88547829557606,72.37823911883785
A,T,153.09653038061202,-105.65344853163889
A,T,97.82615200852234,68.09733903174335
A,T,164.59629962465374,-90.07469464648685
A,P,124.79278049499874,-58.241310868863934
A,K,145.51159966792125,-137.9805408925331
A,S,127.85495366459088,-123.6871098348337
A,S,100.67096700333994,-109.62042269862484
A,Q,131.2651639073971,-95.04532072433074
A,R,129.8871310069942,-134.34640440415168
A,V,136.4666276098777,-85.86339965032852
A,L,151.8012978973112,-93.63356870132348
A,L,167.03058540303292,-80.19932195302256
A,D,-31.860147908091484,-54.6276865959157
A,Q,39.841392810690685,-122.13248709076333
A,E,-7.513090257647909,-76.92000562384881
A,C,130.48971636576113,70.20829076506531
A,V,-46.893944773553315,-78.58192491610562
A,F,-41.36636357507412,-72.55105778483487
A,Q,-43.60621878735716,-63.654496197876135
A,A,-49.29892523046865,-57.87505028505529
A,Q,-35.389490439099,-57.643184662020765
A,S,-5.9629213654724955,-78.41558620924859
A,K,-12.638410925073279,-95.5003130231542
A,W,140.20710867764728,-57.28503041407004
A,K,38.90176966173083,-102.22800915179793
A,G,-175.5021987638209,155.11702022195104
A,A,108.75752326627922,-99.43274790973682
A,G,-150.32012094993667,-113.46497590204118
A,K,139.2869839021975,-150.25162120901214
A,F,146.4853391627194,-83.2324841800696
A,I,127.23225802017565,-136.22561765526763
A,L,109.79619347794691,-79.27595762632546
A,K,136.92905971022088,-139.66959116955857
A,L,142.63725954628828,-69.17303278696332
A,K,-30.979065656218808,-69.75057780608648
A,E,-19.05190511384583,-68.15697765360515
A,Q,-10.596033077151315,-109.92573901283043
A,V,-33.862000727266356,-92.56383869476275
A,Q,85.40201500345607,-56.6588763651028
A,A,1.5190276428688982,-126.98067629370789
A,S,78.31668613540452,-88.4777335360928
A,R,-59.74344480017713,-85.56399665189754
A,E,-48.60630363233311,-68.74444766576073
A,D,151.4802433342932,-70.8558362133477
A,S,174.9187831532234,-167.5438368638932
A,E,-33.596979261364744,-72.8808128187299
A,E,137.4459260071579,-84.48701714692056
A,E,139.16702399055276,-102.80651431132048
A,S,148.2917259320251,-104.19853628662965
A,F,149.83989432819425,-115.77930730955113
A,F,119.7954682577798,-82.7259842405242
A,V,130.98080456073697,-108.71612462188256
A,Q,109.00935426671039,-104.14672919461017
A,V,121.65488259188925,-129.23224481781168
A,H,150.59567562702122,-71.45473605085955
A,D,-164.94536139136045,-96.79042938461131
A,V,10.663001386254765,-118.12560812840876
A,S,153.40874889707825,-108.06505131053216
A,P,-175.37837073001634,-85.67832690919796
A,E,-56.67169410314916,72.92939041337866
A,Q,87.40142254246972,-123.52179300273268
A,P,9.13179708619135,-83.12271203601654
A,L,124.98055785952585,-143.46967078820222
A,T,124.89461948975722,-94.80836457609627
A,V,112.92249562384943,-102.85767260308548
A,I,168.24617479362354,-128.30079071688832
A,K,96.97750566190915,-117.84992948189334
A,A,157.65015184570856,-100.68605688960564
A,P,140.47897672206508,-63.69992117289209
A,R,-0.7369450609804437,-62.88345786644588
A,V,-7.162763373795514,-114.57379748891184
A,S,135.07264841992654,-59.47620092992851
A,T,-168.28601460723846,-99.6182343948411
A,A,-50.27456065024035,-60.54256081761917
A,Q,-30.97104559353776,-59.03345781537734
A,D,-52.890173109426385,-73.74787255779769
A,V,-28.137383450857783,-66.10701829797368
A,I,-56.21158285072826,-55.872734090167356
A,Q,-32.21916050701932,-64.32679114981994
A,Q,-39.02081572200853,-61.26676576342089
A,T,-38.80514701561306,-67.88307086356744
A,L,-38.60490341356657,-55.559248300039435
A,C,-45.621116359718016,-63.64226761945892
A,K,-35.64665321654213,-70.79953928093396
A,A,12.855379548597227,-80.47624712703497
A,K,120.8841094930963,-69.88428038507226
A,Y,-126.65976481107242,62.769240621461556
A,S,-87.57299735486824,64.82975165675812
A,Y,19.56392156807724,-112.0539035015971
A,S,78.57678137776344,51.45662972957629
A,I,14.454120861357502,-94.75161373920655
A,L,7.2489543276785176,-78.8161605697737
A,S,-29.58551585750607,-71.07892441764454
A,N,79.30720863253016,-139.9013881872234
A,P,0.23460691630761848,-81.52276580136606
A,N,121.07656483258889,-98.18368930020682
A,P,-5.929484028619782,-82.035885203948
A,S,-12.715175694358006,-65.31365489731618
A,D,8.739840373944617,-98.67864236622998
A,Y,139.00879548331454,-118.01706540626898
A,V,178.90116481253787,-104.99040699686445
A,L,145.71010837735486,-134.8345348625884
A,L,126.92198719641856,-102.05375981884592
A,E,83.74821907786826,-92.3232303616807
A,E,125.41577942789189,-86.70444068733879
A,V,111.33195374333111,-117.53794961303733
A,V,104.30650564971178,-72.29165884538398
A,K,84.49493949269718,-85.04665973133392
A,D,151.40053175908832,-73.06241176345097
A,T,-14.975673159692988,-71.02243304146917
A,T,-85.9492844113632,60.06731438871515
A,N,-35.530094137686305,-62.90238768443934
A,K,86.22371112116342,-104.1459018821628
A,K,-19.603070907490327,-74.00891585285896
A,T,-4.265983900830018,-79.57223649754636
A,T,125.618419542231,-112.72700500221532
A,T,136.49487002891095,-50.433571633208885
A,P,165.15129963370737,-68.09280427282546
A,K,95.64122505810703,-116.29476431809636
A,S,106.5958632774893,-83.6111571063564
A,S,99.87308355031519,-89.84587456787706
A,Q,131.57404188591153,-94.3625695366211
A,R,149.7331440798193,-127.43754567621129
A,V,135.0669762170438,-111.85848379947137
A,L,-161.58006610782206,-89.99090812007545
A,L,-51.68172934294835,-131.92970615823987
A,D,-38.36067303856851,177.33983749237194
A,Q,19.217194070815626,-118.30198906880288
A,E,-6.634462641853907,-62.68998060481788
A,C,96.2572429451585,67.83750045478457
A,V,-27.214695008488018,-68.91844315068003
A,F,-39.251431681734715,-71.42251188556673
A,Q,-43.331098578199864,-68.04874631561532
A,A,-48.70244609019906,-58.00986147673321
A,Q,-30.890289948451645,-59.901762706790834
A,S,-19.67022218898722,-77.67487232376232
A,K,-23.862101881725433,-75.23278832046519
A,W,158.34136625220748,-58.91606425939488
A,K,23.125683812312406,-131.03062091369287
A,G,174.2925856720302,-169.0352810635352
A,A,98.33186120468358,-93.77140416915032
A,G,-152.54084824201428,-106.5306833371622
A,K,149.63175073541433,-156.38860824350473
A,F,151.01595105781468,-82.901241613478
A,I,125.55838685409888,-130.58051635394446
A,L,131.2029457041601,-71.05443698348448
A,K,170.1490575447523,-154.9884129144965
A,L,145.1816278485107,-96.15350322804363
A,K,-12.525281189385103,-82.30338380969557
A,E,-2.078234841476343,-89.95205234189108
A,Q,-41.18671185544456,-108.15126211410684
A,V,105.97126580279603,-91.94307095890724
A,Q,-176.91276756609406,-145.40042729622144
A,A,66.81604168382289,-81.07401802130128
A,S,-168.5315399897674,-105.2566380681204
A,R,71.13515271047552,-99.08781570717619
A,E,-31.479663276107555,-110.25006753069378
A,D,26.180189224662215,63.15386445536853
A,S,82.50310101164709,-88.82011442771952
A,E,4.285229407978594,-131.84582779813604
A,E,124.66930663777957,-120.10240350681451
A,E,121.32534392266636,-102.53106979368782
A,S,140.78742212059606,-99.88853107710642
A,F,154.7309788445737,-105.91007407830266
A,F,128.66852884528106,-84.8968398028753
A,V,128.88687563586737,-122.16727797049917
A,Q,106.00634730285876,-100.65429645030221
A,V,112.48908820795371,-115.68739352997349
A,H,139.88079078153092,-62.11321997101418
A,D,169.7309900112799,-86.67007638805072
A,V,-23.891200862897637,-81.8855930260139
A,S,142.00613449542564,-92.44345524689174
A,P,-9.549625730202248,-68.4044004233814
A,E,-33.592004807657425,-60.43585111413674
A,Q,92.9769668239215,-123.87865132903008
A,P,-18.256622510430557,-62.41970410911479
A,L,125.23765895330135,-163.8762940769328
A,T,108.55668779072663,-93.52464367608246
A,V,119.60909021048262,-92.51483934377532
A,I,144.13479510253163,-128.77853754304746
A,K,95.38723796320224,-98.31722407992777
A,A,165.17433943769734,-102.62743188218882
A,P,139.8871532704677,-68.64906537924249
A,R,-8.655207042393426,-61.76377679492694
A,V,-12.045073054167084,-99.09295236825521
A,S,120.43001678254429,-60.868469430751
A,T,179.06932007057492,-100.00129123130425
A,A,-52.43852871220524,-48.19657127028852
A,Q,-31.882054421586403,-63.85807403078305
A,D,-50.34351227629104,-73.77469131693046
A,V,-27.904271607701173,-66.602893944012
A,I,-57.55085337719475,-56.23500668006157
A,Q,-35.10112053598145,-67.261958344818
A,Q,-43.59541346661058,-59.47092147722001
A,T,-31.63082551739087,-71.1569800353275
A,L,-39.61038702111585,-55.908771364783966
A,C,-29.700927667957664,-72.61250971257847
A,K,-41.096599050018014,-75.077293025984
A,A,44.9874098630856,-81.09357959957036
A,K,-30.571295007507853,-61.93769948469661
A,Y,0.8499434625627554,-148.98522106573873
A,S,-81.43422872386101,-52.79896036064643
A,Y,19.449827615698005,-90.88403300002001
A,S,55.314796293193524,48.727499765467904
A,I,71.0676304474383,-75.83428983376895
A,L,-28.681373802831274,-124.41047914411322
A,S,123.07685762730654,-76.79136132607834
A,N,68.68942394272459,65.65564216570708
A,P,9.252077809020744,-85.4467542098584
A,N,124.56689558996136,-97.83007037739665
A,P,-10.52734241369881,-74.7109028127103
A,S,8.770177749687392,-85.68700652338055
A,D,-2.1454151126214835,-109.42155115216696
A,Y,154.9709744470123,-108.25630120055635
A,V,155.59846782860018,-135.24784713121068
A,L,146.7501964665297,-103.09883228208088
A,L,125.45026676379277,-106.80761371321942
A,E,82.667913548506,-87.75743266701555
A,E,123.55050171280391,-87.40158677359445
A,V,118.1118125688751,-119.39278212343858
A,V,109.78782391672388,-79.92852326826211
A,K,92.54959482357695,-91.19357564476444
A,D,152.70820373297218,-71.05693020856391
A,T,149.04549226493404,-119.79544539864747
A,T,-5.821824863712505,-76.48248288751131
A,N,0.7476970901009246,-78.26207037524448
A,K,98.81525269020439,-52.64745335411503
A,K,-61.589341814396704,-148.2745970226039
A,T,-27.4175219745316,-111.2378496113254
A,T,121.57541898929654,-84.0198574433382
A,T,159.35220852319637,-90.60907412861299
A,P,147.53421895389164,-55.38275484072272
A,K,100.32162177337776,-113.43299651898253
A,S,129.3442670103053,-72.78542135749488
A,S,107.25396922372683,-111.21452169855127
A,Q,131.03213224210523,-93.80447988591783
A,R,151.6200618439008,-128.00701769088536
A,V,144.27925354123926,-106.18358352937132
A,L,150.87701915784967,-101.71251759911559
A,L,-173.48521784340406,-88.71717373544608
A,D,-50.693619593639234,-56.22559871360211
A,Q,40.116366054393225,-116.1412432788266
A,E,-11.365123652679783,-76.10344817704868
A,C,126.68049938384853,65.00316102314392
A,V,-42.255717896734936,-76.03202206581472
A,F,-38.606713647632375,-72.26384860662105
A,Q,-42.10199891504348,-62.05593603472269
A,A,-43.94786798162077,-60.50370266404324
A,Q,-31.748965570402788,-61.17278683629358
A,S,-13.841452369649259,-77.12272295125334
A,K,-18.266251039764747,-85.10140078815073
A,W,145.7870000425438,-62.318970920221
A,K,23.803820771324613,-115.41299179850168
A,G,-171.43741470218697,175.8906969921594
A,A,108.56017057714388,-102.11424048767158
A,G,-151.01593867652366,-114.8496876341032
A,K,149.56186744979132,-150.45733441739287
A,F,124.07978543343057,-91.19600181684022
A,I,129.43597707256887,-111.49768490759382
A,L,131.07778720633328,-77.97531307073146
A,K,-177.09562288223884,-145.8720472216241
A,L,135.70902670815755,-106.56581995577446
A,K,-31.88038190342801,-69.92009257662382
A,E,-15.767215873268707,-74.6973394718716
A,Q,-23.895747812552486,-95.49238161144268
A,V,8.715689923431936,-86.31199213640922
A,Q,51.80937155646983,-75.9526970706666
A,A,-10.236971973470741,-75.88313124073916
A,S,-35.501788842449365,-128.00406409952652
A,R,109.11499506921369,-103.19785168847437
A,E,-72.70976911859009,-98.52024700924044
A,D,-159.51382273439984,-175.72856666677572
A,S,77.78528895331512,-179.5378717180408
A,E,-11.702333367549391,-93.01532158300274
A,E,148.41287294325076,-84.33646439742151
A,E,117.27810715227498,-121.70232902656831
A,S,139.75389017439883,-123.0488587141085
A,F,148.29839434890997,-107.26028691698927
A,F,131.70206526427805,-79.58696646585804
A,V,142.63937304315166,-122.81479488504712
A,Q,107.06576567151279,-111.55668884781747
A,V,139.64535312291017,-122.62850246894203
A,H,121.05227955334719,-89.74379963985358
A,D,172.78173722518912,-106.41364435309954
A,V,39.18917294114514,-88.45917708582087
A,S,151.8035357433775,-115.15214886086744
A,P,-11.848063438478531,-94.43052837448062
A,E,-24.793702777628905,-74.52672534083348
A,Q,95.47031872748879,-149.81480202688934
A,P,-44.724494524752316,-57.770282069347495
A,L,100.26993937141484,-107.52789273954468
A,T,108.75534606001827,-74.25532549544997
A,V,123.06954508122338,-95.25460654342676
A,I,175.2677201496775,-130.35791563322894
A,K,96.98070398984699,-132.06474036968982
A,A,158.21382646746386,-100.91156035529602
A,P,141.76424880904918,-61.59431637703549
A,R,-2.3593489115846094,-61.78955792014699
A,V,-21.95384529865445,-107.66889903329617
A,S,127.75960207280211,-56.17721580638605
A,T,-166.51207217569814,-95.27296352210368
A,A,-50.04761610877734,-59.25887348626476
A,Q,-31.83402980067424,-60.7157934454436
A,D,-53.1582566099129,-73.29435480297569
A,V,-27.960294776347997,-65.96331536691767
A,I,-56.52255318659651,-56.421146514733685
A,Q,-33.40431532121856,-69.63255763019637
A,Q,-36.10819300270042,-62.02573965703558
A,T,-37.30491477075211,-69.32909715199267
A,L,-44.205278677726994,-53.64791778748735
A,C,-36.19346270005915,-63.393539955430256
A,K,-12.006325472827609,-82.33566037048784
A,A,17.072407290429364,-117.32360792029604
A,K,11.640466817553405,-73.46278604007497
A,Y,4.938777525824711,-167.3838266646325
A,S,-68.79279507725516,-62.00276908360044
A,Y,18.78884000187613,-90.95207667147642
A,S,50.48562014819693,58.03471266615912
A,I,68.7412632282729,-81.51129512544371
A,L,-6.497311671701625,-104.31855895068344
A,S,-24.479647530492638,-77.94792515393192
A,N,101.47993840792383,-122.46860061410041
A,P,14.140853929095545,-101.47012059805911
A,N,116.13877569402997,-131.16504479987225
A,P,8.1314709991133,-80.05950046413928
A,S,-3.6179182889009485,-73.17345221007832
A,D,-3.3835763376237393,-107.80984126609457
A,Y,145.8234619293797,-103.56189093673015
A,V,151.98092050418919,-135.3288667582623
A,L,147.1749961488446,-104.51435926158929
A,L,124.90072273146572,-102.83799170176184
A,E,87.31130861579429,-88.82183118507204
A,E,124.46835395506223,-85.85892621888057
A,V,113.79550104514962,-118.17626652149613
A,V,110.09650317074662,-77.78023850638097
A,K,90.83811065624874,-98.90985454011111
A,D,171.27263152004096,-104.60280546172143
A,T,117.72921010664676,-144.67142640107556
A,T,-7.601898582659164,-88.57228448350433
A,N,-59.013742260418674,-101.74944463889936
A,K,82.64750537518398,-82.1651937654952
A,K,17.40891664723847,-80.98665626735547
A,T,-18.944072679357518,-65.46192684914419
A,T,151.22110041641017,-134.35870292795798
A,T,163.525638605764,-82.000709752444
A,P,126.23033909098145,-56.991915411550245
A,K,99.83605545492091,-108.92229187840857
A,S,103.3380855861057,-73.76613972459697
A,S,100.99528793040538,-86.51401906128437
A,Q,129.8576724304275,-93.91340769918742
A,R,147.3768911623431,-125.839176936978
A,V,143.24051544004502,-101.65327234166283
A,L,162.96067139623514,-98.56977879787615
A,L,174.68020844688988,-84.6466825893965
A,D,-44.24458388877265,-55.05227882890265
A,Q,53.359170714750896,-121.35468572378159
A,E,-4.287316858568973,-75.03940223606732
A,C,105.722922518492,64.3906034892548
A,V,-27.36800171450598,-74.39230277581674
A,F,-38.578630276544324,-70.82048638778794
A,Q,-48.276004441294994,-63.64980406274481
A,A,-50.511706769918284,-54.523815056901235
A,Q,-37.18412289755841,-63.63109431379158
A,S,-10.355126977892358,-75.3948563229898
A,K,-0.4258849372006782,-101.938573047749
A,W,158.42436357647952,-75.6169600024799
A,K,29.87348487327274,-126.93787920548252
A,G,-153.01171425128956,-175.35981518388914
A,A,104.38541034915517,-121.2155785099561
A,G,-154.45886293966896,-114.56441091800006
A,K,137.29625926190002,-151.77226137461756
A,F,119.56119018395066,-81.21088205072952
A,I,120.15550283484428,-110.2632273737108
A,L,128.54701866186042,-71.07822751351571
A,K,-177.7574079173388,-144.7050192807154
A,L,149.6070013403958,-110.05000716356354
A,K,-12.307819172072278,-87.30530637608943
A,E,-5.888448872561277,-79.79447778424286
A,Q,-51.06790766624252,-107.5421746220197
A,V,90.09809114588711,-84.01333835192291
A,Q,44.58103455840319,-131.15672524736019
A,A,-11.66013820223057,68.51828670901915
A,S,174.85914732228056,57.71034894934797
A,R,-24.14786496900178,-108.7276371173157
A,E,-30.31070154692731,-71.1611651609675
A,D,114.59706840908875,-62.648426875346274
A,S,5.36670087689953,-139.58548816194153
A,E,-10.558030771657936,-86.06538880602021
A,E,5.8956767324456525,-102.08864892349457
A,E,147.38271892067655,-129.91624551280435
A,S,142.8994425098173,-112.86414120571331
A,F,154.03275729281594,-104.7549552974879
A,F,137.94982123178036,-83.95459652294288
A,V,139.51615563165316,-128.22680586811146
A,Q,106.2875840637777,-107.58367594177844
A,V,134.37638857588985,-116.44901000942204
A,H,146.16040281772277,-89.34929105483153
A,D,-167.30377383235066,-97.63943291168182
A,V,-15.054787930737143,-108.01280453139245
A,S,151.9713958775538,-96.62804996776569
A,P,-174.98173951993047,-72.56908339331098
A,E,-42.7169069040569,72.771589350893
A,Q,71.57185743940617,-122.91846199597369
A,P,-39.33499087227967,-64.5729760429157
A,L,114.13737359398502,-120.4874636853242
A,T,109.94536851785008,-92.13573736409752
A,V,112.74166344922001,-91.8185385948744
A,I,171.19397283194544,-121.16541146102607
A,K,96.1148233218324,-129.2509513093219
A,A,161.5687834807845,-104.22532989588481
A,P,143.3469344572562,-64.90968622034401
A,R,-1.6754699562875324,-63.225257229162196
A,V,-0.8798359151582036,-118.69361904582944
A,S,139.08979723340263,-59.89518528905701
A,T,179.22254444854448,-107.35342153628133
A,A,-48.96860015053121,-50.993834664475614
A,Q,-32.53784897912653,-59.652173106472056
A,D,-54.179587963581916,-72.65931193727805
A,V,-27.335924909457905,-64.57150886833136
A,I,-56.1499867243432,-56.969702265339315
A,Q,-34.64171342508797,-67.20266881423521
A,Q,-48.952372103577005,-65.53498023064094
A,T,-39.24994227187728,-63.67977334132087
A,L,-43.811974256213055,-64.4446459164472
A,C,-33.98401785311712,-62.387099405272515
A,K,-43.45452828134057,-75.32697425383721
A,A,-7.124306177594977,-69.91899902391249
A,K,-11.317327663865129,-68.12600985225147
A,Y,-24.106241240776125,-140.94759101692492
A,S,115.14660162191724,-65.77251389847727
A,Y,4.142715855890888,66.3641672643172
A,S,69.72963501599953,44.92892243772846
A,I,-67.56946328386864,-76.94510378159305
A,L,-47.50441383306607,67.18987321777169
A,S,130.66372983342794,-53.81356332419749
A,N,72.24535564009572,55.718235113497926
A,P,7.6103072459004535,-84.7119798665554
A,N,116.94753598606589,-91.1573013039043
A,P,2.233005822000694,-85.52720911000176
A,S,-1.753126998485323,-85.43711969631356
A,D,9.884127318746051,-120.87978688548323
A,Y,166.0025256969412,-115.17227441224436
A,V,171.41168892658595,-142.85028038629963
A,L,145.4794241398355,-124.00085201095158
A,L,130.33718946148332,-98.77991063030598
A,E,84.91750322368681,-95.55484588282721
A,E,124.23021878776547,-85.62136278662969
A,V,110.08561738965501,-114.45958103843594
A,V,113.75456918363953,-81.57342172278607
A,K,59.59576678384056,-98.82299310975401
A,D,133.90383221482114,-70.46984530949636
A,T,128.85205626417547,-143.90232345914455
A,T,8.77300356946801,-129.07810584735574
A,N,-51.62372413624393,-74.43499859624004
A,K,-79.85546572621593,-73.0287547801145
A,K,106.14198584098263,178.15791615134916
A,T,126.6363865831729,-138.4363758540689
A,T,-52.038582061151516,-63.92980880899206
A,T,138.00886126562577,-135.37329082349967
A,P,157.6634026587646,-61.12543236705891
A,K,111.99900046691617,-113.08440189429164
A,S,103.69898086721973,-96.93906333322835
A,S,99.5309699160487,-82.23055330946579
A,Q,131.9792521839138,-95.44521900841377
A,R,159.97811630281626,-129.10251704854468
A,V,145.76859298941548,-118.20755260684011
A,L,177.21853295516107,-101.62403782158735
A,L,-49.39372017520892,-113.98251524848268
A,D,-45.79274326239574,178.46104715103286
A,Q,34.65020967009514,-117.34950456943974
A,E,-14.779647914790054,-65.72606946251236
A,C,104.86769320565578,66.88162250579549
A,V,-30.757966666124407,-74.78954115374201
A,F,-37.85606730563143,-72.63021099680489
A,Q,-43.537881926904056,-65.02505132581008
A,A,-44.4841523347886,-58.309597106752186
A,Q,-42.290112331599104,-57.93909499914558
A,S,-12.529867148714274,-72.84115844274623
A,K,-16.3180670094565,-87.25265268108627
A,W,157.9028169798779,-60.734756024074194
A,K,28.303644007162248,-129.85136006011817
A,G,159.02004896801873,-178.22152831479974
A,A,106.80440956620596,-81.62305809414387
A,G,-151.96209069753527,-110.47207334136618
A,K,144.19522409178253,-149.78751604174624
A,F,152.54648929745164,-82.10697909920411
A,I,126.39502592442147,-138.67163488795336
A,L,134.63046136830434,-75.56461915928
A,K,176.32336437955766,-150.52238034149525
A,L,139.1859886392319,-103.68880636707142
A,K,-34.20568734628189,-83.85099927631371
A,E,-2.6114783016017946,-70.99093112442208
A,Q,-18.67533468259892,-106.25101340641238
A,V,-19.03457454256299,-104.24116888066759
A,Q,76.45427122064264,-67.1104570638899
A,A,-8.886259066904298,68.06159316720091
A,S,79.17332177664434,62.122909933435565
A,R,117.6110025224258,-84.16631118684543
A,E,-177.30072364628205,67.8550127954716
A,D,132.64694663858907,-103.94923440554426
A,S,97.09778148171395,-90.79247366225354
A,E,-21.149293794483235,-77.62928501976862
A,E,175.4418165256823,-94.36838536561181
A,E,110.41509636469455,-102.72290799864041
A,S,145.06203811377463,-123.39206764072446
A,F,147.02094434867163,-135.14705634567844
A,F,137.061508169523,-85.68073294319302
A,V,142.65349872500317,-123.42845308565165
A,Q,107.37844163204724,-110.6204869925226
A,V,139.11306578346012,-123.17848569379024
A,H,112.20916531215384,-87.817761198369
A,D,171.49359666343057,-91.50642927255504
A,V,-18.339617649208424,-79.5785303205956
A,S,138.85142670355629,-62.93278154014749
A,P,-7.213194255313073,-87.41094036939317
A,E,-22.408218156205308,-73.42618666067206
A,Q,89.53643744686188,-154.23117583361278
A,P,-63.57718822456751,-48.82461123179507
A,L,93.36287209058943,-90.15184162139111
A,T,109.19971134845142,-70.32596238629289
A,V,121.09686141560321,-89.99957536323708
A,I,164.30013304006783,-129.71398464409108
A,K,105.26545789412823,-118.14077824358804
A,A,169.2374093823151,-112.02804119062795
A,P,141.01944209608018,-75.42539695890841
A,R,-6.1731931176571395,-61.79730268518286
A,V,-20.519082793656583,-103.96626095378491
A,S,126.59273114969616,-58.035864963698145
A,T,-164.77908620044846,-94.78086814823935
A,A,-50.18183339653039,-61.938238635268235
A,Q,-33.952632565204695,-59.58796297060874
A,D,-53.25599291837016,-69.25619288068523
A,V,-28.23794992374431,-68.83974476611871
A,I,-57.770932849739765,-57.160665924440345
A,Q,-33.61183817580612,-68.05909041639946
A,Q,-42.63665287560705,-59.28602435153537
A,T,-37.03739496961704,-70.1366021302868
A,L,-47.449918602086356,-52.588279836500654
A,C,-29.27886344531936,-69.97099049312465
A,K,-30.187273437309727,-81.8838147640061
A,A,18.0197429357657,-103.65285074633788
A,K,30.843082100525546,-71.04796606790087
A,Y,-20.896334341586474,179.11578172312676
A,S,-69.5073760313078,-60.82429837699952
A,Y,9.261636501559988,-85.10146044776181
A,S,54.39035384992616,62.54000219412909
A,I,62.75715516711971,-81.09896220894726
A,L,-24.02814395447157,-105.66178046254977
A,S,-36.64634120765343,-64.33917559613641
A,N,97.88823613793848,-123.26843454489887
A,P,-14.087505700954843,-87.50406074999226
A,N,132.15610514353827,-96.45506623015369
A,P,3.5659551653431607,-91.71773403262918
A,S,-10.089417723576323,-75.72937909545746
A,D,-1.5238504067122352,-99.18843816114138
A,Y,145.1000751722817,-101.5380614859079
A,V,144.1626986392806,-131.6329405861408
A,L,142.56238096259068,-97.02436014027516
A,L,129.62191058606527,-98.44049557523982
A,E,87.76098571486314,-93.24789618823482
A,E,125.03725274422479,-85.60570151390283
A,V,112.64605116558943,-117.8159919219076
A,V,105.89064208287314,-76.43927557094645
A,K,87.3291918553019,-115.82010558056334
A,D,174.39994742896613,-94.92563730413409
A,T,104.18938045422817,-110.83005353504481
A,T,-28.945287537317306,-83.09202546660056
A,N,-57.339355552633755,-69.28086905714522
A,K,132.43828446068505,-96.27016094696275
A,K,33.5035895320512,-120.89964295599361
A,T,-22.723812829822762,-78.79264839555671
A,T,-179.0208330801369,-123.79592491129766
A,T,156.88356169019582,-105.1576108401238
A,P,132.537889490866,-55.76109078467798
A,K,134.4438416457759,-125.17887638515295
A,S,118.55006453198929,-92.61471257090271
A,S,101.76306591977644,-94.03748304683369
A,Q,131.47269962201332,-94.26809586773508
A,R,153.8545801411521,-124.63441792309034
A,V,130.1711049554547,-109.26319616857592
A,L,165.65149801395387,-85.8336400132732
A,L,178.92972240976937,-84.39274812429508
A,D,-48.3309133703571,-55.216108886840374
A,Q,50.77818841624587,-121.68926358615775
A,E,-3.9571086357669425,-71.82573534587549
A,C,104.6858944221951,66.108186001182
A,V,-26.253097582510517,-74.45454452423377
A,F,-35.176413359430654,-71.9739004518692
A,Q,-48.15487269783296,-66.31836330502652
A,A,-48.82585887668203,-54.40248759744693
A,Q,-47.94206695983521,-56.940203554414204
A,S,-6.667172887770631,-70.60976422997241
A,K,0.24601143608496526,-106.65787853136935
A,W,157.39248760058013,-74.21552465305231
A,K,23.782467139447057,-120.64807602657629
A,G,-175.06400834904161,176.28196079289467
A,A,104.99327561474236,-99.4574256135975
A,G,-145.98056453916743,-111.56122708846753
A,K,145.46216515397523,-161.3666076118719
A,F,140.80324054742525,-79.96237059768433
A,I,125.68579982503978,-129.0304238800157
A,L,128.3481910776648,-73.85796255611342
A,K,177.87433718275966,-145.72088304123739
A,L,143.40569948214542,-108.8707953936102
A,K,-16.554325320499828,-83.56294642912438
A,E,-13.313348715062334,-73.27254223422062
A,Q,-43.533906803451266,-105.54754108883915
A,V,77.03441485742759,-78.32790394766236
A,Q,32.802653088966345,-111.47265215235907
A,A,-19.22516585949315,72.69895890228813
A,S,136.64079941732965,61.1248740588611
A,R,-25.184486227502454,-74.67833247096337
A,E,20.25628827691942,-91.85872646687095
A,D,111.18581264783562,-64.6323845689411
A,S,126.43533988740711,-93.66439696111745
A,E,-23.029676664741178,-83.32626539553974
A,E,141.91046031730255,-68.93828211186506
A,E,124.33954691242194,-102.16051113795673
A,S,140.49387657719168,-97.40251915803027
A,F,155.77707742893224,-106.12569875310052
A,F,137.01191851782002,-90.8795086033671
A,V,141.00108121416918,-122.48872461669518
A,Q,109.24303507975714,-111.42619034490626
A,V,137.90256718332006,-135.83499234351416
A,H,170.04249883604786,-97.92287331981032
A,D,-176.8148775601418,-143.92697056723955
A,V,-22.659965847307927,-87.02212535851066
A,S,132.97597639562105,-64.58775365051373
A,P,-173.94504502188292,-78.11494574455057
A,E,96.64240207107683,67.80964100263814
A,Q,81.98647336850946,67.6861881086343
A,P,-45.39614019538108,-59.18238271039723
A,L,105.9409622735274,-90.16783831215945
A,T,108.9169276039826,-80.13522695280946
A,V,114.92237908540595,-95.4438650752171
A,I,174.15405876640187,-124.77390442166804
A,K,96.87910265218585,-124.41655887675552
A,A,163.65165623570874,-101.87077544240036
A,P,144.15626390592388,-70.07974059508946
A,R,-8.824000571428163,-61.02233117674956
A,V,-5.895220312846326,-106.98751698898025
A,S,126.64248114874327,-56.20407211782353
A,T,-179.14535607308818,-107.10188994426876
A,A,-48.8246219462271,-47.56035719513772
A,Q,-27.18336257720166,-71.46150481530927
A,D,-52.41288468000797,-68.82794934445684
A,V,-26.891296189437917,-67.37875039773651
A,I,-57.548317186084034,-55.70012925811391
A,Q,-32.64823215506892,-65.4460466483718
A,Q,-45.145253919439426,-61.73397150154885
A,T,-38.387712060603086,-69.05423793254076
A,L,-42.25059927074138,-50.65334206573909
A,C,-46.562287974609085,-63.36072245525312
A,K,-19.912688831217245,-79.92198650763417
A,A,13.214510066756013,-90.65558446618064
A,K,102.78078796668531,-58.11574105338177
A,Y,27.36010341517292,58.27002046074421
A,S,-85.3011182816679,-73.23245647361124
A,Y,12.853143857132768,-95.6418386186362
A,S,83.94540714479017,63.919729589706506
A,I,18.66991867849779,-103.27576259238175
A,L,10.01957639844125,-102.2607827104831
A,S,-33.37657296787978,-67.59068267681809
A,N,90.18753238609216,-122.72419896833472
A,P,13.935999755645172,-83.57306447546046
A,N,136.43710510193355,-107.80669698784986
A,P,16.65573132077697,-78.68217312185277
A,S,-36.36515288243758,-87.14856071918075
A,D,18.17469841896814,-102.19515079114886
A,Y,177.8476680742026,-116.50425196114655
A,V,-179.7284758771206,-148.26164560432662
A,L,139.95567911960546,-144.2741788564821
A,L,127.86269496635997,-103.99829485608926
A,E,86.34739531698118,-94.302315566342
A,E,123.6595246983814,-86.71333546948098
A,V,118.32962282544207,-115.64159882249339
A,V,109.33215431034856,-68.93546248221256
A,K,90.81246084604015,-115.94007903347322
A,D,169.65410785089102,-58.45681438448828
A,T,91.49980248286191,-107.2397278552134
A,T,-24.66139178365763,-64.95962966449402
A,N,-154.4693743907815,-87.5599041028136
A,K,96.85083245002006,-124.14679163506675
A,K,-3.5770558303189333,-131.8521912454447
A,T,148.7147173743191,-157.7359570550346
A,T,-17.691585267266323,-72.24501309391177
A,T,160.189678862373,-137.5108330288941
A,P,127.83194726303012,-51.02193636017781
A,K,147.66261506673686,-100.16237515296521
A,S,137.51184212744548,-99.27335856918135
A,S,99.25403882485584,-102.53892710152054
A,Q,132.05231936685036,-94.96671652452955
A,R,144.0945003066466,-129.21645448028832
A,V,141.10474660893408,-103.7766432461095
A,L,156.81060337840375,-101.26696242476588
A,L,171.83375813861613,-86.09670080749265
A,D,-31.377919714614148,-54.472920703443
A,Q,33.132584626342236,-121.46893505099665
A,E,-11.735647050974947,-72.57578755125196
A,C,118.61094132878252,68.07725082550425
A,V,-37.077975535073435,-75.78199283338343
A,F,-38.77549610184781,-72.74438767879839
A,Q,-45.707872497449024,-58.362899855244954
A,A,-50.98543661924756,-61.351876001510526
A,Q,-24.96524328270002,-59.34940161206834
A,S,-9.204726450672867,-82.92871125889565
A,K,-24.176496086015575,-86.5279926452811
A,W,143.4860697935193,-56.1601705166309
A,K,20.21101804564843,-124.87244409616396
A,G,155.22428762985692,-168.1658982337282
A,A,103.9168995571342,-81.04132646491767
A,G,-147.6612248963285,-109.63860523219037
A,K,155.04649966961972,-156.00850213670358
A,F,151.3952976961294,-85.35349967629233
A,I,125.8690185659787,-131.00821351123835
A,L,133.63053732878302,-80.60571366276767
A,K,159.67705493484806,-146.93120866391516
A,L,150.77106330312796,-82.89355687858489
A,K,-24.086158182988456,-78.10878275608157
A,E,3.7893443147214043,-77.09332731170407
A,Q,1.0689476224157395,-122.79794931259774
A,V,-4.1074812727209205,-116.82294348136102
A,Q,82.60915707832869,-61.590396773305635
A,A,3.5246921479191275,-102.05100639928764
A,S,164.40323494005244,-80.7771729677845
A,R,-37.762268043943756,-67.53859633190638
A,E,142.88638788683429,-140.98441380177437
A,D,-28.022238124939772,-101.04927983219913
A,S,-167.83605862069516,-143.33913759046644
A,E,-4.136060681566266,-100.11174558870034
A,E,10.18370302222361,-83.05694245321868
A,E,122.7695034227697,-113.42571857754817
A,S,140.3107898446236,-154.90125893142496
A,F,152.17835082332604,-132.21196700700412
A,F,129.76401493191855,-85.86426684005023
A,V,118.03206704789584,-118.0955322950854
A,Q,108.0451673284058,-90.56303247499811
A,V,114.33130759816211,-121.65881335347161
A,H,141.03046836326047,-71.4270810871514
A,D,162.0226848324779,-109.40622946697798
A,V,-21.354569873756823,-86.62839219870042
A,S,146.98464579781967,-83.5173467846174
A,P,134.78066898993896,-82.89114369896501
A,E,-56.654503727706675,168.15713065517224
A,Q,96.63767173031201,-154.63873449025078
A,P,-37.88933595663872,-47.77163625017865
A,L,109.67613403751277,-107.47066162871546
A,T,108.44890117273361,-85.5819002652703
A,V,111.7766147901757,-94.21588256510168
A,I,170.2974835631103,-123.14874837293873
A,K,113.73109119870614,-119.15583586227541
A,A,168.49051731332952,-115.43173284416262
A,P,143.46399084046172,-75.38504519593725
A,R,-18.37276830888924,-59.30622892244627
A,V,-14.337158987713131,-89.37612096632736
A,S,128.5161703224749,-55.4244242157446
A,T,177.5535096627928,-111.23244765861102
A,A,-52.76790864567948,-49.77744025299102
A,Q,-34.918978820979405,-57.167535018991146
A,D,-52.39668389773699,-75.47145810544478
A,V,-27.624429432192652,-62.539618836871064
A,I,-57.286521422929326,-56.00682489315634
A,Q,-32.5460150723639,-71.82356274389538
A,Q,-37.77376899608471,-56.94136595563799
A,T,-38.502456085042084,-70.52360240951528
A,L,-43.623513116906864,-54.592520908070036
A,C,-37.57202610113086,-71.07107605660646
A,K,-25.430127162528674,-73.46059046084953
A,A,17.207599756174957,-108.52036903146863
A,K,107.5816045939293,-65.03876439974017
A,Y,-28.89605239247886,71.07231442249427
A,S,-69.55277243867891,-53.71359926245522
A,Y,11.811235242047278,-88.43831772171053
A,S,39.86182286871496,54.804265829191344
A,I,78.51326412898021,-85.81185518473188
A,L,-23.607953459469194,-124.68369894726872
A,S,-49.35704982691788,-57.911527393967006
A,N,93.05317029501538,-110.01747189385243
A,P,-3.0807535949673186,-84.75633985719628
A,N,133.7919197554323,-103.43416680177343
A,P,5.3527923278645035,-85.5932466869097
A,S,-6.106804632306686,-85.25746303884377
A,D,4.544633212764916,-103.58647162410034
A,Y,155.9416755891168,-110.40473272733702
A,V,146.74843005634233,-143.02294130204544
A,L,147.80163462181628,-99.68085186162219
A,L,133.34210976424174,-106.0983916161827
A,E,85.22864914867716,-94.59209270840198
A,E,122.86449109094497,-86.12411495439865
A,V,111.98218604640621,-113.35596549360864
A,V,99.7788314014776,-70.56015051120927
A,K,87.62688356110662,-94.4920646199308
A,D,123.90526096509396,-80.56965627541817
A,T,106.75980225618036,-149.0110332210789
A,T,-57.88346128020171,-101.30469339888893
A,N,-82.19354134629943,62.66007299963177
A,K,-78.99091725908353,-109.81756637239526
A,K,150.65287748538987,-82.4135408443222
A,T,101.53907373742722,-54.33814910041063
A,T,128.89649534849914,-121.90034432800763
A,T,142.91310334664936,-71.26229173776346
A,P,148.13045579411533,-60.13965019658259
A,K,157.42006564629418,-133.5013049463142
A,S,103.76607675773565,-118.09586397443958
A,S,99.34770915499173,-80.29071822571126
A,Q,131.25653235686792,-94.24618006555623
A,R,152.73087660495085,-128.3525924504163
A,V,144.23105582190837,-107.91764284969375
A,L,158.80376303623797,-100.1664371071567
A,L,-179.193968252957,-92.46430785528827
A,D,-52.30289686248712,-49.995183906380475
A,Q,51.587642758983584,-119.51582265773938
A,E,-21.17031975783649,-73.11756649802733
A,C,124.9840237484152,73.70186867339402
A,V,-42.94035179683423,-75.04538230871401
A,F,-33.37764352822209,-73.01970734679941
A,Q,-41.25132592327002,-64.11550111424559
A,A,-42.465320652206614,-65.13123662827593
A,Q,-28.65730103138866,-63.39003430121795
A,S,-6.803604390225967,-78.64743209673323
A,K,-22.036522576876965,-88.19157872043422
A,W,148.2912511752659,-62.30475057476536
A,K,13.100518014141473,-117.5843346850139
A,G,173.80163537619714,-167.57789601938316
A,A,100.45867254183959,-92.07884920813466
A,G,-145.1065162251335,-104.2997423204431
A,K,153.16283956249924,-153.20290912034486
A,F,122.59177330548339,-87.95123834089523
A,I,123.60591687811902,-101.19080427564174
A,L,127.19512240358016,-74.99496808199652
A,K,170.24557346418982,-147.0341362979625
A,L,160.1054431647066,-95.98222849295881
A,K,-5.603364607632864,-89.06353432246713
A,E,-17.874399405730674,-85.67976880630015
A,Q,-40.14145555984616,-95.86998671480714
A,V,72.38150902754914,-88.7585138261449
A,Q,-161.27575652225894,-110.62833703387491
A,A,41.93248702803753,-80.95100397449394
A,S,109.67289467586282,-44.97597384161431
A,R,99.8323312577794,-86.17866468075044
A,E,-52.67480895083605,75.22614621522533
A,D,149.1247076684345,-158.44596973203227
A,S,178.32816728347456,-110.14254292266563
A,E,-15.62085791835834,-90.25157592023967
A,E,10.565483812551845,-88.01450608938163
A,E,111.24831497689887,-124.2852172846573
A,S,139.48255348359626,-150.37193087024644
A,F,155.03727823215058,-137.7438529035632
A,F,133.73568092811925,-90.215017354471
A,V,121.22718447643493,-119.5159186432744
A,Q,108.45009938298467,-95.561546323213
A,V,123.43858085856365,-125.43465458554596
A,H,150.40797324721305,-79.19051344395616
A,D,172.82441744748348,-120.5214793182811
A,V,-21.695846028215772,-82.17938515491493
A,S,160.6840027092828,-77.36223373796899
A,P,-141.96343918723917,-79.18089440772697
A,E,-66.81171878857837,72.39083000037178
A,Q,94.83347622547885,-148.06891764906536
A,P,-41.91914505312934,-46.87293029647787
A,L,107.88653353779429,-101.12978905384978
A,T,144.96949978830008,-77.49818386387025
A,V,118.08397710046643,-125.9919244521487
A,I,169.48484728010166,-127.40994800602708
A,K,104.1579931288086,-120.5896606835036
A,A,170.01887226839915,-102.34989582647455
A,P,142.6546803116951,-75.75350912483165
A,R,-15.616064931630453,-59.88491419023145
A,V,-12.575474598942105,-93.90690921829251
A,S,127.19380642366919,-54.68864274074758
A,T,-179.07653496061496,-107.94801946808519
A,A,-51.520157888776225,-48.82939856269149
A,Q,-37.80059558879808,-56.01472009094209
A,D,-53.3716870131958,-70.70458813833287
A,V,-27.232173750422128,-66.05141562257938
A,I,-57.31929175653141,-56.11931866115151
A,Q,-33.597641259389206,-69.25123457463228
A,Q,-42.30247877624407,-60.41393392069581
A,T,-37.06488969641881,-67.34013198549516
A,L,-41.90022069150934,-55.177561508726896
A,C,-34.275645951893075,-72.64841299917109
A,K,-39.288779274226286,-74.30338683788811
A,A,0.24839758411607638,-96.1005759475835
A,K,118.10368340672892,-61.95321610595375
A,Y,-41.64150069280394,71.63507895996575
A,S,-67.24625138400413,-50.400935379262854
A,Y,19.8483257729406,-92.39004586659865
A,S,44.30074814064941,44.82119564947415
A,I,75.15807177279697,-86.49124858171544
A,L,-5.173662965347661,-122.51163727568778
A,S,-50.56110310961073,-68.03451828394327
A,N,94.50885352398375,-117.27808022639381
A,P,0.8668870213304539,-84.5945498792131
A,N,124.55757022962291,-103.2747750613494
A,P,-2.4006581078714038,-78.5393793438077
A,S,-23.68412664593284,-69.8772223272189
A,D,9.409283633783955,-97.23155831637371
A,Y,153.6402696059338,-111.54659705885223
A,V,142.69496670417976,-140.5761907823497
A,L,145.32900686122113,-93.65654677961616
A,L,129.39870573846437,-107.04028027644306
A,E,85.33597758603133,-91.13238522600783
A,E,123.81630970420541,-86.2946878360089
A,V,116.29325809373579,-117.7748853749146
A,V,104.15368945148566,-65.66192799093005
A,K,98.38202338522595,-111.28319002700908
A,D,144.12735927839591,-60.187038760609795
A,T,18.541724673555095,-119.51413730922103
A,T,-67.02616058827822,-55.647728077105846
A,N,-88.36508013268065,57.33128382316543
A,K,-40.71746457517167,-89.55805203068807
A,K,155.69479155094155,-142.24697479454946
A,T,107.42287942486767,-48.097016780345434
A,T,132.83581357595324,-142.64150083838086
A,T,133.97160979612036,-58.22981093812911
A,P,142.76112280512183,-66.29530435296937
A,K,165.72624010508818,-112.32633665056356
A,S,103.78603232697009,-116.40879884327009
A,S,99.02537960316741,-75.81869052219635
A,Q,131.44337367917907,-94.48649842894714
A,R,137.40506735889355,-132.92961632716822
A,V,137.4119157877435,-98.0518578976793
A,L,168.63784252633042,-94.04221241216209
A,L,-174.3837608249974,-107.82354455252283
A,D,-53.7138966925546,-47.13057655981414
A,Q,67.54112356458964,-125.24676361108654
A,E,-23.971784178346617,-77.49195815501805
A,C,121.44181589333044,75.12237530523339
A,V,-40.147734741831904,-75.20089392318353
A,F,-32.72941314891111,-73.4087538587317
A,Q,-33.49070757204148,-69.81531539029722
A,A,-43.703336686059444,-71.39376277205714
A,Q,-29.443470424126293,-62.23623034195216
A,S,-4.906647125185413,-81.02059089288842
A,K,-24.17948424377126,-85.14611048859184
A,W,148.0153390490169,-61.740537462565
A,K,19.743194123171655,-127.4719365915382
A,G,169.92931775901192,-161.07084156001167
A,A,98.79941696209976,-92.59229297541876
A,G,-152.1010661130528,-110.65423368635449
A,K,155.02865379279575,-153.80677176970056
A,F,126.7327361250861,-85.18988984013502
A,I,124.34670016082745,-103.20071205309044
A,L,105.49705707589294,-81.84209591145671
A,K,171.37117452027218,-126.09242557243398
A,L,162.30065815598252,-92.57717711783522
A,K,-7.990399819295782,-91.0253452709956
A,E,-15.23526856662984,-83.95706491333544
A,Q,-38.19882201110213,-102.81674783299759
A,V,78.08714443132509,-88.77407438644124
A,Q,-168.83358906830256,-123.11318941598425
A,A,80.43828543997142,-74.28585661796681
A,S,91.74071697353493,-61.377191089325216
A,R,97.18758529690665,-91.2191557911136
A,E,-42.84590825645875,75.50070508577305
A,D,167.31940090058745,-169.42882645468916
A,S,-164.90137405636906,-142.91461026277406
A,E,7.647039824915353,-113.53798567980988
A,E,1.1957582347815763,-88.40770405796039
A,E,110.60828414269969,-104.23145972682558
A,S,139.9677780363595,-150.907022451904
A,F,153.18132887165993,-136.52827079860532
A,F,130.28963848656724,-89.04614600923077
A,V,131.58112987428535,-114.49799019478031
A,Q,108.0760479823398,-100.68414228498607
A,V,113.9808816137686,-122.06208946991391
A,H,144.8771425676431,-68.06631585761092
A,D,165.9402070879258,-120.30388243012543
A,V,-25.005605238948196,-79.35057675936324
A,S,161.8371853666774,-78.29674672381294
A,P,-141.4031733883684,-79.41164703095048
A,E,-67.84615633235683,71.3836737703857
A,Q,105.39947063393676,-151.09137991191776
A,P,-21.06475372164815,-59.50107054781048
A,L,106.23688694931998,-108.86591896422627
A,T,109.49370035063353,-82.13856692323289
A,V,111.509863935354,-93.08761121862383
A,I,175.9021124651486,-124.12989679735206
A,K,110.56034654379349,-123.99763844673541
A,A,169.4271419725543,-110.41802278835932
A,P,142.52466990855137,-74.35550051771939
A,R,-1.4365228750280747,-64.53244338209866
A,V,-6.915285845358416,-112.88043962161963
A,S,139.841602904884,-50.00356301355575
A,T,174.05313274915906,-118.32671972067743
A,A,-52.019598729227475,-50.69944420059301
A,Q,-33.806525922972426,-55.958088524429435
A,D,-52.540592129750806,-76.07182737972293
A,V,-27.2768289683276,-64.42574492495001
A,I,-57.59042450797553,-56.457183258177416
A,Q,-34.32689582325311,-66.96758584810473
A,Q,-43.018709201467104,-58.87398684200722
A,T,-34.68891431746356,-68.30095563530192
A,L,-54.48441771762726,-54.601105386641855
A,C,-34.990673901053086,-64.62875727060364
A,K,-37.34636433442471,-64.31211317966444
A,A,15.445824095496079,-106.18237702317796
A,K,107.48151744220634,-58.73011944223432
A,Y,-33.54949763865773,69.52370388921743
A,S,-64.23457031683954,-50.06622117585755
A,Y,19.184930709587942,-96.15117442743711
A,S,38.772294329030174,48.16382044822502
A,I,76.06603589232857,-84.95762930087183
A,L,-15.139179046937558,-122.87119156516074
A,S,-43.66661308421856,-60.33041360014777
A,N,92.63009406526446,-121.10476977118276
A,P,-0.2332674064531498,-81.71995887868492
A,N,125.65994528562283,-97.97746552859181
A,P,3.917953044207269,-81.14700551206873
A,S,-26.8433239774568,-84.20575510113133
A,D,4.933312821925283,-89.90476376552952
A,Y,160.84450188139598,-111.50831706100337
A,V,137.04839355379474,-140.43950550721917
A,L,140.51107034806023,-89.9378219603129
A,L,128.8907522307877,-101.67463475302924
A,E,84.2541229125541,-92.17534605142404
A,E,121.86349796804659,-86.08258130820076
A,V,104.4749116463312,-104.37423806439901
A,V,106.66341256420527,-63.93051761394607
A,K,92.1508633548446,-104.01684629517001
A,D,137.18000008038734,-78.75891921135937
A,T,147.6627015473317,-156.21179796838194
A,T,-59.41211206400328,-149.10027609354694
A,N,-85.01998711800466,57.40137323066062
A,K,-62.935516907744834,-86.44695435758695
A,K,161.51588460118188,-125.06513882936744
A,T,109.03433826778331,-50.5447237899364
A,T,138.24608249964572,-131.03180383915134
A,T,140.3781921545672,-76.96978820498789
A,P,148.06161603442203,-61.57582055916131
A,K,176.16647724735185,-129.43538738573776
A,S,119.99164714718924,-141.44210675406853
A,S,102.6424018322143,-90.99605270726516
A,Q,131.35168797680834,-95.13614019937766
A,R,151.90384871901836,-127.00473415036585
A,V,140.14076284317574,-108.17039266691795
A,L,165.5024071474623,-93.68747664359717
A,L,-174.38347078577698,-96.12457060929647
A,D,-51.10984921325986,-53.2953282004005
A,Q,55.538234188690396,-125.83876526799948
A,E,-23.032313616657152,-73.46280604774103
A,C,132.15241018076472,75.9970133766341
A,V,-42.811904313100584,-76.03903969459678
A,F,-33.49382985717386,-73.00165771282963
A,Q,-36.788547575806525,-67.54654337278458
A,A,-45.346245862442544,-69.14457824115398
A,Q,-32.56560844461167,-61.70160898282895
A,S,-16.109031676111027,-76.23881455484872
A,K,-27.31423213134985,-74.67216938386129
A,W,144.66926704151473,-55.68116423796129
A,K,14.739038458155756,-108.03943911904499
A,G,-166.5893978580916,-171.35598849662102
A,A,107.96987928162545,-107.4626117626004
A,G,-147.46944980816104,-116.67750978538623
A,K,160.45532165288347,-152.05450804669655
A,F,123.91350424600762,-88.8661763728567
A,I,121.96844459075828,-103.06920959317178
A,L,112.07051540021382,-79.30765549748183
A,K,168.8817517611726,-131.39027727405903
A,L,161.1696583974723,-91.52670708697748
A,K,-11.47165354080847,-88.26553052540456
A,E,-10.612843130594644,-79.00458683296814
A,Q,-39.22304220947637,-107.55410229542865
A,V,91.5258962792195,-99.1387605703527
A,Q,-79.00058857409736,-131.61319819262116
A,A,63.167351393123134,-168.8832434240089
A,S,103.76056659064236,-54.02087739360905
A,R,95.12638579209857,-89.7016397768978
A,E,-57.32213709571706,71.55807570048624
A,D,143.9274551473297,-164.91655033300876
A,S,169.86498583333173,-83.79831599274205
A,E,-16.257127158766423,-100.59501179546236
A,E,13.491660181308342,-99.05969331358315
A,E,109.56781167191403,-103.89130436378643
A,S,131.38809749834414,-156.48142142085752
A,F,157.30549491879108,-114.39738955586685
A,F,133.73188479610573,-87.94963330502226
A,V,129.5593216451891,-118.69164778198615
A,Q,108.02650691665286,-96.9654663131763
A,V,118.95211849232417,-122.87486847590594
A,H,140.3773882551916,-76.12604243674568
A,D,167.37602750700836,-105.70673521565594
A,V,-13.435778801982536,-91.61511943499552
A,S,156.7760687508407,-98.69989916715812
A,P,139.83849631178796,-86.09259189986027
A,E,-64.37189321367889,164.4460345622634
A,Q,84.72750417371975,-151.62408140004555
A,P,-40.77193464670031,-46.019296758252594
A,L,103.10365884291477,-89.71514830463929
A,T,108.05365381239159,-83.36082165131444
A,V,111.53137563577795,-95.65070375312663
A,I,175.54987213307226,-120.6882456913742
A,K,120.15325399358886,-122.87150372935888
A,A,167.8811360879064,-126.73721118615735
A,P,139.58932023711398,-68.19858756617239
A,R,-0.8612648948288424,-66.71626208654197
A,V,-9.104397428930742,-112.26223442528723
A,S,139.5888310267401,-46.45448464755704
A,T,174.74428413360224,-116.34872423317917
A,A,-50.79516117959213,-50.19477420157997
A,Q,-34.63211284009394,-57.93924041272573
A,D,-52.37716286840445,-72.32967455898174
A,V,-27.935723840843856,-65.08751585802317
A,I,-58.968508546533364,-56.76942874959402
A,Q,-32.491743607463036,-73.77172594164041
A,Q,-42.72425432930096,-57.70123049293184
A,T,-38.05773132082727,-66.32166238445545
A,L,-44.252829025581775,-53.498158715507465
A,C,-34.14372669742848,-63.186855180765804
A,K,-21.5820400851367,-80.47969072783542
A,A,-10.12259464275563,-105.67031673928184
A,K,113.8802051989546,-59.32712099692647
A,Y,-43.67227723459031,70.71521399626934
A,S,-60.50038572063425,-45.54399736928791
A,Y,18.58200859082815,-102.14782066055527
A,S,35.60287614095229,48.71747964597072
A,I,79.14497277385978,-82.9308479512669
A,L,-13.606543778043843,-121.78001647573583
A,S,-46.78143668607918,-66.68137846651432
A,N,87.10620401551556,-122.22178092328397
A,P,8.251487609228407,-88.45616109282014
A,N,127.71978385789816,-100.4376025562437
A,P,5.90773499631291,-81.23391594931549
A,S,-35.33331116519261,-79.18707348049547
A,D,10.976372495775257,-92.54636113924641
A,Y,151.89668641151468,-113.08571034161197
A,V,142.9185645445616,-138.8023743099282
A,L,142.55514208539128,-94.56849315402701
A,L,125.05846046031178,-106.45020912112216
A,E,85.47051780443532,-88.61679914261182
A,E,121.72901094477045,-87.1394097691634
A,V,112.39921593909918,-109.51100029801394
A,V,107.4190887692335,-65.77501983143438
A,K,93.77154929900918,-107.64064111721657
A,D,140.5904832923634,-80.50565947450363
A,T,41.043290318685415,-141.19370376772798
A,T,-59.45183489110751,-59.91657891886833
A,N,-80.61487205623645,60.2044635350891
A,K,-36.06572036059753,-110.46389505331489
A,K,156.2350533800395,-138.16634506516496
A,T,98.90227358360856,-50.4764279594584
A,T,133.5236053756943,-125.11319495635006
A,T,135.0819087550905,-71.30194382916517
A,P,161.09551629426878,-63.142599079571106
A,K,165.7616137707615,-136.1470406464128
A,S,104.0891419333494,-129.85895023979026
A,S,100.19483904494732,-82.22545275179954
A,Q,131.49104784959982,-93.47245435166063
A,R,150.43846249352336,-126.35184247512167
A,V,144.20557303838663,-107.48302011567893
A,L,149.63722100927407,-101.61759805314945
A,L,172.31476991659702,-83.25924042792072
A,D,-48.97892742400522,-48.0203365502174
A,Q,38.83861561168939,-119.51921786516681
A,E,-21.826500190630526,-71.01553102450607
A,C,125.21601676786146,76.13587678121681
A,V,-39.41153817067381,-76.38814491437674
A,F,-33.92566071291342,-72.88234976885232
A,Q,-30.050104546592742,-67.11335675346993
A,A,-42.576919343004576,-75.65482241434123
A,Q,-37.67006801278013,-56.78169205890777
A,S,-13.903538836364783,-72.39112661949218
A,K,-27.72526146231016,-78.09886093275183
A,W,139.23921334633886,-55.689349340706265
A,K,14.119724516501115,-109.58983825536485
A,G,176.13190204566015,-171.84112593938252
A,A,99.07942341755887,-95.6936085734723
A,G,-148.80371775072868,-106.96999146337505
A,K,155.6118111980192,-150.15418381091897
A,F,120.78452686880662,-84.58173383346512
A,I,127.36687495386842,-102.07372729665963
A,L,120.86607977941091,-81.18779837669503
A,K,175.63786213855272,-140.6291878815319
A,L,156.46715139848186,-98.4699109412703
A,K,-5.911840033503559,-91.36132551358023
A,E,-3.4124556503376025,-91.25075353170557
A,Q,-40.261744713712844,-108.71857533985764
A,V,93.6003473877994,-86.11597765149439
A,Q,-176.14001186238815,-145.78153920754136
A,A,45.2367428128742,-80.28041364987723
A,S,118.69732019206823,-69.34758131526723
A,R,115.81611374744529,-75.53611441483937
A,E,-70.12045461231581,66.44381388757338
A,D,134.5068925481011,-164.5477506937527
A,S,149.30733952180793,-159.18369506601928
A,E,-28.803655403424553,-82.16038388804408
A,E,157.3416012291799,-81.23256012442977
A,E,138.76790505972386,-123.50190952692506
A,S,138.0056345800202,-97.88492595183986
A,F,149.99551350131313,-104.29504835566905
A,F,120.67474799149323,-80.52960463892514
A,V,135.5300455429943,-107.05617371706465
A,Q,109.0385127945662,-112.6942763080618
A,V,122.81803560817924,-131.4859228596663
A,H,145.0109738748241,-79.6889676918249
A,D,167.79168345662225,-123.34183946320037
A,V,-1.5129277672058326,-79.40387156980704
A,S,147.3204732161613,-81.39230903733878
A,P,-173.1587372915077,-80.57055324685494
A,E,77.84683310115521,61.40807341422158
A,Q,72.75485298901265,64.95025332461661
A,P,-31.06982096009246,-65.31927889844764
A,L,99.91052942167437,-81.93968881339194
A,T,109.51012708306646,-75.18985625586336
A,V,115.75295440120479,-94.72866674949223
A,I,130.0604032111239,-130.97485488764121
A,K,96.05113105498923,-84.4961117684614
A,A,162.1472585302547,-107.28236271519494
A,P,144.7568046988002,-65.29424111364105
A,R,-11.278661885223297,-60.21660178759701
A,V,-4.4122388641016235,-103.87130501723846
A,S,124.59915785803501,-58.32954807797684
A,T,177.87582117713046,-106.06064234440498
A,A,-50.33428620780946,-47.62890383291211
A,Q,-27.55665496385466,-71.44404497460319
A,D,-49.34159668557239,-69.87870964609148
A,V,-27.647966273347027,-69.180433474966
A,I,-57.68747915128979,-56.639418524709505
A,Q,-32.189577327572664,-66.10147727618555
A,Q,-45.90579866628908,-59.43771965786162
A,T,-39.59227525474951,-64.81950926787087
A,L,-43.79360432939231,-50.793013510645686
A,C,-43.94714097040543,-63.46522517821769
A,K,-16.415211026949343,-79.63690531961178
A,A,11.714758712637721,-96.91766788636178
A,K,103.60665073555194,-58.67966807944289
A,Y,21.117969703900915,59.95116388099009
A,S,-81.76283230905538,-77.88420115104516
A,Y,6.895667189700035,-95.26741691443257
A,S,65.23124486034897,62.335733356245726
A,I,12.552696507904454,-90.36852333897413
A,L,10.189074052938704,-91.89688137389952
A,S,-28.581778917453533,-71.66438258647925
A,N,91.57623679367437,-131.34421740632573
A,P,5.616491673488534,-76.41814180414006
A,N,132.30473664942423,-108.94003277070787
A,P,18.354137371703423,-76.21178892305312
A,S,-38.31351666488433,-90.20978293559722
A,D,2.7699404015054676,-88.48373136655954
A,Y,175.31906015242626,-104.53603380093726
A,V,179.99561451489416,-144.2816577813567
A,L,137.5104745968632,-144.1849885763155
A,L,127.33022451458628,-100.48806966266703
A,E,84.23661100440005,-93.20836886428867
A,E,123.35277779221818,-86.00001466093936
A,V,116.12643167101909,-113.77368210106667
A,V,106.98129970536293,-70.90352132035987
A,K,91.24799165680173,-118.15240438926635
A,D,172.87259659977752,-58.503336585890246
A,T,103.78917399529612,-95.3841108665465
A,T,-36.506146551814666,-65.51642166086009
A,N,-137.55999976092284,-97.16972436435377
A,K,90.08842091419586,-128.28697395478244
A,K,-32.647323541249506,-102.70891087183796
A,T,153.98074268462136,-137.6068378327879
A,T,-29.119380291972796,-66.61178048394595
A,T,161.78585213641193,-119.24980788880144
A,P,151.34149530056933,-54.05456469668914
A,K,151.82935772711957,-120.45544980848912
A,S,124.4544565090558,-114.86602152914773
A,S,98.65702813364153,-87.26806621945327
A,Q,131.67271641485854,-97.70262053592887
A,R,148.6954531397493,-128.0361532043825
A,V,133.76795375281213,-107.63051729810094
A,L,166.6079240421955,-93.13735296749627
A,L,-176.7995782383699,-95.48940307491273
A,D,-32.61012306123116,-59.66970628758407
A,Q,38.57681134860054,-125.2847881650572
A,E,-12.699755676829339,-75.38173710456418
A,C,121.84793320443572,68.94566383512647
A,V,-39.78629260713624,-75.75003335579147
A,F,-38.221391390901445,-72.58106023316897
A,Q,-46.7712064128834,-58.268576901455624
A,A,-46.83490916950366,-62.177972883826804
A,Q,-26.97965234599407,-60.55814408063597
A,S,-20.70666426129306,-75.11597797278054
A,K,-23.11500596759654,-77.12644972513594
A,W,133.36758287517407,-60.464841051813956
A,K,11.846397592831753,-113.16192179501226
A,G,167.78515957571625,-156.76792935069372
A,A,105.64817095724402,-89.77316761263687
A,G,-142.8409274848432,-110.52332676865495
A,K,160.32171388079604,-158.09614424914773
A,F,151.86874346128943,-89.35369732554395
A,I,128.88849876858282,-132.69115854406812
A,L,136.79647037984978,-84.09917471594929
A,K,165.30572070795372,-154.26919702022636
A,L,149.78351925557908,-89.04230289478433
A,K,-28.624116482170802,-78.16940448663387
A,E,-13.891284806204595,-73.28635323364061
A,Q,-9.380481871923255,-100.1647430877612
A,V,-16.737730391943213,-96.84960455444939
A,Q,88.03064908171801,-58.32663977159216
A,A,1.1694590602541433,-118.74227727674128
A,S,99.74260961929131,-139.10264309321872
A,R,-176.22248190624626,66.74893884035811
A,E,138.13128171636052,-75.5748917135398
A,D,-31.716713167798304,-73.72610658653649
A,S,26.169776410491078,-89.8401492172805
A,E,58.623066973831016,47.084611573618076
A,E,109.65051407345699,-21.640316862375702
A,E,132.10868727802978,-103.68231782529455
A,S,169.60758742426108,-111.69285534871017
A,F,149.7950086436343,-130.2021296609076
A,F,138.30670455146966,-89.42204605044778
A,V,158.09261920201575,-126.49107617429435
A,Q,107.46290365161693,-129.6308827435162
A,V,139.62747591463383,-118.36348195528907
A,H,118.60621074080643,-81.9345554417709
A,D,167.43994220406483,-82.64037666107821
A,V,-36.57551502890714,-62.74947095941719
A,S,122.52682883875984,-71.19991910581852
A,P,-170.04567604193977,-77.0313185039844
A,E,-38.922009341072275,73.16312858532186
A,Q,83.44095177497051,-116.9032599575665
A,P,-53.165387153702966,-65.00319138269985
A,L,116.96503979196311,-90.88730873453493
A,T,106.84703251119373,-95.95784932103369
A,V,120.63844892679653,-85.07624870022185
A,I,168.73199222805164,-130.91589931365576
A,K,111.92794159355553,-124.86768218441809
A,A,164.72681803716674,-117.91541457234392
A,P,143.9091650675113,-68.22969443630564
A,R,-3.636350663319713,-64.81200905157938
A,V,-7.902450029708371,-109.4306234707078
A,S,123.18350946489707,-55.61869501328862
A,T,178.91039040316622,-100.46574264505976
A,A,-51.397202986787775,-47.341562033706396
A,Q,-32.04546489298612,-61.8923584140466
A,D,-52.18901074242583,-72.63675662133016
A,V,-29.288558065357915,-66.91178811338709
A,I,-58.39337260158891,-56.933500332254056
A,Q,-32.03778602812607,-68.5131972117036
A,Q,-37.4042630781798,-63.798368386956575
A,T,-36.03349323346771,-70.52524790807519
A,L,-36.57308651382847,-55.45365436208895
A,C,-38.57870398878119,-70.44829687264125
A,K,-28.0912615651237,-71.02393539435366
A,A,6.738200863714324,-93.48252557875871
A,K,121.57164862135161,-59.94631042358453
A,Y,-31.45377501344278,78.28700847223372
A,S,117.31753768377304,-63.40929584045512
A,Y,8.685810892685168,65.39152072252804
A,S,75.46218070062477,43.135599405294535
A,I,7.776171117610239,-85.80307380310109
A,L,-10.563136220527927,-70.90809045797401
A,S,-20.867274025377416,-70.23198104426719
A,N,69.72806680840173,-139.57195216387979
A,P,11.254777530696689,-91.54139861416984
A,N,126.1723651700362,-98.65644083858697
A,P,2.0437142160381616,-93.50908692397618
A,S,-33.814639941390936,-71.3931483396868
A,D,7.021301424159904,-82.6002300745324
A,Y,137.89812596829526,-106.76576736477163
A,V,165.71044499593967,-118.82806844279492
A,L,138.4599109939587,-117.89483071422761
A,L,126.08039680058931,-98.5108534229997
A,E,86.43405259311008,-88.66024301881485
A,E,121.92870234269581,-86.97678610136649
A,V,115.83852931960469,-106.02572209205051
A,V,98.40848559893655,-85.48910762418409
A,K,65.94534010135402,-81.90416432045762
A,D,146.75506414982019,-75.71618779497607
A,T,131.7635041339814,-68.74132508589278
A,T,-4.123667827304148,-100.59546373861626
A,N,-173.7501203536552,-96.53595326016612
A,K,78.66246144233381,-146.53608837368245
A,K,-51.40717010532806,-172.88221582616754
A,T,174.64181403845495,-148.24990111040833
A,T,107.07628111686647,71.26243425715917
A,T,160.10937750712694,-84.45921325491528
A,P,125.90722818391563,-60.054586283770305
A,K,144.07961537262452,-118.90409371595933
A,S,121.06068514700401,-119.76080111652004
A,S,103.06172368356285,-104.26800733230455
A,Q,130.7831241531638,-95.76886653308709
A,R,131.3803026138095,-132.0600096020738
A,V,137.18101042077052,-88.92486656648282
A,L,159.95967771316782,-97.36747071934403
A,L,-169.62613547374053,-86.91709959917948
A,D,-36.115493533119775,-66.11017087851732
A,Q,44.60241073942168,-125.11052797757597
A,E,-9.655662176267965,-77.33311205696486
A,C,129.31660655038874,74.41442888887201
A,V,-46.850529793780915,-78.53776821820438
A,F,-41.39546230029369,-72.41326902675937
A,Q,-44.99550833565169,-63.25688091309686
A,A,-51.257739685634554,-56.990713267953694
A,Q,-36.50806577331947,-55.487461496222394
A,S,-15.725188988275185,-72.24881276469763
A,K,-13.007334681246396,-90.9009252707904
A,W,152.34879557511928,-59.013125187860005
A,K,15.790994570675654,-109.04719006938987
A,G,176.38089933989394,-179.91031743192124
A,A,106.63226253362137,-94.38346730236852
A,G,-146.7556855501498,-106.8930417616516
A,K,137.65808253703685,-149.39346268130464
A,F,146.3148480861384,-84.33486923724227
A,I,129.6125573532429,-135.61404557132946
A,L,107.92496189131549,-79.61033711899552
A,K,128.86140445862117,-138.264847712512
A,L,139.71536041467982,-62.314696880595875
A,K,-30.022032769634322,-70.94552214714268
A,E,-14.796686516482328,-69.99180049556676
A,Q,-21.668288590126377,-111.23958442841823
A,V,-27.322588020311652,-79.07694543878476
A,Q,91.23709015561049,-52.30425642651237
A,A,11.989473943396808,-139.6593775330495
A,S,105.39672760102815,-67.26316770103713
A,R,-48.148465631022894,-128.72158090916406
A,E,-65.0171050277958,-77.89631207388553
A,D,132.53297213492377,-90.64617497051124
A,S,-160.4831020218698,179.3733070012584
A,E,-33.33791555035646,-64.52474991763914
A,E,125.75811580261959,-72.70018993829429
A,E,141.11677519229522,-104.81576385746735
A,S,133.33448935361903,-91.00636985972274
A,F,149.14763470831798,-97.34504037820504
A,F,123.79916603531015,-80.15007699169377
A,V,137.62162444085538,-110.3801794414491
A,Q,108.13364609168288,-109.64158136556085
A,V,124.838109069403,-131.30626476799344
A,H,143.5176553598239,-77.25804751943508
A,D,170.2186944240921,-135.47970956294284
A,V,-1.0755827690047413,-86.24019840055387
A,S,128.88588665126855,-62.48034251233577
A,P,170.47688540119435,-73.70246789970436
A,E,94.20294507427867,61.431269523238626
A,Q,76.52207774626815,66.3252993574755
A,P,-32.09546442517187,-60.207409165515664
A,L,106.44684108712325,-80.79581974048378
A,T,109.79607502138244,-81.61513692388179
A,V,124.9661957658363,-89.26832841433064
A,I,175.19473229123275,-137.9403240981835
A,K,97.94035243097561,-125.13590487986184
A,A,158.8888817811041,-108.95693612146718
A,P,145.92522434445632,-64.22851163227628
A,R,-1.7203752777959358,-64.91439423892723
A,V,-4.163240417173945,-113.89005759525823
A,S,129.3318850011397,-58.89125345686862
A,T,178.56861770938596,-106.17295829158283
A,A,-50.11174550574106,-47.782696450421255
A,Q,-27.781322939509852,-71.23631909947835
A,D,-52.160482750093365,-68.17505596083504
A,V,-27.92790202179356,-67.18619396268201
A,I,-58.26601433723531,-56.387843390193474
A,Q,-32.024986844573036,-68.61474082774244
A,Q,-39.259097849446775,-64.16925350833407
A,T,-35.68010689409062,-71.01915671710114
A,L,-40.138382875765046,-52.5809196177675
A,C,-40.7498420615857,-69.48950817555914
A,K,-10.589862534852006,-76.47057073601415
A,A,16.766677582663323,-116.07367771888632
A,K,110.14811408944348,-62.44817121817939
A,Y,-12.323568783672956,70.70395452324226
A,S,-74.7262244783717,-54.71587520825828
A,Y,6.784813643141858,-99.04683428889714
A,S,42.715527848649685,57.44995810867883
A,I,-9.597025436861776,-63.52087436731923
A,L,9.509008362838584,-73.23999452597835
A,S,-32.410200623274406,-59.943147329428825
A,N,86.01334567946652,-120.54680246244311
A,P,7.045514727244831,-75.77595552097864
A,N,136.84343698301961,-113.77313693016018
A,P,7.512839602964763,-75.60826167690725
A,S,-13.196538415110586,-88.23097592838378
A,D,15.023945908870662,-109.94019212078798
A,Y,165.78188390121113,-115.91323833764959
A,V,136.70380735238047,-137.59369885089356
A,L,138.51805002190196,-97.2819376590132
A,L,128.84742043315887,-100.01370708613885
A,E,84.20199312574654,-93.95153835309067
A,E,124.02139878120545,-85.52357779590545
A,V,115.81927064468947,-116.67260754628418
A,V,112.40985090237787,-67.71888629099026
A,K,95.13002966145588,-123.11905402073208
A,D,-173.84122337659196,-60.76554818800529
A,T,114.31792405819184,-122.92716663224333
A,T,-36.619425075007406,-69.61415306353754
A,N,-152.3671250216391,-87.02318420309427
A,K,81.50947912948133,-113.80648747686409
A,K,-31.56965770982326,-104.75765678789853
A,T,143.87374150483643,-139.3306884611805
A,T,-19.734510699897484,-64.61413509154396
A,T,160.4238529892939,-137.7996250459492
A,P,133.6079645752724,-51.70129656539519
A,K,164.91940127061443,-112.86670912549086
A,S,139.98176897704104,-113.6280097693383
A,S,99.36409866524308,-102.54644051493692
A,Q,132.11216451166996,-94.89602112564545
A,R,149.00092454917933,-127.67146612195813
A,V,134.83253264504344,-108.60971482795536
A,L,161.15973186177067,-93.28097217450652
A,L,179.69408966824642,-94.55177270430012
A,D,-41.43159479860542,-53.72372325873544
A,Q,51.24375909757118,-121.8688149399682
A,E,-12.394748126443982,-83.18995501690618
A,C,121.51591701745085,68.02089348088995
A,V,-39.38030424538484,-75.96589197734717
A,F,-34.793628690512655,-72.06063171989945
A,Q,-45.17544084224638,-63.24975417092177
A,A,-46.693207037832046,-61.27273336811135
A,Q,-29.35875286637797,-59.53543574364806
A,S,-17.67240270468366,-75.13402249795664
A,K,-23.91262740224197,-81.95494433781278
A,W,131.21761292589287,-56.01184174588991
A,K,7.755816390113427,-105.30333594332485
A,G,-125.75136681058613,-151.4298597854986
A,A,110.84828133174878,-149.8506250534909
A,G,-142.93333489198108,-122.31054807701629
A,K,159.34754708126445,-153.03982877718286
A,F,146.8986171784962,-88.2283514977213
A,I,126.44301414967805,-126.96962483557215
A,L,115.18841173353333,-85.13896692780784
A,K,163.4686618296977,-130.4121738515881
A,L,151.12549456330757,-85.73749055248696
A,K,-19.6916934993148,-84.94770179728575
A,E,-13.425026622807001,-76.67416798887017
A,Q,-8.867638947628143,-103.15059351288447
A,V,7.723126649366335,-101.21206534709803
A,Q,89.81742119800035,-50.72907728205775
A,A,18.041174539123748,-154.27199734544914
A,S,60.61433754530532,-104.80675513082734
A,R,-92.53040027999863,60.3102480758227
A,E,143.5182663571796,-147.96626397825426
A,D,-39.83400429523306,-113.85993936551583
A,S,130.03965850456933,-140.06105421591386
A,E,-47.00014301092792,-79.03172674826625
A,E,128.58559078253086,-77.97440715936654
A,E,116.52158495698993,-110.87272031082797
A,S,160.6775597052185,-153.25070874577065
A,F,149.52812893446975,-135.75796043221547
A,F,121.47862078239208,-83.7737431349721
A,V,128.73483575442742,-99.77546652635637
A,Q,106.59531425238083,-100.16482050045848
A,V,137.1627590979171,-135.46645225830235
A,H,-168.85630888121793,-93.19198546895129
A,D,92.80689276844886,72.19208525648752
A,V,-56.881199661132555,-159.11196516043398
A,S,156.85055454420822,-162.14885411887792
A,P,-43.241163686261615,-64.57476680451381
A,E,131.97925687350838,-84.13001531550012
A,Q,75.16121929408526,57.98839344451888
A,P,26.09933351768668,-77.90251197527566
A,L,133.46558380450355,-147.13300296179563
A,T,110.25573924089569,-104.05736315317091
A,V,128.2930685390269,-99.75156183336982
A,I,159.96756152375787,-137.6597083432389
A,K,97.8033720800197,-114.47635297968588
A,A,169.30649521663952,-110.30616047225203
A,P,140.09981879508078,-71.90252896130777
A,R,-36.483794854397516,-57.71685271362868
A,V,-13.94249072905036,-67.7964074164045
A,S,124.76394077870434,-58.4487942242679
A,T,179.63029588087554,-100.65593388868183
A,A,-50.385776355311314,-47.50648028697089
A,Q,-31.908735179850055,-59.68809707485627
A,D,-53.34735460808007,-72.79930221356047
A,V,-27.70236721304505,-65.42136222133456
A,I,-56.06771896641779,-56.74448384889458
A,Q,-45.4865298777716,-59.980110778000444
A,Q,-39.175158639575486,-59.104852850951985
A,T,-41.12502242346683,-69.01622740351337
A,L,-38.83767575753417,-56.80090928192955
A,C,-52.97944553168784,-66.02662512852652
A,K,-9.254684390838925,-80.33798333659979
A,A,28.270860770409154,-131.33067991972834
A,K,-74.5336700300936,-47.09004261475889
A,Y,36.79861846104107,-130.12803537885284
A,S,36.48573567351681,-71.41648660042162
A,Y,36.3377106353362,55.944428925337895
A,S,-88.15845786283194,-124.44821447104758
A,I,-76.62177888426231,-82.18243622517703
A,L,-41.65811438493807,65.14714024515742
A,S,-76.72586209552942,-59.61784227404572
A,N,112.00095389683624,-116.19683041186624
A,P,-17.493732659149316,-78.59817575457477
A,N,134.77551022177298,-85.40740916610396
A,P,-6.587292939828298,-81.91592147323988
A,S,-6.280688632043965,-67.01391767833084
A,D,19.516009732765337,-118.39013045260353
A,Y,143.92022971604803,-123.24317662994095
A,V,165.98877798075762,-127.65507890308903
A,L,152.02050604772856,-112.5874941293559
A,L,140.19016733461714,-109.29723124556885
A,E,87.135344979522,-105.58213633538962
A,E,123.72066630448668,-86.58458037397878
A,V,117.593552480347,-111.81640570433413
A,V,101.66463675238164,-65.61454147858221
A,K,89.59031956577878,-106.65178634093154
A,D,-171.74201504042065,-89.50113602887485
A,T,162.45743315334946,-142.80040049257832
A,T,-26.14481223544369,-71.91002806754854
A,N,152.69492102299824,-123.74877389692028
A,K,85.9330748107711,-139.18067144643473
A,K,-60.58664661082135,-113.52015192121729
A,T,-22.06012984685104,-110.2272141582415
A,T,111.70749526825205,-94.65918953086674
A,T,150.2617615837096,-100.1534795148529
A,P,131.9719077157347,-60.78643562810043
A,K,146.15931385022446,-156.66381248184422
A,S,135.0202414257873,-87.42161319153251
A,S,100.0009281149192,-102.95895472768086
A,Q,132.6891175515035,-94.3328447130178
A,R,160.70599582796683,-127.72768677166609
A,V,144.7118604324083,-115.71372406797754
A,L,152.07443156578023,-104.8352026080394
A,L,169.67463132637198,-81.3590136632329
A,D,-41.391419782561044,-52.31394654305704
A,Q,32.02902207449532,-114.08673733636435
A,E,-20.689947631196898,-63.38763599505259
A,C,122.27446955041086,72.09234382109662
A,V,-38.718399874286206,-75.27266123327507
A,F,-33.959050643026586,-72.92141263733375
A,Q,-40.57085877376618,-65.42470883630679
A,A,-40.32250894184302,-68.8754897057429
A,Q,-36.03000956360823,-61.625881143597596
A,S,-15.363008627330908,-70.50937657011889
A,K,-24.97555157104349,-75.55459738204247
A,W,153.95037819736595,-63.683350420795776
A,K,24.994648852988732,-135.80842530505996
A,G,153.50034041285124,-169.27741013116886
A,A,100.36774110783217,-83.3030098454972
A,G,-154.3530791791521,-106.38015457253876
A,K,143.88196442999063,-146.3211337023497
A,F,153.06380116550324,-80.41607650727806
A,I,128.29028039513628,-135.56557306777498
A,L,130.46242621115366,-77.69892246193054
A,K,175.79178743518764,-151.61419151107333
A,L,133.33084221604364,-101.91957575921721
A,K,-29.821944997386883,-63.521370588589676
A,E,-22.280538641284593,-70.45412992690625
A,Q,-6.4231474088551215,-100.63432087099426
A,V,31.62784000411125,-124.07945548197497
A,Q,65.50635323737816,-77.9910140795487
A,A,-9.256990715767843,-95.07294086598134
A,S,132.31998776638773,-57.55883109969982
A,R,-172.63710451885407,-164.12324273320738
A,E,92.12642805319274,67.23939006022916
A,D,155.14746620621005,70.84471690024793
A,S,105.28600816496295,-127.7310151181881
A,E,8.823793869703005,-101.7182550034613
A,E,163.261544745898,-75.437425149364
A,E,133.47377240519828,-102.89359915999243
A,S,139.80131853163527,-118.7481537384827
A,F,156.69603089449234,-124.14116662247586
A,F,125.22040201997842,-84.74848207686065
A,V,129.32427872180656,-113.75813976432619
A,Q,108.54325951387648,-97.95917588882398
A,V,115.18908478468605,-120.07823115487862
A,H,168.20548316590174,-87.66981575512708
A,D,168.7921833734612,-142.94949415497894
A,V,-22.577746060517093,-78.45054333363112
A,S,148.48810469496686,-65.14230116772751
A,P,-28.53551587528542,-75.38851337134271
A,E,113.16388780147541,-70.74102756792465
A,Q,79.69556234728545,60.262024239612565
A,P,-44.58759495734534,-52.632741488839144
A,L,121.14880266352105,-116.57678025341662
A,T,109.44742803651938,-92.06336559191003
A,V,110.69133625512103,-95.81314781757058
A,I,168.27516679649082,-116.68169219181524
A,K,96.05425495304253,-117.10067338405955
A,A,167.4880961127806,-100.46648266081222
A,P,141.98340761009078,-68.74088233560997
A,R,-0.45476515002263074,-66.33371936958689
A,V,-2.4376342727905436,-114.11874073080769
A,S,119.69419457887992,-59.85968602070987
A,T,-173.82210758326005,-94.15112368958775
A,A,-49.919555089836656,-55.795014414595194
A,Q,-30.712844920113508,-61.923369209914426
A,D,-53.7390966739109,-70.6849456403317
A,V,-27.603571380362332,-66.58916169191342
A,I,-58.15369944222414,-55.878785066978246
A,Q,-32.77274320550661,-73.28164857462863
A,Q,-37.29497122301572,-60.99352969640785
A,T,-30.17789862617353,-75.68241122869773
A,L,-47.933794618889344,-55.676427725217934
A,C,-37.205123615035866,-67.16403677974328
A,K,-10.282314824417506,-69.85582124308439
A,A,12.952428059848781,-124.56319368061536
A,K,-41.889202435069194,-46.208926494232834
A,Y,-1.6051998607440907,-136.92109014261297
A,S,-68.15035455025486,-64.08944502806906
A,Y,13.265383923038426,-86.24348179136321
A,S,57.28837191332077,45.26443327628749
A,I,9.195313804426561,-78.96325825959578
A,L,-23.2730289876675,-56.39126516004419
A,S,-34.33462864478273,-65.53120943251544
A,N,90.62104896587589,-128.81182668177055
A,P,7.444818791688955,-84.5623505493623
A,N,146.52502450837687,-112.54621476846404
A,P,1.648992010571334,-94.18396548073825
A,S,-16.979862262655136,-77.64002755307983
A,D,3.957145759589067,-102.13726720582854
A,Y,134.45396058270785,-118.53542411475169
A,V,178.803185372607,-108.69155597668814
A,L,132.8397323545292,-131.03628550878602
A,L,125.96530103885723,-98.82583994728115
A,E,86.00177180634103,-88.7424988137874
A,E,122.660675510368,-85.52946367581642
A,V,117.92378610211254,-115.60775766144091
A,V,103.91566408155592,-83.84242406073668
A,K,88.12131900115233,-92.69844475247005
A,D,149.33976572666654,-66.36627939019479
A,T,139.86372752928384,-114.32157156355163
A,T,-32.084261455405326,-76.62845208789572
A,N,-96.47108553138004,-100.71527335235476
A,K,110.93116746459076,-93.05759023851932
A,K,162.46950915221151,-117.54796513306005
A,T,-46.717106096837576,-74.1154813886309
A,T,-35.1535843879695,-167.44352898999674
A,T,164.796893637281,-132.00645459777067
A,P,145.5145885424181,-53.0056151229791
A,K,128.87036412535042,-81.23965686773595
A,S,107.40215219919557,-109.04753645055385
A,S,104.93307505798563,-82.16364565891487
A,Q,131.212829162956,-94.34002451333839
A,R,149.85227513390302,-126.6836168003298
A,V,139.49716408419,-105.79730109049358
A,L,156.8940842585676,-96.85807858627022
A,L,168.44958654984336,-76.97658694020159
A,D,-40.128713679227005,-53.156603345593055
A,Q,35.68745504431609,-120.72494388003146
A,E,-17.682820399098627,-65.57257963592508
A,C,109.4838557126183,78.19821042065105
A,V,-45.841374779134426,-55.70579059055015
A,F,-35.536843215172695,-73.72434285975518
A,Q,-45.36687670240435,-62.3077572783052
A,A,-46.241094821375015,-60.20939003479644
A,Q,-47.35191492073239,-54.40699106333379
A,S,-4.439022631276356,-75.29347606919904
A,K,-6.687986832007521,-99.34871227420562
A,W,161.11901550539443,-72.58796974822872
A,K,21.588946069538288,-128.7708267211321
A,G,169.58554938718976,-177.99689867907762
A,A,102.95953511378313,-88.58215231516698
A,G,-149.18228812228512,-111.0863104808701
A,K,155.0106750890552,-152.61345072809303
A,F,116.72608567714524,-86.9097988643799
A,I,122.90812977242558,-101.4574998903085
A,L,135.5192786649434,-74.19840532352647
A,K,149.38520730553532,-160.80656874165007
A,L,141.68306944297274,-70.39148835233024
A,K,-31.041716941320267,-72.64349729585956
A,E,-17.0746313969052,-72.8258349754683
A,Q,5.8379992299689505,-108.2763891013512
A,V,-12.608341057099704,-108.39840775910527
A,Q,83.44313283400406,-60.81220590466208
A,A,-4.979897533595211,-101.14127899485074
A,S,120.82165850044098,-119.69950866086369
A,R,71.35046201757523,58.76459068336175
A,E,-0.02928066002269991,-100.02202043424262
A,D,82.18033170167217,-77.31874537566469
A,S,125.19120006494263,-128.6258480698023
A,E,-21.68610645159445,-79.80400674203133
A,E,172.46629376978862,-137.21865617427443
A,E,109.03034474576751,-103.66005193022902
A,S,160.73659149005937,-144.5600130963442
A,F,155.46015582792987,-147.86647119737214
A,F,129.6056160341657,-87.08018968547975
A,V,131.3423234674631,-109.08706823675882
A,Q,106.4916645768835,-101.56570726042116
A,V,137.88874157668764,-139.57013852842658
A,H,150.38575829399966,-95.38997871069226
A,D,-70.38499269549449,-97.42479315030496
A,V,-23.435901987808332,171.4186298387752
A,S,156.76462524117497,-75.83529927209726
A,P,-159.79199464758037,-89.50320982805525
A,E,-75.23690041988867,66.29451017904003
A,Q,82.30304646918954,-114.55875888326254
A,P,-10.190160658096769,-76.50373629858922
A,L,126.23036094657992,-110.33011444498204
A,T,121.15130553443144,-98.24071487686042
A,V,111.32763970660952,-110.82311050320111
A,I,159.83184643308525,-124.11535035781971
A,K,96.5456049552672,-109.95073167816787
A,A,163.6707290586416,-99.68950233230491
A,P,145.90502404361126,-68.42085553124308
A,R,-15.689409375400343,-62.02063193686463
A,V,-4.588262569628922,-98.1279502097799
A,S,123.25148945782011,-55.71798413776345
A,T,174.61008676783095,-103.53188374627292
A,A,-51.18878052807386,-47.15115995689661
A,Q,-31.602143563444116,-60.92005184428239
A,D,-51.86051069321151,-78.7596672674939
A,V,-28.536730128372387,-60.54545358754604
A,I,-57.85636899142695,-56.44843328857379
A,Q,-32.366724293561404,-70.75578884956667
A,Q,-38.00979656953573,-60.86605369685165
A,T,-31.916204376806366,-71.0130119713112
A,L,-33.70061665366512,-62.41657626506339
A,C,-36.74187160858135,-78.23841949174046
A,K,-50.33174718355465,-70.97562422977518
A,A,80.78486875356025,-113.87867973576192
A,K,-80.80189989263853,-87.64438181908368
A,Y,-18.06980554741983,-80.87196601929944
A,S,113.800548654285,-62.00138110536487
A,Y,2.9280638212194554,64.97666976330375
A,S,75.133036175318,48.89790955390676
A,I,-9.18308288459968,-97.59117457517944
A,L,10.150484832668603,-74.98617387811014
A,S,-37.36175534961932,-55.18678579485561
A,N,90.55989938775699,-120.62391631483257
A,P,-11.749840479569578,-73.25410609838495
A,N,125.0331971680128,-101.20663116827545
A,P,-3.232368231910001,-76.70324047974499
A,S,0.32109578643458386,-76.95286019888255
A,D,0.4886018464897854,-108.11044432618915
A,Y,156.51799220333652,-107.61976981909503
A,V,169.20777492902712,-135.38208539719145
A,L,139.61935413644892,-122.99931819739645
A,L,128.63198187784394,-103.11405513424347
A,E,87.30071025030773,-92.93745201943044
A,E,123.29767581128289,-85.7016210814723
A,V,116.66168201260216,-116.37147161697006
A,V,98.41538826932683,-76.85906019276507
A,K,82.09033928785512,-82.4090424005928
A,D,179.95266813590672,-71.15728853630644
A,T,92.2678750332094,-133.38252190315455
A,T,93.83391014016954,-72.79381181228024
A,N,178.0792643241962,-148.32825173139574
A,K,61.478735589285236,-123.47138100529097
A,K,-175.28768170180382,-137.64324009905582
A,T,-11.646351156671995,-77.53925301219041
A,T,114.73734291407237,-64.6389539418706
A,T,163.209780404043,-89.37184905917943
A,P,159.74537990343723,-63.571180854116754
A,K,128.6694402154172,-126.72597335793363
A,S,115.25714441970295,-93.40510327076892
A,S,103.89897113840817,-92.97055446148521
A,Q,131.2894422403602,-94.84596876235271
A,R,158.12351009359847,-127.20559189657602
A,V,144.35990921801238,-112.61697616176745
A,L,-177.06659574119135,-100.0089133201716
A,L,-170.8320290690495,-117.6176320354315
A,D,-30.66239319268569,-65.44020426468744
A,Q,19.777277883326487,-129.68564814964023
A,E,80.81742791283841,-79.27152098194722
A,C,135.44994421880583,-35.631616494724206
A,V,-41.474162771826876,-76.15992271686501
A,F,-33.98795729363399,-72.44150099394324
A,Q,-42.19494176342759,-64.37332455750511
A,A,-45.747046818010844,-63.19110762424831
A,Q,-29.71726586651985,-59.6318517482344
A,S,-20.685778204294866,-76.95147284476747
A,K,-29.995000968661977,-73.02345676810062
A,W,128.8376472990439,-49.091939140783296
A,K,20.108682728404222,-97.20672229244622
A,G,-171.56001285297899,179.1583121589127
A,A,111.246289693953,-103.14341828818141
A,G,-149.27629967084397,-116.4514508891964
A,K,145.53020834064466,-151.11245575774944
A,F,154.2166612099067,-79.20245700454426
A,I,129.6198729229255,-142.93305283911064
A,L,141.53604485595733,-73.36051457417203
A,K,176.2917449305435,-154.06126829658547
A,L,142.57506246192696,-101.27593213891244
A,K,-21.702435190505344,-82.06758531658937
A,E,-23.75745159631005,-70.30166281819109
A,Q,-26.990644642987032,-101.34651631966241
A,V,-51.20593580211022,-75.80232769813549
A,Q,31.099649636244624,40.60924500764371
A,A,18.43443582676252,58.13397681547981
A,S,168.92960477950214,-133.46733401895378
A,R,-5.209738578201603,-94.5577820487363
A,E,-179.6053043418859,-141.2955667098275
A,D,-25.32764993225134,-88.97051923561229
