Chain,AA,PSI,PHI
A,T,146.7708513893261,-71.01279235347039
A,Y,89.58491714533537,-79.4683165773497
A,K,-27.543187775651933,-59.66519301622475
A,E,23.8547150653359,-97.30202120079876
A,L,135.8529342301204,-87.91773039883253
A,E,100.58588761769408,-70.90511603034324
A,R,133.08268251945043,-101.2481108379341
A,E,148.45293500962705,-108.21601267173774
A,Q,139.9339798847111,-61.890283760114194
A,Y,-46.768626981834544,-65.81477279011034
A,W,72.99670260111394,-152.41131157747643
A,P,-18.484038219681466,-74.66813548977399
A,S,-25.684688903096912,-66.7149426497166
A,E,156.34372260283504,-163.56079432511612
A,N,137.01944012555458,-86.62947609430041
A,L,162.5317435339203,-117.60379738579522
A,K,115.92055453382767,-95.18145115886115
A,I,121.78611968190724,-124.14205507533177
A,S,122.45998852251941,-89.7109889195161
A,I,114.43391062014705,-126.13440872968145
A,T,154.78131873563984,-92.36796369482654
A,G,14.736370502632179,82.89296427216357
A,A,-2.873159357522256,-77.56480858065642
A,G,-16.57007262765966,-77.08594618953869
A,G,-163.65713926894415,-107.26764614327799
A,F,-72.04097898739172,-72.91075067822513
A,I,-42.93253638714172,-66.53607678080967
A,A,-33.99222905190308,-63.023445945806664
A,S,-30.62927839025,-70.41360728541214
A,H,-43.74337175814946,-70.78533397162613
A,I,-44.43628070424245,-61.39074277060029
A,A,-48.34942026147894,-62.39965511472747
A,R,-48.81703176456944,-54.57452211470346
A,R,-43.94694123056983,-62.9380883570967
A,L,-30.871087247090422,-74.95162503772387
A,K,-44.1275694297822,-63.444117384636286
A,H,-24.370924302568696,-62.92111646532078
A,E,2.936358293355059,-88.21752354505135
A,G,5.330002638231816,102.86863834427928
A,H,156.4072371244585,-85.37575448260418
A,Y,112.34702479761893,-92.37039843138528
A,V,125.98723645758051,-104.73430873772347
A,I,100.10817121291811,-103.51998253711889
A,A,149.29198041779162,-95.44835035704922
A,S,153.5069303539533,-146.8671095334276
A,D,163.12312882033746,-174.3425802175578
A,W,3.694098677403944,-94.78570619662446
A,K,154.3929457459794,-135.16232972287781
A,K,150.7030120629634,-72.80483074296797
A,N,128.3098236269285,-65.82844594319609
A,E,-28.02451134249158,-75.84410189487608
A,H,-26.976219247183327,-104.20978584542752
A,M,152.2696975352008,-131.27654376244308
A,T,150.69000114211516,-70.23460824806227
A,E,-40.79591601486349,-55.30784361757953
A,D,-15.609368124623451,-71.20263804428062
A,M,-27.047230579873553,-64.47961364752659
A,F,-6.610731604740655,-135.6214637809864
A,C,166.68399587344706,-150.61775994475056
A,D,-22.99934583402177,-100.89050009690537
A,E,142.21695049007138,-139.5331106105337
A,F,119.59434046689611,-124.08775628576048
A,H,117.47666105433916,-103.30864162284043
A,L,91.66336174734687,-92.38529773737409
A,V,150.92200112231,-143.60050071339904
A,D,107.97005586295325,-79.20813403567128
A,L,2.9975628798984033,-80.19977657004424
A,R,-9.165604522235812,-71.93826668694709
A,V,123.61429730392788,-105.50845823630104
A,M,-45.19976630948351,-52.88771422531271
A,E,-39.29032062840397,-53.008936094525566
A,N,-40.321517825640235,-71.92343392925457
A,C,-43.38793533790705,-57.75971095980997
A,L,-46.56506073948922,-59.192125295550476
A,K,-44.64188289888285,-55.93811076066441
A,V,-13.33707452941599,-80.33247212698723
A,T,-1.9299109412130457,-108.93372082180126
A,E,117.73363801491898,-54.24330333695903
A,G,15.271658105456854,70.12051173686936
A,V,151.54261487155364,-88.47355956262379
A,D,-64.73587991846739,-89.70263208064576
A,H,154.23425399883712,-115.25742789246098
A,V,139.1874346417693,-126.28497748617731
A,F,112.66835327136566,-120.54537357115773
A,N,92.90065051292069,-106.00617218411888
A,L,-10.957800449865934,-110.60529261725628
A,A,131.41613922172573,-52.12348060616738
A,A,144.89555018006632,-172.49867952493807
A,D,113.93796025603014,-82.38432696472508
A,M,154.4199023960126,-143.94407543846614
A,G,-168.61991574090308,-176.68735224603574
A,G,-158.37893753861988,-91.37983986434377
A,M,-33.227324304595236,-61.457910728719284
A,G,-21.934570302626714,-55.48350517740326
A,F,-46.48410593424436,-113.48357680253646
A,I,-34.25424042894982,-63.6595653966108
A,Q,-2.105197122228668,-93.98857875185185
A,S,-3.3665290784183437,-106.9141343419167
A,N,37.96827066810334,-135.29852948904872
A,H,-53.34628045791446,-48.462172675609
A,S,-48.928611351894865,-65.58311470104745
A,V,-43.29061994743276,-65.81947571025005
A,I,-51.951497390627104,-56.471852408392124
A,M,-49.26518813513242,-61.46472082560951
A,Y,-53.95942014731701,-63.441314438592066
A,N,-48.137753630323395,-60.27662404162815
A,N,-39.651584057148256,-71.0262971473433
A,T,-50.31085507848273,-53.52051912768851
A,M,-47.79324415622867,-59.400547834616575
A,I,-49.89611085679441,-58.44162899418977
A,S,-43.34080044304853,-62.61570455044149
A,F,-45.843782647044506,-76.30984463240961
A,N,-35.49930482062695,-66.02226518061838
A,M,-47.394906636160975,-65.9679646404924
A,I,-46.53183086115527,-62.917637480848256
A,E,-48.56439173680945,-59.474383320378514
A,A,-49.88765031847881,-51.95254780789892
A,A,-41.403279021937465,-53.388574033605416
A,R,-54.508278462495404,-63.689406184100456
A,I,-42.504272364254795,-54.55528209444449
A,N,7.407015018138268,-89.83625948056057
A,G,28.586603593095436,74.56049554939914
A,I,139.01273378459277,-62.69902675327365
A,K,-39.83530024969371,-90.86807007358497
A,R,138.83917393610216,-136.7782351904161
A,F,118.40832845892922,-142.02158754812854
A,F,136.4013223243857,-103.16017801540586
A,Y,125.89055595393923,-124.4307154410251
A,A,108.33755774594741,-81.20869549266641
A,S,-161.3622788216071,-104.30001418851772
A,S,153.2518668956997,-156.53551992967743
A,A,-23.69725683560897,-57.13389743768328
A,C,-17.005300911080408,-64.47699468243879
A,I,-32.05226211551053,-56.4035756715522
A,Y,149.3591900376529,-64.87561361624968
A,P,146.78156381539358,-71.01997029591361
A,E,-33.46892625472656,-68.44577448843661
A,F,-15.691436624568517,-67.74104729897424
A,K,3.4961455494122053,-89.04716246608876
A,Q,31.472839996206186,-130.6250098716002
A,L,-9.50889650602813,-97.29703146869389
A,E,176.03210703517453,-119.42567697978265
A,T,-2.2170727870773317,-102.64593646665712
A,T,160.20114015205212,-137.1215081063329
A,N,53.034970312330735,57.94501338854121
A,V,22.9589934166269,-130.98101004687126
A,S,136.40116093948646,-76.55054166547556
A,L,103.72653287014771,-110.5670788653352
A,K,151.96375455381929,-80.71569911866648
A,E,-36.68069225099781,-56.58357968716821
A,S,-13.413138718568947,-69.57970530720443
A,D,-17.746025932195653,-64.78572683549527
A,A,-33.734529490644896,-59.01798321913154
A,W,136.0004906582736,-130.32592815292537
A,P,135.62894722740626,-53.41351257565905
A,A,144.3803170279604,-94.12515272006839
A,E,59.97567720604127,-160.17933642538122
A,P,142.03109599676023,-62.59577957451607
A,Q,-34.570696612856494,-62.853620143316554
A,D,165.0279798808876,-125.8765474495089
A,A,-36.47133242356331,-64.75882421904734
A,Y,-51.25393522621153,-45.142099466764165
A,G,-37.82588210305241,-71.0709699155179
A,L,-42.75782304985867,-64.54939015442866
A,E,-50.38281486382863,-56.448090883018246
A,K,-45.55186795566208,-55.25454997851268
A,L,-48.88532710054114,-59.81058969100802
A,A,-37.8710931054609,-61.99120604761809
A,T,-36.01613798963635,-67.06726432071551
A,E,-45.56499527103698,-55.705095107355355
A,E,-41.289678793943246,-66.50394709148696
A,L,-49.564378268382455,-56.76050653182728
A,C,-45.67578594484485,-62.093739610628845
A,K,-43.43916503326871,-55.87118891413827
A,H,-39.373844712853256,-65.24578938913338
A,Y,-37.37764177952585,-62.71650230300254
A,N,-43.94884330824984,-67.27688968914133
A,K,-45.69189435760163,-68.57957943443245
A,D,-39.00921012688302,-76.2710416470327
A,F,-3.7635695994383953,-121.40267842629945
A,G,0.5804139554923862,75.42322573131361
A,I,128.96315865367657,-63.52199187102724
A,E,112.43984755805045,-80.27550697073609
A,C,135.93738248266288,-108.56719325272387
A,R,133.01722425749372,-125.0499430957429
A,I,118.23001914294423,-129.0054966654287
A,G,134.63786667151518,-110.06648603457812
A,R,103.83516755404487,-100.34614530958468
A,F,140.90374585622925,-73.83267657739695
A,H,104.13720898157419,-112.61591195042783
A,N,74.69209925064973,34.415882469876145
A,I,130.45600241312692,-76.53940031043659
A,Y,162.67199164857246,-127.24052534102364
A,G,173.17057130816738,153.37383614614814
A,P,146.08072123218045,-51.78632568664266
A,F,-5.516498923290634,73.55835871346865
A,G,144.5423108188632,-76.16359743707848
A,T,138.3478065399824,-49.40397623844509
A,W,-9.149581752725377,-134.94308737036224
A,K,171.6804240913132,-155.18452962105815
A,G,-6.932226425153559,91.46806864383383
A,G,-28.19822885355843,117.67277841514483
A,R,-2.581543384288416,-94.40419041518142
A,E,149.76913662808752,-67.48227562374211
A,K,175.31912653642001,-91.18284977478261
A,A,-42.14939157976594,-58.47542574392856
A,P,-49.47433782994655,-56.735795367368745
A,A,-36.88951693672371,-68.88505366107294
A,A,-39.060830418058245,-66.28747511443186
A,F,-40.521347023653306,-67.59602384862994
A,C,-55.950144274577966,-58.892621394420125
A,R,-52.36157008952297,-51.63640108545312
A,K,-45.99368591705067,-57.0606861511554
A,A,-39.272846986552196,-57.61661914835663
A,Q,-17.666651922417387,-77.08259994890041
A,T,9.831380237448851,-134.4892757472259
A,S,139.66128333139227,-89.91201034797693
A,T,-44.93140508889637,-98.80484435333051
A,D,-27.798757544104394,-113.89385090806252
A,R,160.04178735123355,-158.754346833663
A,F,113.80684530302989,-99.46775109297958
A,E,134.73761977064726,-81.23919918473467
A,M,132.48941130598982,-135.97082253161867
A,W,126.56252431784486,-66.25526355643848
A,G,-177.3589223684315,88.62035936724777
A,D,0.34464651949934444,-86.59220837916324
A,G,-10.060977741992835,80.70741226710429
A,L,-20.206335223870113,-76.42640765802912
A,Q,141.8686891175864,-62.43787924109726
A,T,153.50217666542645,-118.466209919888
A,R,163.99687610619554,-150.811412501161
A,S,156.45036839014426,-109.67794586174536
A,F,137.25238449121505,-133.6638216755632
A,T,121.35557501557166,-116.60012496076568
A,F,137.30772506536036,-68.51291987064684
A,I,-45.250037987519676,-47.103621294525475
A,D,-39.01302463358389,-57.09373788270964
A,E,-40.78077594900566,-74.78620576344623
A,C,-56.76830830683814,-47.12189150722319
A,V,-48.780888038426454,-54.26214732912537
A,E,-49.86202468528025,-56.869643308239326
A,G,-47.514038908082924,-55.59357584294571
A,V,-46.59722325545006,-54.327002948483184
A,L,-48.57194141898529,-68.87005102558766
A,R,-43.89851998778553,-59.7401260090119
A,L,-42.032748321490786,-60.63875677032485
A,T,-35.249115385026,-77.12927953494388
A,K,-14.644491165355564,-75.37364616615719
A,S,176.65383525426012,-71.67537130352179
A,D,2.863867347252717,-97.45753671539292
A,F,120.2137502308187,-82.27228024218779
A,R,-13.490467401431404,-96.41218778508296
A,E,160.02251070250037,-96.41214285832616
A,P,138.1255879838051,-57.81599635664637
A,V,132.62332875190953,-127.34501844346256
A,N,123.37209121081376,-52.747333693538884
A,I,100.76966465852476,-114.38506322058225
A,G,135.91622055856013,-172.11804588386116
A,S,145.6414593324573,-66.85282531108857
A,D,20.587442098369376,-109.51658504863254
A,E,99.50479099279092,-90.25377885963903
A,M,125.47304685910478,-90.95367650964593
A,V,153.2571801627654,-129.9448428870236
A,S,164.85824855154672,-85.10356397177353
A,M,-38.574591325285496,-68.51077135110027
A,N,-47.777694068360724,-53.41612690558216
A,E,-49.79628225931255,-51.58376374305863
A,M,-39.8136380282864,-63.898533464038536
A,A,-47.897992045256295,-59.035043281290655
A,E,-39.7597834632319,-55.728738271951414
A,M,-46.04243641536959,-63.86260043693474
A,V,-39.709260164900286,-65.969793346198
A,L,-32.30616686067608,-70.81024177147752
A,S,-26.59402802019353,-64.3111022520689
A,F,-40.47656302561443,-61.43000353138365
A,E,16.583032423554357,-117.16211280579392
A,E,55.23920456209069,51.30400708809055
A,K,151.20659364036027,-80.34012398323289
A,K,82.51058226883589,-130.79767640162572
A,L,143.98160311806996,-118.6965074790723
A,P,148.41744623265757,-76.46347110038603
A,I,132.38352855591924,-82.59055483078993
A,H,112.08559354813535,-113.3613792076073
A,H,122.1730973124872,-85.54017811878292
A,I,157.86007433419812,-128.5088262241753
A,P,141.76873276101003,-63.02280901133794
A,G,179.21199864726876,-168.44765604890821
A,P,105.57456634041452,-71.12366860215155
A,E,-29.58802826655963,-81.50047945519978
A,G,-145.65847907282665,68.39537427496758
A,V,157.8986790839008,-69.4436632028043
A,R,-33.33427054027635,-73.51179906753045
A,G,142.42559972366934,-167.16499055392276
A,R,156.84785851221966,-152.27008252506033
A,N,152.54303884679427,-149.24357337649633
A,S,137.5007279085601,-73.91942793410149
A,D,114.91107324372287,-94.99590601732646
A,N,11.66394394870919,-96.4723637275613
A,N,-49.21251222585687,-60.40136934615755
A,L,-48.115167994230795,-63.335140274471584
A,I,-37.360578784418806,-63.62835438566438
A,K,-50.23258111017186,-61.455909053565755
A,E,-41.794879220015105,-58.627083922246165
A,K,-41.93100493868028,-92.34405556314832
A,L,-14.326481985557042,-103.81608708537394
A,G,27.803500123702847,71.55984535002366
A,W,143.88113495570897,-155.9874161343876
A,A,157.13337504684364,-145.43126048397815
A,P,138.4419017049446,-58.77963041019345
A,N,11.829270661536503,-138.16583269102543
A,M,141.66889961436985,-75.21998122915146
A,R,138.26466311119944,-68.21624339603181
A,L,-48.16311899953853,-56.39367284140586
A,K,-39.995046432624505,-51.33947179175131
A,E,-43.87494476925412,-68.96937349794058
A,G,-42.67722045058192,-69.15975512137011
A,L,-40.94440201870711,-54.31386305770614
A,R,-49.507352632663675,-58.96948017905929
A,I,-44.14674333503012,-62.93001758641268
A,T,-45.810957672090055,-63.46302506036858
A,Y,-61.63190648736394,-50.69945996099177
A,F,-35.09307579414377,-56.851768716893964
A,W,-44.533097922244494,-60.56924922665886
A,I,-36.113701244663666,-65.87709274556312
A,K,-40.969681069017234,-57.479671394392234
A,E,-34.660725675311575,-64.39865434919011
A,Q,-34.87863480175905,-71.39405512432971
A,I,-39.476552089423855,-69.53680760453004
A,E,-35.18072868338666,-64.70190227688103
A,K,-22.632185708027688,-68.01625687188003
A,E,-27.91843589098068,-84.6537495964116
A,K,-59.8986959082207,-62.39066683260325
A,A,-38.116919872450005,-49.31494379983069
A,K,-32.14344602806518,-72.46100578815874
A,G,4.2848980337492355,118.16371091004898
A,S,153.4641065495056,-65.0835329033179
A,D,87.56968974607474,-81.7608508775801
A,V,-12.113480140144308,-72.6488534489959
A,S,-28.13465201236963,-72.07619628468201
A,L,-11.607948719618712,-67.22548468953967
A,Y,-7.125773528683343,-72.82887261035938
A,G,-26.516254353948746,-65.38432281342517
A,S,138.45174916548814,-111.05437503738584
A,S,146.73364006653176,-89.94429904876024
A,K,151.93564623762208,-95.48205997441592
A,V,127.50687200009946,-105.76266696035681
A,V,122.78907172169066,-79.91120405596466
A,G,147.18375147877566,-63.78861787752776
A,T,125.96614288580835,-50.958711782030086
A,Q,162.63733222900498,-117.97683150789523
A,A,158.36961670313096,-99.17894898830441
A,P,148.72997621883047,-63.915169422442936
A,V,159.28571700097817,-86.02985090564603
A,Q,152.07940540553668,-59.07137082601086
A,L,135.27844439311778,-64.32408449136581
A,G,26.746469949071642,94.34906164164381
A,S,156.06020915338507,-82.68889490068067
A,L,142.4948814145007,-126.98401866101979
A,R,47.170203677917435,-114.16361240809415
A,A,17.528033378891784,-110.85698124254317
A,A,-27.848075909395913,-66.51383661866822
A,D,-171.83564032963082,-71.92775224407013
B,A,-16.96915725593431,-77.23689281157726
B,Y,30.826407792184845,-121.38294589659465
B,T,154.8414748405104,-108.05292994308985
B,Y,105.25425871948933,-82.50257061810126
B,K,-36.917907834457964,-67.93707334772448
B,E,0.8829488964410994,-79.56179325521693
B,L,131.46150737907845,-61.5370700911571
B,E,107.97510490637848,-88.20724525696069
B,R,128.52741755871284,-105.78656659490453
B,E,148.47144981428866,-120.0201620738296
B,Q,141.85656862812903,-57.849979228575165
B,Y,-51.308206140009915,-60.73609074534823
B,W,72.37782957091643,-149.08813003828058
B,P,-16.731784871351778,-70.8336900213706
B,S,-30.47995360970987,-66.54446794884494
B,E,148.6555746979801,-166.15297764455977
B,N,130.09272068452248,-73.36818095752068
B,L,158.82027853795853,-112.77229940073272
B,K,119.16645928568613,-89.07025346117427
B,I,126.49309517100569,-121.13388035834754
B,S,126.74415959142041,-94.02139388425209
B,I,120.1230160122448,-125.91414815933278
B,T,155.56228346122035,-95.72106383528171
B,G,21.68240038426091,83.41251975838917
B,A,-9.560768046721716,-79.3324249526781
B,G,-4.472054493470078,-77.31274290076345
B,G,-161.99246380128153,-111.76299043413043
B,F,-70.21515853105687,-73.81117401606461
B,I,-46.99436984965429,-69.46604668575837
B,A,-35.464797335756664,-57.40890617502322
B,S,-42.79591918214494,-65.73106162839889
B,H,-46.957603807781794,-61.20398229743585
B,I,-49.28234813718316,-53.89470090309595
B,A,-47.805606664373705,-62.971924330571895
B,R,-49.29138681066018,-56.6585505432653
B,R,-48.483758085308374,-62.69870455729872
B,L,-39.01202741149623,-61.76187566695515
B,K,-41.36832257845932,-62.92606994291393
B,H,-35.5844401795093,-59.182152821455325
B,E,-6.31553216886088,-77.2647210913151
B,G,-0.9901870645467271,110.60044396989409
B,H,153.9334356454233,-75.45876387504889
B,Y,114.5708619234247,-90.87720135021985
B,V,123.33631190590141,-111.19400725534194
B,I,105.23252554836093,-110.27375906804734
B,A,149.08364595325835,-98.39722759142113
B,S,149.92541776416874,-147.4456337400383
B,D,163.94927940690144,-172.41039123201125
B,W,2.3864861971581597,-98.38536533695888
B,K,152.76283644955728,-132.75674709255802
B,K,154.65717960305793,-69.69601359971733
B,N,132.3313805050336,-67.32514915753586
B,E,-13.793330054937789,-92.20219425128381
B,H,-35.27228763137615,-111.66575594036858
B,M,142.90516311811257,-118.92046011390927
B,T,153.70458117320496,-66.85265912547423
B,E,-37.502506364600826,-56.443727233849536
B,D,-26.52950200611453,-63.71521653422992
B,M,-25.18118143659103,-64.87774990651775
B,F,-4.033376628085542,-137.22886325746123
B,C,165.5928034862784,-158.8687281482775
B,D,-31.96244317708349,-100.7565861664459
B,E,145.30301049899413,-131.42203736321662
B,F,121.57107056953076,-124.33087190491781
B,H,115.4338690304143,-109.24445361374497
B,L,94.49363379670552,-95.05567490558681
B,V,155.22762543730943,-147.08548318859792
B,D,103.793184328049,-83.91923091947834
B,L,1.1255386035813515,-74.74785610547858
B,R,-13.152307989574528,-71.79094033729183
B,V,118.57568981832327,-101.87865653626042
B,M,-46.02132456635011,-44.35319387365692
B,E,-36.96908245352429,-59.844648857181596
B,N,-39.80395214127646,-67.33781173689103
B,C,-40.12990861262905,-63.41106181551504
B,L,-47.12507492405016,-60.92497461454367
B,K,-44.658456446954645,-51.96768731135184
B,V,0.05863681616507176,-89.92402984827386
B,T,-7.603909760939437,-116.53558066953381
B,E,121.92618210382523,-50.61651223815014
B,G,5.768642527602488,72.41365302645609
B,V,147.77176363585608,-88.07189134480221
B,D,-57.97950672549765,-81.31330296398194
B,H,146.9813468485342,-129.15521368333165
B,V,137.3017831639655,-123.99773944805474
B,F,114.24614036981222,-117.98867548878123
B,N,92.88906290446451,-101.40283217742603
B,L,-13.03526583493685,-108.78326096117915
B,A,127.51340355088948,-54.76337940006347
B,A,148.56935631205522,-165.47113717039073
B,D,110.7035770838056,-76.81895512125017
B,M,139.78975198860633,-135.90202852837885
B,G,176.53231210560196,-169.89250222719957
B,G,-162.57588468664053,-86.5980877449243
B,M,-32.55411743080513,-62.937011339316996
B,G,-18.487611030960114,-63.12238046395535
B,F,-45.84039911009826,-109.45446641811598
B,I,-33.75686511627177,-71.77367220349467
B,Q,-3.264610314719071,-80.93183536605005
B,S,4.602191570752905,-115.4856445725561
B,N,39.527377613156354,-141.39848784321563
B,H,-50.62369320391413,-51.74341613154221
B,S,-48.205652110810924,-64.53224043903188
B,V,-44.66662452225273,-68.5939446900506
B,I,-56.50623547776595,-51.17192034664511
B,M,-47.743391600413176,-59.063070736301135
B,Y,-56.00707007032823,-64.71757640490392
B,N,-46.94905273798604,-54.66133486238352
B,N,-36.13848106720114,-77.05907176421717
B,T,-49.03707975744462,-57.15725111417408
B,M,-47.925615660303066,-56.59429344117212
B,I,-49.97741615499075,-61.223084773961894
B,S,-46.230045434418706,-60.48170871546551
B,F,-44.13315246170763,-71.85784854341726
B,N,-33.79832923279054,-71.64095103317177
B,M,-46.81969569490422,-64.85899361241924
B,I,-36.22371613938894,-68.56199594064654
B,E,-43.29028032072702,-69.68528887828452
B,A,-41.643769391944645,-62.74719481451713
B,A,-41.10259667760735,-56.882065520921934
B,R,-48.486230652984624,-67.1173195824066
B,I,-42.57725555046984,-54.43262275179721
B,N,9.33753455824503,-95.38933747989527
B,G,26.681144201857464,73.77242597993259
B,I,135.58179819504633,-60.31591167919967
B,K,-33.0186259000139,-87.9931621254278
B,R,138.29305399997833,-146.840042387173
B,F,112.56823199269989,-145.58051939464008
B,F,134.33896429901196,-90.81789392115006
B,Y,124.47451028450483,-121.53150290447401
B,A,99.88676629306019,-81.1977078833765
B,S,-167.64254400752233,-94.20504786352218
B,S,147.64232169142903,-149.08459436554932
B,A,-24.39330349410269,-53.748899365567574
B,C,-20.407170022370778,-63.24824086182695
B,I,-26.624045095275186,-54.08495794615602
B,Y,153.40956795861865,-75.94130252844234
B,P,132.84394147677116,-72.85374437711445
B,E,-45.383955513383604,-40.70790838646958
B,F,-16.497536251089187,-69.50497337176652
B,K,1.8654103103874604,-86.84855137264175
B,Q,34.59336782828728,-133.3475709142963
B,L,-9.688546834135845,-95.78754562771087
B,E,164.1786111593879,-112.08456634553976
B,T,-4.555971029866879,-94.22166865460966
B,T,155.23849785871832,-137.08825347403257
B,N,57.27946852237713,47.77763798358294
B,V,24.72019748268214,-123.11004135172664
B,S,139.5926306824674,-68.98054201086262
B,L,118.6815516194497,-114.53792096602596
B,K,159.5519220426181,-95.93637468061608
B,E,-34.99393004170415,-61.027240331197135
B,S,-13.627514135493488,-66.73882857994211
B,D,-10.477229193844241,-67.87222333440484
B,A,-32.4362614788486,-70.30490037458982
B,W,132.29677648631647,-128.79780995164077
B,P,146.1150241761052,-65.65660020704763
B,A,145.4276790732133,-100.28144553544723
B,E,65.1126542461473,-163.4145836038153
B,P,142.3932923597193,-59.29513465700374
B,Q,-41.38741653708274,-65.76280436506288
B,D,161.7313795074619,-115.18672348864582
B,A,-36.174740368021595,-53.33969883185151
B,Y,-45.26634630400902,-58.229204441517716
B,G,-33.42725618949233,-74.11281424514704
B,L,-42.707736458376665,-67.25911131816112
B,E,-49.674579083101726,-54.80528455636385
B,K,-44.49204480855302,-56.66913837749931
B,L,-43.86963354684535,-66.47835861453524
B,A,-41.5568595252287,-60.350025594751294
B,T,-33.55243033505273,-68.89892133580885
B,E,-47.99769643599503,-55.00631359304485
B,E,-38.41966924172642,-66.6312749648576
B,L,-49.08966931626172,-60.148472861682606
B,C,-54.835991706805935,-51.63036398874812
B,K,-47.10703341763972,-53.25623417835447
B,H,-46.46251037810539,-56.185053796790676
B,Y,-47.84672887241807,-56.69896032822944
B,N,-44.020849489850846,-58.15443087166291
B,K,-52.79998715182621,-65.43566692384479
B,D,-30.172279712910814,-74.90880740925925
B,F,-9.340757918313301,-127.9099641808132
B,G,-2.306378962879494,75.26983167151698
B,I,128.9870547768389,-59.18431770991569
B,E,112.67027776537317,-81.86352391198496
B,C,140.7261504191535,-99.67290930728095
B,R,130.26647443621525,-129.5409469089682
B,I,108.32120892434975,-130.02302927868075
B,G,124.86908686869724,-99.82039994786757
B,R,102.0569447983751,-94.80905519156688
B,F,132.91714889110608,-74.7999865527198
B,H,98.77071880797106,-101.26918609126406
B,N,80.90683379553738,31.35871980066524
B,I,134.28319744161044,-79.11682953573616
B,Y,157.89505459067163,-135.28479301658584
B,G,-178.53555014061982,153.47633083693228
B,P,146.43360373820178,-58.60990650966467
B,F,-12.116081576114693,81.01979186391604
B,G,141.67111698468875,-74.27459080022193
B,T,137.84043900071975,-50.05592439317909
B,W,-4.962424315780768,-136.69038733457683
B,K,167.2575716456479,-149.03003831781265
B,G,-10.724116889664913,99.11209955808063
B,G,-33.48366809652221,124.36053061018843
B,R,-11.218661435266444,-85.92582733004028
B,E,155.6619700458975,-63.461006695046834
B,K,173.4408373929262,-95.82690180193772
B,A,-43.0202189106234,-59.52424782338454
B,P,-55.317082573204374,-50.68954639605048
B,A,-40.65484329027675,-63.29840422838508
B,A,-36.09786844725983,-62.74954989243438
B,F,-48.57704759217666,-70.83022484233354
B,C,-55.82857560357353,-48.77307343345495
B,R,-49.56392595461983,-52.82280167245337
B,K,-45.3715379540428,-63.754637632257115
B,A,-33.47623762387256,-55.5919611962698
B,Q,-20.00213752544748,-88.71970688805092
B,T,13.638630353033086,-118.74947445856932
B,S,140.6050107282801,-116.08229212173093
B,T,-37.232815781458655,-110.42463847242001
B,D,-42.124307999325914,-115.44967065882513
B,R,157.6642641995931,-137.6229510452514
B,F,110.9371665663742,-106.96923302261735
B,E,131.15417144262656,-78.29402342319867
B,M,129.96919143956427,-135.18745502623833
B,W,130.62376228936165,-69.80958443355698
B,G,167.5778049384204,81.71230948853405
B,D,-7.81815705099951,-68.2421647736534
B,G,0.3579710480290378,85.56701330287194
B,L,-20.58027301496133,-88.15466641789801
B,Q,146.3179292206415,-59.893612528554065
B,T,146.32289674246047,-122.33801230160269
B,R,166.5581120246751,-145.89171667776003
B,S,156.31867869398783,-112.66378599230416
B,F,139.02541037916654,-132.16534142035692
B,T,121.01858019292396,-115.33574278514372
B,F,137.16116851597866,-64.65147858295613
B,I,-47.982552983210375,-44.8913486233702
B,D,-34.382148475471965,-57.982491531486126
B,E,-34.31277197358954,-81.13743130100816
B,C,-49.27905376166556,-58.44376959644521
B,V,-51.333324627442124,-58.89016047706337
B,E,-43.03012432653051,-52.00658794237615
B,G,-49.761914848258556,-61.58810973218205
B,V,-49.376611063750474,-50.61490720097748
B,L,-42.32486791804165,-71.21291151467712
B,R,-39.78695026908367,-66.02324350261327
B,L,-49.53554444265051,-64.51874499828295
B,T,-45.61708360296436,-63.1079565368456
B,K,-19.338547266767083,-68.87231511316324
B,S,169.00722379804088,-70.9802185754563
B,D,6.063422689322901,-90.26865588610931
B,F,124.20154304116856,-85.98539873887754
B,R,-8.78845320544148,-100.59038106868539
B,E,156.75307153764612,-97.28167436491456
B,P,139.2510593327722,-56.893178256155714
B,V,135.2058926343903,-131.08673046268407
B,N,130.93864361628476,-56.26469512488935
B,I,96.15209136673863,-119.8957781038659
B,G,143.3743736264357,-164.76269067127922
B,S,140.89028735449523,-55.15160564769847
B,D,18.409508169203203,-103.01645157591518
B,E,95.09528536177959,-92.90156334778735
B,M,129.06779557185826,-82.66040047586306
B,V,151.81397911740282,-123.0169224202033
B,S,160.30593265195833,-78.66144966229687
B,M,-36.42101747566008,-65.72579031149348
B,N,-42.889740212679115,-58.42654463662123
B,E,-42.4474571546008,-62.522163828992454
B,M,-36.32094128518464,-66.55450460217611
B,A,-42.314341493095064,-61.260474471233906
B,E,-47.39137324978779,-59.3287876241077
B,M,-50.37641508019819,-55.7053740458041
B,V,-43.917897780417725,-58.92360084416505
B,L,-21.788545699598238,-75.27863596096789
B,S,-28.442080713396688,-68.35817837457604
B,F,-38.71001795033614,-64.04017465102426
B,E,23.056751056885027,-114.19955947841444
B,E,44.92726908105124,56.510343921385
B,K,146.5648621415877,-85.32081996321392
B,K,92.77239470430388,-122.99943348254486
B,L,131.89817262698855,-131.21072106266695
B,P,147.9743686422872,-73.10882123153884
B,I,133.0139212913236,-87.25183940673037
B,H,105.48117945268174,-97.34886367705076
B,H,114.1671066725101,-77.58918780381065
B,I,155.79528212767792,-130.64886619568463
B,P,140.07887036799428,-57.08311323471404
B,G,176.51527028361733,-177.61996516391022
B,P,106.8831562971628,-73.0277575996622
B,E,-21.102262768808213,-84.32922083808643
B,G,-147.9047617861177,63.99151367769832
B,V,161.88631405019734,-69.56449333890944
B,R,-32.30695762665839,-76.28093428858523
B,G,149.78872316060762,-171.57450117078406
B,R,156.57444825148514,-160.8375183398604
B,N,163.6646192089656,-150.7421005574246
B,S,135.28560498228887,-89.46194789516679
B,D,114.79832534895196,-95.49684762387083
B,N,17.049029374752422,-96.44237267301435
B,N,-48.94562485030363,-60.26528679208814
B,L,-47.92564444675869,-63.86125323955507
B,I,-41.89107685091605,-60.22494481845874
B,K,-42.518808125632646,-57.3936448613991
B,E,-42.07425953269055,-70.26112715638068
B,K,-38.91748507140601,-84.50420291397137
B,L,-16.54304573579191,-109.05116295919574
B,G,27.539428388566435,64.38011616385329
B,W,144.22114269910972,-149.73537368053277
B,A,155.6101929621679,-142.47683557920874
B,P,141.1392335942124,-59.531877391315454
B,N,5.057816897900772,-132.3643993061194
B,M,142.88617158693998,-70.25571248022355
B,R,134.16849452042658,-68.43894848517063
B,L,-49.767525913712205,-54.44432118275958
B,K,-35.33323421421468,-59.44060064971212
B,E,-49.9208702674219,-63.75146843144899
B,G,-41.97882044731935,-67.45607344266313
B,L,-41.58135707115758,-59.18246855232561
B,R,-48.992826615801775,-57.694334837897465
B,I,-45.26356036550885,-53.923814239187806
B,T,-40.37529390788756,-71.2833196166567
B,Y,-53.95856271563377,-56.458659814675094
B,F,-34.84272120973704,-69.37864832087921
B,W,-44.95215693270671,-58.2533034022414
B,I,-35.138700952122484,-65.76725545602159
B,K,-50.64703032013887,-52.30189735314657
B,E,-41.5432614433197,-57.03171824773517
B,Q,-36.29961146550852,-66.6472310904154
B,I,-44.36712324372636,-64.34946625907683
B,E,-50.761545816512516,-52.49311933826874
B,K,-37.37611351878701,-60.93417924376906
B,E,-39.38766838030539,-69.63290530215635
B,K,-49.28896551216168,-61.529472464600964
B,A,-33.38409676950493,-59.102972949005505
B,K,-15.922492468415617,-73.28953745245707
B,G,27.925846417920624,89.89377265164336
B,S,152.670719826172,-85.0289446866419
B,D,83.48305346370633,-77.7444159383269
B,V,-1.9795458808513884,-76.60530813923687
B,S,-27.33185901759732,-68.48736784589491
B,L,-0.1994511612023134,-81.12363663380003
B,Y,-12.786062256483252,-76.17479408162644
B,G,-13.668504967186285,-74.39166903619304
B,S,150.21962756781872,-122.25552859787629
B,S,138.55304884676858,-99.38120961082508
B,K,147.1279256404042,-95.65034426510127
B,V,125.29738174223245,-91.9866380200434
B,V,118.74580305863441,-72.03215149955044
B,G,150.48921229009363,-64.48629740286441
B,T,131.15741678706172,-60.03920662535381
B,Q,158.98930191121582,-124.70884850000508
B,A,159.4108970189795,-96.52429144868483
B,P,145.88967940445372,-65.04280182710335
B,V,162.0284861740912,-79.66996051549394
B,Q,145.99633022143897,-66.18687604299984
B,L,141.6866149160909,-58.077923810613434
B,G,2.6284869849402193,85.5657509784968
B,S,147.8053408197769,-83.4954886395402
B,L,164.12573594335166,-88.40991856128097
