Chain,AA,PSI,PHI
A,M,106.79487057763748,-56.59464416597023
A,R,121.86547021371193,-89.8883584453677
A,Q,115.18598017891759,-103.03177199308618
A,C,158.4045421207803,-111.63150707841834
A,A,137.06809779133312,-144.51327052834412
A,I,120.94200150965311,-101.6897586022205
A,Y,169.23605833121331,-121.97962535978228
A,G,-178.31603599035398,151.62156168736473
A,K,163.67054010107307,-78.71878189021722
A,G,135.70480978599278,-67.50611775152203
A,G,5.713898178228261,72.31412019195511
A,I,-14.698906943540612,-84.14758973935363
A,G,24.178528350563216,122.44411347104072
A,K,-41.45374593838612,-64.28374387220227
A,S,-27.855293508706808,-79.99563548008341
A,T,-42.404916190037426,-75.23217008165278
A,T,-47.721626894657625,-63.372241112369416
A,T,-53.728418524711856,-56.4164190627567
A,Q,-31.877066225374335,-65.79057224118408
A,N,-35.58718736062825,-80.21437152556932
A,L,-47.33573996657961,-62.40052568062593
A,V,-38.768309176339315,-63.543007040983376
A,A,-37.56236997961124,-63.1754038412848
A,A,-33.64107731320536,-68.99849454522015
A,L,-45.08688596162449,-68.94718515123526
A,A,-32.85668519346652,-63.945526854395446
A,E,-35.04025369459019,-68.74081852886124
A,M,-4.731740489656516,-88.28477188981132
A,G,-26.12184264406105,124.06849012511194
A,K,145.17139646044868,-57.94937507792703
A,K,122.07804060132618,-105.81139441157225
A,V,152.70524514314556,-131.13635159903833
A,M,130.34216088075314,-128.81076548664296
A,I,135.58948954186582,-105.17788391132729
A,V,116.64410035235232,-121.16216078748386
A,G,124.0637732220778,-90.35045116339225
A,C,38.809601321447964,-110.76880419362264
A,D,132.13774385786093,-125.59397684156225
A,P,-38.72846129474843,-43.72023829215169
A,K,111.4707828571493,-100.84749514640433
A,A,90.47639401511209,-54.327055279862215
A,D,20.32660723213706,-142.3771307183462
A,S,-13.527409632655864,-92.75205914696788
A,T,3.9950679498141457,-123.37609932601892
A,R,-38.23679390437148,-63.48727777492787
A,L,-21.451566079022047,-80.14964740055777
A,I,-39.836056600511824,-86.93043041651897
A,L,-10.649774174062607,-93.04860433545625
A,H,33.39317906802851,57.372391498204
A,S,164.45564636366515,-96.92786948664538
A,K,-30.895032197157857,-72.36620984662046
A,A,146.48832894073132,170.63280944296196
A,Q,146.98318025948018,-89.70073704957011
A,N,108.25401184319577,-74.42482208594608
A,T,158.3485265765645,-66.36471068367644
A,I,-37.84260076277547,-70.40779439633943
A,M,20.702580951145237,-83.31127043555118
A,E,28.05141818139288,-141.66243619852847
A,M,0.05882366435662288,-146.59396440600747
A,A,-22.528119206055162,-114.04740877125552
A,A,-26.81053421040595,-99.170708503995
A,E,-50.38014543445196,-71.82482405195424
A,A,-3.7759491167321286,-86.28022966849501
A,G,46.1107303552162,50.8446417789976
A,T,-177.87681757180047,-89.35193020261718
A,V,-50.05609702336989,-129.4326476131927
A,E,17.67289290260749,-144.85133470528677
A,D,61.84342525830609,-105.36123892278707
A,L,143.36625945378614,-144.7382536082112
A,E,144.39779411997043,-90.94275995505643
A,L,-31.0451551295238,-69.37493375757022
A,E,-10.712734642187135,-71.94310868903898
A,D,-4.24434295904481,-89.33283439482506
A,V,-11.78988618981288,-135.90690876960588
A,L,100.80970712527807,-112.33779269086727
A,K,139.49581193028393,-111.40749898077017
A,A,141.22123035155013,-88.68258822054555
A,G,-140.93262083673173,-130.1984944494974
A,Y,140.39284264041194,-55.36355568529933
A,G,18.46245743072693,60.593256210097834
A,G,17.719255079462908,71.75022933717356
A,V,134.51374687322567,-69.45401068515419
A,K,135.82515819788688,-91.16233686070758
A,C,132.80458109489925,-129.03962309808168
A,V,144.67847792575657,-130.42940584569115
A,E,118.1101830370131,-132.02216373414396
A,S,-58.43708542212028,-76.16635328239718
A,G,-178.32557312271567,72.20992776584744
A,G,-177.88758348649927,-102.33691576441463
A,P,52.84760222320176,-71.51890688247344
A,E,-48.21478075250321,-55.28171409686129
A,P,-20.85736672968384,-78.4001298979655
A,G,-154.1045192684113,-81.68605040259189
A,V,143.05058637837,-128.60527114417727
A,G,-143.06967276891882,136.85504780754584
A,C,155.22455388632824,-125.6556927405091
A,A,-113.36655462360547,-76.49026393662693
A,G,-80.21540156720847,53.52374012097056
A,R,-27.177783395540043,-56.56829229048261
A,G,-30.201667625217375,-63.81616503093825
A,V,-34.60863416620306,-75.13655732950852
A,I,-50.95644363344457,-66.90103119416268
A,T,52.557856716042465,-84.3099792184842
A,A,-51.88312915135589,-153.04673033194294
A,I,-11.856301838906028,-82.00135968611316
A,N,-42.13288409869483,-77.41664342286222
A,F,-48.57035292061917,-57.74712424845619
A,L,-40.35512873149854,-60.7809550880564
A,E,-48.43564400333431,-61.055966973805006
A,E,-36.03855747586261,-65.36599077033924
A,E,-4.961841890946968,-85.65501506411562
A,G,63.35531025294796,69.37859535940656
A,A,-22.72456866924921,-96.37171197207434
A,Y,74.4991606998558,-85.27597345525335
A,E,161.3823766647691,-87.89249506383129
A,D,-39.43500085512945,-42.010581139200745
A,D,32.28669965526547,-103.87006389417722
A,L,126.65473922620816,-94.85085020341258
A,D,-37.705379205193665,-88.0219031933603
A,F,151.06037718512957,-143.92034373010463
A,V,118.94356129113764,-133.92831747564156
A,F,127.86159457762645,-107.02210412192812
A,Y,133.08734210795004,-105.41046160786645
A,D,89.39559067146259,-110.59793647862239
A,V,-131.45167151511754,-88.28820589420452
A,G,-113.71138341947402,-149.15638535988774
A,D,13.272316644551818,-114.67597182353481
A,V,133.2734347296966,-148.61213843287484
A,V,57.28735484574034,-103.13136409899708
A,C,133.03054370802553,-128.7900216116723
A,G,-104.49877626319444,52.25521160574822
A,G,-52.4250598723656,-62.70841349539969
A,F,-2.939636637875571,-73.20141840953487
A,A,-1.1770928538085002,-106.9037969914786
A,M,-18.486328248233164,-79.2862550523083
A,P,3.862215871154329,-54.708667466069066
A,I,-7.853891998859742,-132.5536625067972
A,R,178.13335040102433,-59.415683424758676
A,E,-49.89200155356044,-35.43143587341353
A,N,17.76185265405231,-104.38052142314689
A,K,-149.38394284861795,-118.54726666945771
A,A,128.610416349418,-61.64732620875309
A,Q,-18.541148875499534,-91.17410294230697
A,E,136.52061987812365,-134.37090646997012
A,I,132.08272172499767,-126.784352256555
A,Y,130.1443926672434,-122.64250516787986
A,I,119.08893503874194,-100.52597621112449
A,V,126.0141923977936,-84.21182108506653
A,C,-178.92757675470926,-144.75416621128946
A,S,-176.39890250262908,-153.24220452180873
A,G,-13.859780814212066,-62.194720760075406
A,E,162.33127615532325,-80.69250346975589
A,M,-42.35489496030851,-61.391102492786445
A,M,-25.24089006342671,-77.27184240644394
A,A,-42.67304923650598,-73.14049518669658
A,M,-42.08411211482883,-65.89863914209347
A,Y,-34.89378729001239,-61.88173999082695
A,A,-42.9306327207735,-68.12161675048841
A,A,-41.874251153713345,-59.86129427078906
A,N,-37.312887978677296,-67.97655765601975
A,N,-33.05294216445406,-78.23645334261596
A,I,-43.119441727289114,-63.0226840938011
A,S,-30.070487789644055,-61.633222695406225
A,K,-39.07991789724078,-69.67280650855949
A,G,-25.287352260682763,-68.32283419568721
A,I,-39.77637469838504,-77.9522671062735
A,V,-30.449227682924576,-69.71229713426817
A,K,46.126198838799326,-100.81089722856262
A,Y,144.38440872718206,-79.88510791864336
A,A,-89.2512969927743,-32.14780826256319
A,N,167.385873423102,-118.8987072981691
A,S,84.29281788157954,-66.85293072244355
A,G,-112.989269024902,-100.77345109053907
A,S,65.12953734566536,-168.47929283678334
A,V,123.40008809725673,-108.24664750188286
A,R,178.4947237575243,-126.3599513680781
A,L,117.40370333021698,-111.493099849413
A,G,-20.779781283034712,-86.21299182346914
A,G,174.25216827300682,154.69025725971812
A,L,113.18649931960258,-110.45271475193547
A,I,112.57908454267286,-88.32523916649816
A,C,112.70649075047463,-88.55476064367151
A,N,109.39500394064851,-93.98362458243925
A,S,154.10826030008684,-46.83484972593611
A,R,-22.283996202797496,-159.88568822359667
A,N,-106.65588526804157,-117.01229596588229
A,T,-129.15214502288003,-157.94808604720092
A,D,26.80121860855929,-99.6195803653781
A,R,-24.817778004036093,-115.13924671696945
A,E,-37.80043040441348,-67.13128378372379
A,D,-33.15303424699782,-66.45779219098091
A,E,-24.357923224291703,-70.65360552848267
A,L,-42.104537077476024,-74.19406163455908
A,I,-34.3231273401448,-73.78126412321309
A,I,-46.40736139303374,-65.2761403178829
A,A,-34.10819142526078,-60.096347248854116
A,L,-42.616344466208886,-72.79189572700939
A,A,-47.22835830211442,-59.43966530315619
A,N,-39.18303242439889,-61.90157991780575
A,K,-31.522301242435116,-66.63968575158208
A,L,-8.450881164420093,-87.52045688372094
A,G,14.667456510478786,84.97233571900264
A,T,-160.52999013811797,-109.4002808295928
A,Q,162.40737644364756,-128.58914134321347
A,M,100.1625881793916,-97.17841874889278
A,I,-20.114011002069873,-66.9732191118712
A,H,143.28744737214248,-172.53721562853903
A,F,112.06397074033504,-97.90807742893321
A,V,116.62798387850528,-90.0138520411663
A,P,158.7356447413166,-65.23563303764305
A,R,112.87046687756543,-93.39619424548263
A,D,138.22830431781227,-135.9034123391039
A,N,-22.1166619647828,-65.95669527788482
A,V,-29.725661289370468,-49.753273247454025
A,V,-45.697585786304415,-61.622334895922016
A,Q,-33.289444343727304,-70.2890325922611
A,R,-36.65503760803749,-65.42683523533614
A,A,-40.83507021801782,-74.00151069486792
A,E,-16.707878935568157,-84.78648798646488
A,I,-22.58845735772614,-70.36961905980891
A,R,12.156368305873478,-95.94813988689775
A,R,43.15920213176058,53.56962147726944
A,M,170.34005440100674,-137.63693758784373
A,T,163.3477588136163,-86.31516234345092
A,V,-32.01560251359398,-68.20062015221124
A,I,-36.087536048430245,-63.28970771594675
A,E,-52.176586344412975,-83.1900059966116
A,Y,-43.94091568328353,-63.2790839120026
A,D,83.73927944824656,-145.41246749651359
A,P,-27.51699565906962,-63.20123339648716
A,K,-5.581271667627206,-91.01991532859685
A,A,152.1393301560285,-63.48178975048598
A,K,-29.070704908358206,-64.39659658241742
A,Q,-32.000994879037535,-70.2807558631276
A,A,-42.44464563230435,-63.474308729088506
A,D,-15.682051332318892,-68.4783748460231
A,E,-41.16977336676264,-78.22122117967334
A,Y,-25.398800377640814,-76.80474111393299
A,R,-29.20762280448201,-72.3419010667922
A,A,-31.868005938039982,-78.70396212110556
A,L,-44.66021089695847,-66.83864792450899
A,A,-43.499806397939544,-59.80757177534709
A,R,-43.261180349794444,-63.73214580682361
A,K,-31.908328203458527,-65.72672206845584
A,V,-40.172601847689414,-75.29616078985237
A,V,-34.55371748832496,-60.867936368154126
A,D,-3.378395625504266,-95.3664063706799
A,N,118.80290145497291,-65.09806946650458
A,K,41.75876667170053,-125.99567160199315
A,L,76.37075958790453,-135.27572776272658
A,L,117.71746802585218,-103.1493633083836
A,V,166.9126030405554,-117.06170985733606
A,I,103.7452885463655,-112.58913076640754
A,P,163.12751072410583,-67.08863050707151
A,N,82.98399823139168,-125.95142340677667
A,P,153.74459590185666,-61.10020437048452
A,I,158.48361279237167,-100.19751304165823
A,T,164.17711230539717,-79.81244420040383
A,M,-17.521679131281193,-66.80739899442939
A,D,-43.36912105851475,-65.56992540459673
A,E,-36.5582774813179,-73.64997156503692
A,L,-37.719398102777795,-70.23010034507686
A,E,-34.99082519078229,-62.939762480462264
A,E,-46.25014183977121,-64.82895204796581
A,L,-48.68286067294679,-61.382014508806755
A,L,-37.66049371246876,-64.70943791626367
A,M,-32.640002060775885,-65.51546909732986
A,E,-23.41228458255902,-66.01738934955824
A,F,-87.93761577637774,-116.01563596448321
A,G,-41.41231263107678,-144.8184096137057
