Chain,AA,PSI,PHI
A,E,123.09370965744158,-69.82001113574474
A,S,158.7824102104603,-71.5954655644888
A,R,-38.77773243732502,-61.465274618103436
A,A,-47.56387880667308,-59.34970746730743
A,K,-34.56332922237725,-67.74168116822314
A,K,-38.80977836607582,-63.086397654600184
A,F,-42.08588545950372,-61.92615145815014
A,Q,-42.57542831090707,-64.02298604158496
A,R,-45.0808320214796,-62.55407454426127
A,Q,-22.56795241498177,-82.84694191953783
A,H,-2.7664989431207174,-137.58608242270867
A,M,141.48717015433908,-113.71319480560989
A,D,77.63129216428923,-145.09164205286083
A,S,-23.24546069983073,-81.13676816516147
A,D,-24.645078782418956,-96.82084455071704
A,S,170.0313261491138,-78.49222342732088
A,S,153.07255770341163,-58.689650152319984
A,P,-28.550800454211394,-59.8227847129126
A,S,102.43890886082842,-94.13074380877947
A,S,116.09870607582207,-70.60092773397893
A,S,175.39185218372253,-77.77677630577877
A,S,-25.206613131590043,-60.69961301540657
A,T,3.758684790743364,-105.19296162737929
A,Y,-50.79790372208942,-48.04705233241925
A,C,-37.16392036179313,-68.97817201800957
A,N,-46.221564483479064,-55.49363660773454
A,Q,-49.867003581336775,-72.9813619778197
A,M,-40.02884134311382,-61.98093052830395
A,M,-32.25758940143024,-66.43804325078172
A,L,-51.40697650971948,-73.13402152836471
A,L,-43.34873928843733,-53.930349455171374
A,R,13.241738568203074,-90.72928815448076
A,N,41.18951666097978,62.21285824615687
A,M,14.123665151973356,-107.5889189665066
A,T,35.202907193911294,-130.55727016280767
A,Q,103.06296862201494,-86.14070525640757
A,G,-3.3432650795406715,78.13211841398451
A,R,158.93350942903598,-165.00723837534792
A,C,110.5422186237736,-102.12335965832722
A,K,125.79520959734168,-59.87796060103484
A,P,-41.80642460136066,-62.14756909291424
A,V,131.90150867646565,-144.14162970936067
A,N,145.6726617940967,-144.7851402027115
A,T,129.23860302321393,-114.96739485026816
A,F,142.34191993435635,-109.29615620501022
A,V,121.75372053719707,-105.22971597881134
A,H,69.56605524543109,-96.58421251411612
A,E,162.72999245528666,-141.5775746374126
A,P,142.8733722269988,-59.747161024553115
A,L,-42.442613328913474,-56.188279388567175
A,V,-36.660970264333585,-59.649044273280154
A,D,-36.80515145220849,-66.0750668463646
A,V,-41.41939501235626,-75.58170491500456
A,Q,-38.93279356723686,-58.84479228632101
A,N,-19.67650286454139,-63.658171562958046
A,V,-29.188394697163268,-57.145234702219625
A,C,-5.882168752126575,-64.88939945386458
A,F,22.71076385297069,-127.83971593781918
A,Q,-134.39101381825964,-94.9144101151896
A,E,118.77957014516385,-77.19442939191472
A,K,127.00468686814914,-74.44661007994557
A,V,153.72964036776523,-137.71939653733713
A,T,132.07803977034953,-69.04263602066787
A,C,156.41913684072773,-60.66168690339167
A,K,-21.920990630473813,-60.14408558436063
A,N,-7.707010920959153,-74.77621381094087
A,G,1.598983979110661,83.26573296574884
A,Q,61.01802022421804,-150.06139503695456
A,G,155.39160858585967,-174.85451113021776
A,N,120.41938373713204,-85.37135926310803
A,C,173.06609041395006,-121.40206149894688
A,Y,132.06169046436355,-133.79843787105003
A,K,131.73700109831006,-101.02760218029374
A,S,134.00934534802957,-63.50481722472846
A,N,-39.73256441740232,-59.663708524780986
A,S,150.9587407433876,-100.52814670226122
A,S,136.2446601227463,-71.98905813162864
A,M,156.98934658715152,-114.95632617274191
A,H,117.13696501422646,-72.06444771102518
A,I,164.746839334306,-128.91219495514923
A,T,125.86240149821766,-127.61489955446496
A,D,132.89843244115397,-93.4784577830748
A,C,117.17793019516502,-105.0057404651253
A,R,121.85019029904866,-119.10012376849456
A,L,130.8209405977547,-60.05608512421624
A,T,146.88802658437234,-70.4488884886819
A,N,-38.837184084946344,-54.396384376199244
A,G,-2.891922979737077,-78.71973642172345
A,S,135.854861062114,-76.11424181819744
A,R,136.74639026386276,-137.6257411520467
A,Y,138.5941644310134,-50.562735836382636
A,P,5.492821234441333,-87.62530753152642
A,N,70.08901430908278,-84.37678517824229
A,C,90.93219983911153,-92.55963554846277
A,A,143.20487749845498,-96.33918186067663
A,Y,146.14199289558613,-129.66298397473298
A,R,133.3446352735,-85.71926292466436
A,T,121.70726415886446,-99.81734615357861
A,S,92.16483970018542,-129.85233640360505
A,P,139.4949409439672,-71.03941286973158
A,K,169.96869262684865,-160.04050870659205
A,E,119.66677947188953,-112.48777173123813
A,R,151.27082618064614,-145.26824836031614
A,H,148.83175155933364,-71.17037291200702
A,I,150.5971018834492,-108.44370586992876
A,I,125.68621657822939,-123.10070772871622
A,V,153.81872814510095,-130.16006668604882
A,A,138.84866609227947,-97.14524564181222
A,C,154.22080246085298,-119.94061174553751
A,E,164.03059940371062,-161.56863206881923
A,G,-177.7546294558421,85.75933894473602
A,S,118.48443009170916,-131.1099913331092
A,P,160.74825712755606,-69.4100442582217
A,Y,106.6933383751452,-87.29697997111646
A,V,160.07497496249027,-134.06479275658137
A,P,133.2258813967001,-60.96835359601285
A,V,-10.415758466434859,-121.29023971965184
A,H,133.4804077642157,-146.83493244066034
A,F,111.13084980481354,-88.92110253442199
A,D,-43.56844301439641,-90.8726593912198
A,A,169.743215503262,-170.46846835828305
A,S,159.27379815814146,-128.20776875506763
A,V,127.50487855037615,-127.60869070804479
A,E,109.49842917549277,-101.9139302334409
A,D,139.26067301062093,-71.60103067529931
A,S,151.6222435502676,-70.850482097102
B,E,133.84166460738732,-58.43800663844515
B,S,154.9790489522181,-69.58696242191883
B,R,-45.52518557959343,-58.17103924800588
B,A,-46.73192291051558,-57.569612197703776
B,K,-34.09275322467512,-69.22392689240517
B,K,-40.37233339297782,-62.258355524438294
B,F,-43.71458127823821,-60.10105111726426
B,Q,-46.80521791635153,-60.21874575534284
B,R,-41.570421764715384,-64.55006568263222
B,Q,-18.793205965121775,-83.09925116451664
B,H,-8.174364986492376,-141.02945001111388
B,M,134.64472736116028,-107.49144976857164
B,D,82.13687906259403,-142.71184084081992
B,S,-11.569460417248857,-76.86300267391121
B,D,-36.24609681742039,-103.53160617281786
B,S,163.54798556596447,-70.25883649268195
B,S,131.99978146101566,-54.904947696270085
B,P,-26.79894844761434,-64.5674047629672
B,S,85.17225566389415,-86.26007621986557
B,S,131.1421194412903,-66.42315470331555
B,S,168.6816054015821,-71.68493092847145
B,S,-24.877758343857113,-62.867219046992915
B,T,-8.22850794876541,-90.75008013634135
B,Y,-54.22809652970656,-49.46451335828986
B,C,-39.05543674745256,-62.97726762345766
B,N,-44.73904563348612,-56.13201048503931
B,Q,-43.27309231240234,-69.09879459216899
B,M,-41.548445185315366,-69.69715071396078
B,M,-30.426171449515333,-64.4699592689538
B,L,-59.1835953612202,-71.61969923877824
B,L,-33.89769327929762,-56.90381301010654
B,R,13.66359067145749,-93.3539141970111
B,N,46.09073203561985,54.05606191627754
B,M,13.360936275967898,-107.65685829861702
B,T,20.212526819039763,-125.40503818422003
B,Q,121.504545099079,-84.14647943287957
B,G,-19.46215695033495,76.05054413695451
B,R,151.76068754249593,-162.10693465063696
B,C,105.22037947131479,-88.14399038506481
B,K,123.45470768611906,-64.05538875112175
B,P,-40.524914390102104,-59.22478293808452
B,V,138.25369560462607,-144.6092368813744
B,N,138.24419871811813,-148.45721893134822
B,T,135.61015654023274,-112.11050583374177
B,F,137.26677302963503,-112.44854317604117
B,V,123.93716242495961,-102.3468779362777
B,H,69.0774316121897,-103.61494816637503
B,E,160.46351602787198,-141.4273838152074
B,P,139.4837467865217,-56.73008802751852
B,L,-45.67274582920381,-47.07282517628183
B,V,-37.313031063691874,-60.57114961801245
B,D,-38.52958799352906,-65.6457757669632
B,V,-43.53328298206394,-72.98140858096892
B,Q,-36.663208894455714,-56.41531651608774
B,N,-18.129610563245603,-67.74897635904537
B,V,-26.29443830115315,-61.74885910648154
B,C,-15.374108277624767,-62.549966954545496
B,F,27.916237140243645,-119.29991599436424
B,Q,-134.45584046026158,-107.96296710017903
B,E,116.20816406154525,-89.0061686039366
B,K,127.90977028461765,-70.31619750044914
B,V,161.02465076933476,-131.78151814013427
B,T,134.95014160552714,-61.54349997261626
B,C,132.65553406247153,-63.4216384542632
B,K,-17.565040904633065,-90.7892960620064
B,N,48.482762700669404,-141.9811963016359
B,G,-151.32085020375354,135.62112716763252
B,Q,175.0045063233354,-132.4908442357454
B,G,-164.43981627564932,123.49288021000237
B,N,110.76546842600943,-110.0831918354418
B,C,154.6542915580517,-105.46352952755136
B,Y,133.93324158513246,-138.56004419906466
B,K,131.66880654475193,-99.20084897933212
B,S,130.54697947822794,-63.59823872750096
B,N,-25.364189493559586,-65.94112838965461
B,S,151.03140771282216,-109.54449740487986
B,S,143.83190881352687,-61.497149908277514
B,M,151.35865279914552,-131.63958570459727
B,H,120.65099800350279,-72.45583106732644
B,I,163.34859994565164,-130.57445914479484
B,T,123.71719423691762,-124.5805723746844
B,D,131.75431205332123,-89.74369849935168
B,C,120.8358851117532,-109.53978785044451
B,R,125.6789644491395,-120.269786092892
B,L,130.31177102091738,-56.35852071155498
B,T,157.50596097992727,-67.4900837400596
B,N,-23.90706712606587,-65.09545157512589
B,G,6.092083410461903,-96.19907058163173
B,S,137.20995980814328,-96.77738048934778
B,R,155.01766073413137,-150.13377767934725
B,Y,137.43088199560492,-53.332598085660365
B,P,11.170192474014874,-87.49320424244131
B,N,77.99085233269156,-92.82423643966098
B,C,102.16840608812197,-93.4169091295887
B,A,147.23458870138538,-110.93761843825936
B,Y,145.48606072813152,-128.42905835796054
B,R,141.85634006570118,-91.23659441393934
B,T,124.4753496774686,-106.86618181583518
B,S,100.29625650345666,-131.29122913126574
B,P,134.15768837584153,-72.63523389822403
B,K,162.8649202474217,-140.08048185289275
B,E,105.34611806067038,-120.95882115967687
B,R,162.61665724716923,-143.49662823921355
B,H,128.69627484135978,-80.69328975310087
B,I,153.30374924367763,-89.78276431340346
B,I,125.27136045814336,-123.19924141234897
B,V,151.31473088065462,-126.86089084744542
B,A,135.9284523652052,-94.95805380662604
B,C,147.35975286657745,-119.75547428782261
B,E,162.5209262824048,-160.73689765808558
B,G,-177.5783984019111,94.36415314918835
B,S,113.45325275493755,-133.7274110229254
B,P,155.02562746298085,-64.40740026453986
B,Y,102.61022096592363,-78.86726670666029
B,V,162.87821969243228,-131.04736624334328
B,P,132.56358486398335,-66.88413585468025
B,V,-18.046278794150798,-124.41533360969136
B,H,145.64102628946057,-139.85791381916465
B,F,119.9349996306373,-95.53075238418438
B,D,-59.36734274602329,-92.06832314910517
B,A,175.5394777542106,-167.1290820854834
B,S,156.5243520059268,-131.9789363998496
B,V,135.70847525261013,-124.4198320448389
B,E,138.54171993421974,-57.24662956806446
B,D,138.4207568596734,-76.62375989660481
B,S,157.86808833362267,-149.62356697032166
