Chain,AA,PSI,PHI
A,V,112.82478379808975,-92.71018354162591
A,F,155.0365488576817,-79.82745760937168
A,G,162.21601286172958,-90.61189348659462
A,R,-57.15435494808643,-57.583882756027286
A,C,-32.357201986194916,-68.83950222011894
A,E,-39.595274482163184,-64.32338825210374
A,L,-43.62755685985133,-72.97750700465313
A,A,-50.60347868201617,-53.633897800976946
A,A,-40.34871386887894,-61.97065916035456
A,A,-37.39348115852552,-62.23291863297778
A,M,-41.85731764174309,-68.63426492271145
A,K,-45.43474038461247,-60.4308075355423
A,R,-34.35923585578366,-61.97730851310731
A,H,14.280693234484428,-87.41040142222936
A,G,21.89192062878997,77.21683391894096
A,L,-23.00598627266634,-81.10941545913477
A,D,111.26754406777039,-62.260654893597355
A,N,18.479077830600726,67.38681246401033
A,Y,125.75688763388554,-65.51504873787704
A,R,23.357226008428995,58.522436088648945
A,G,5.172630147372306,87.36698270883616
A,Y,113.6911765906441,-99.58324602555646
A,S,157.9528979304797,-61.82754876711251
A,L,-40.932753507524154,-49.3728892066124
A,G,-32.9509947451612,-53.79512175412787
A,N,-45.8247144872901,-63.39664899186654
A,W,-38.934687422914564,-66.7619937196237
A,V,-40.378414936498274,-72.70406110652237
A,C,-37.50426244059921,-65.27977854866238
A,A,-44.64546730726423,-62.154719224785865
A,A,-43.37669072507443,-65.17821977091556
A,K,-46.0729230559343,-58.867732154830534
A,F,-23.817675559974166,-81.953327732608
A,E,-42.77684737807817,-78.16580572573505
A,S,-2.7811092409986746,-131.4643606815714
A,N,34.351340625652774,61.151026838672145
A,F,17.621506919400154,73.50698264205013
A,N,114.43468577963552,-101.58333756859362
A,T,-22.65565639066471,-65.55353903535762
A,Q,4.002022895270444,-88.72688875901515
A,A,134.74899521290627,-63.02499639370931
A,T,147.92144575542991,-132.86262268261905
A,N,129.30120339503904,-148.8291298269051
A,R,138.91118625055216,-88.67057864551967
A,N,159.0112395907987,-97.65867056393286
A,T,-32.06815759550633,-61.21465428948784
A,D,0.8422221630451548,-71.9589319572083
A,G,-7.992988417328989,92.72181956852343
A,S,169.53333015940063,-79.87576096454686
A,T,146.63645539776465,-133.68714884680898
A,D,137.90251886439623,-101.48477984835243
A,Y,136.26913861956254,-130.56291616498626
A,G,-173.31000026424636,82.57025798496855
A,I,-31.94712146630506,-57.16851551689739
A,L,12.399402494047179,-110.91993371393606
A,Q,54.269677366087826,44.25015042831376
A,I,129.3740052926735,-76.52096000502968
A,N,135.6525915120713,-86.99089248294852
A,S,-7.409870567558886,-80.35112491037816
A,R,-31.096908066277912,-69.21856709001352
A,W,-29.29674423247106,-123.61774138465022
A,W,-25.906982205897144,-107.25420866152912
A,C,160.10654193228393,-142.4333405376714
A,N,123.38631738692361,-100.73084103677705
A,D,4.012751454522466,-117.11472289668394
A,G,8.544034687743533,67.2639946844937
A,R,24.077968717061616,-142.009860861741
A,T,85.61946335652776,-122.04000789242939
A,P,132.8860748885857,-48.789614504094324
A,G,33.156538957587756,66.12460682151861
A,S,162.9629956385527,-104.18340214025696
A,R,172.8969876042062,-103.79094124885934
A,N,61.93656711973002,-137.63052495023587
A,L,-26.529367100611857,-56.191837148611505
A,C,-4.413390256987014,-91.48625169112086
A,N,47.84526046290348,54.19066364736548
A,I,153.0159630280917,-142.76419336161365
A,P,143.6991883952074,-73.04174555040339
A,C,-29.595895215541095,-57.04813451429792
A,S,-28.92207041307966,-57.24359119659275
A,A,-27.352785864606012,-60.62456498452315
A,L,-4.444336318793807,-72.72666968923454
A,L,-2.0024142269282983,-107.93953448466635
A,S,156.61010809154772,-61.31223091484769
A,S,-19.616596557595464,-72.82976613975248
A,D,121.42905945613411,-91.3027663815707
A,I,-0.17039990665997382,-83.75346445452152
A,T,-51.180975235680854,-46.62730911232981
A,A,-42.79474279404578,-61.30783843163323
A,S,-43.66509206720299,-60.17796203628733
A,V,-43.66336915327592,-67.64232529005814
A,N,-43.05830905536864,-61.297684158485026
A,C,-34.93854018495125,-71.68374676066412
A,A,-41.38461309118871,-60.77738134058504
A,K,-37.6617008821402,-60.15617080044944
A,K,-37.26377206523273,-71.50580127195073
A,I,-49.206540615374294,-60.813566770179776
A,V,-15.690766543389811,-69.31144139034029
A,S,-10.172799147681639,-92.03841708325143
A,D,-9.68066048752615,-60.947545018148006
A,G,-32.93652604931052,118.58596355309501
A,N,0.4136538016122618,-94.35440171479408
A,G,-140.24082671398648,57.076503622387
A,M,-7.715140168969269,-73.53441387986582
A,N,-12.114620591404563,-65.731445022677
A,A,-25.125040109548,-64.01298844064934
A,W,105.01074778325756,-100.49448017035289
A,V,-45.23823025981562,-55.084408270329824
A,A,-35.70261715840886,-60.55582843007903
A,W,-48.67061360936565,-64.80995693666699
A,R,-38.52831662579215,-64.83436930560163
A,N,-21.860833615690805,-86.76212932689106
A,R,-15.467304789817453,-126.91680136511029
A,C,-44.79634518463623,-115.13362088711864
A,K,127.33573022154994,-52.235588164715416
A,G,8.162430570762965,74.49395012946863
A,T,174.9081859125302,-99.58820461734348
A,D,80.03595719285077,-77.26842068174624
A,V,-16.87398618733152,-69.47994594388636
A,Q,-29.754061205453255,-62.534479531180295
A,A,-27.14784442337356,-56.633468146709454
A,W,-16.95392807563949,-71.84921468964004
A,I,2.088615540536181,-111.70193882804301
A,R,138.28429858829767,-61.57810116235192
A,G,-8.618397170430342,82.87752242874778
A,C,149.41385322687532,-82.0122652645142
A,R,99.07189312115639,-93.87233903143364
