Chain,AA,PSI,PHI
A,A,104.28052476066031,-61.21986252730329
A,Q,90.48478750899436,-155.68261636176777
A,T,120.85459731748676,-93.43306203291635
A,I,129.4564718334104,-83.96495420229172
A,N,126.31863034062474,-117.99310356708183
A,L,168.61437188592765,-158.28842030467607
A,Q,148.87536431383384,-100.62485229063263
A,L,104.86835704635128,-123.47417186143876
A,E,143.7930231001293,-99.52973893207252
A,G,-16.054074503353405,82.75542967192902
A,M,135.35360279783617,-46.33925110069795
A,R,-23.58180698701327,-169.3189034078224
A,C,176.17258858564705,-162.597845443091
A,A,-172.8957154965367,64.82120079303368
A,A,-8.36649667916297,-69.48871497236883
A,C,-16.86183290948793,-51.508009593327
A,A,-79.40106879435069,-73.9090675362541
A,S,-17.374684082248148,-66.07658324167235
A,S,-16.66021270466541,-63.04050529896505
A,I,-62.25679511633847,-66.81124355441841
A,E,-45.88374073170669,-53.49444490941414
A,R,-21.955865603024673,-69.83066533660318
A,A,-43.16655372817688,-82.1832574088992
A,I,-28.32173441060378,-62.53821690540777
A,A,-12.652818790938179,-51.41705980385442
A,K,-10.548352680539555,-95.05940156724112
A,V,129.4167244485203,-71.63101828312502
A,P,-23.00533455745469,-64.70897412967787
A,G,3.006410131218209,-90.07358773526417
A,V,125.55447119002153,-62.13665799891106
A,Q,-11.005984646240051,-134.06842379501373
A,S,131.389883599894,-174.02433706855487
A,C,138.00524687424343,-123.11187986029047
A,Q,132.83076755094703,-151.0528473471908
A,V,143.4957443083419,-123.02538753067452
A,N,92.1778564948459,-114.64204523530198
A,F,41.67189872672558,-77.06163257852393
A,A,-30.7614031191701,-151.84360022050262
A,L,16.0194145560219,-120.98892535763562
A,E,-7.354583034425698,70.67493320959484
A,Q,152.36897161318868,-76.46627957039267
A,A,153.8769954113844,-117.75460040263796
A,V,125.31600902789829,-129.11151165719116
A,V,132.3271073911324,-148.66769000826642
A,S,122.9333319490606,-102.05848031268552
A,Y,43.6620594617836,-151.60578130753763
A,H,120.91568871149904,-137.3901535661175
A,G,-117.91507991660258,-89.91525488795051
A,E,-37.18234280418129,-46.07280182204384
A,T,-178.46859953059592,-149.49362041283277
A,T,110.7969717228794,-100.67640982716844
A,P,157.83283943526766,-90.67147634565866
A,Q,-15.974846214453693,-60.35059236139164
A,I,-23.28990100060065,-53.61609768763853
A,L,-36.316498559144065,-53.94550038427691
A,T,-48.644058375093806,-91.59397702633478
A,D,-42.602641919476234,-46.60723152269237
A,A,-3.8983805427489595,-70.89231960698764
A,V,-37.14235864050723,-97.43985016757702
A,E,-41.4101856205278,-59.73457884290819
A,R,-18.03884151485599,-47.300785129274
A,A,-11.442949267543757,-97.57260203516059
A,G,7.065343798049406,87.00560847667934
A,Y,154.0101521133597,-118.65897097193084
A,H,151.60228849354476,-113.28309798784763
A,A,132.4294683629058,-87.94596572299601
A,R,156.87444547416177,-138.4457386028258
A,V,133.77336341957954,-72.2935930777424
A,L,136.35496889823537,-86.25464387242182
A,K,145.48980679083846,-168.35031227768528
A,Q,-96.35823448026525,-141.7979221815067
A,A,27.244638849851484,55.27061517253307
A,Q,58.54042200864486,-78.15152847665071
A,T,140.1133579767276,-99.06202047863269
A,I,129.17179511489852,-98.48585134344498
A,N,135.85586573940304,-122.47821430941349
A,L,171.34819216641293,-167.41402145790366
A,Q,165.33428578887103,-100.9018125774565
A,L,125.17067338330894,-122.01333160938441
A,E,153.9319368898923,-101.49619687695122
A,G,-20.884652435775916,76.05783842582093
A,M,132.41130095206475,-49.269267741573735
A,R,-13.228677075092394,-176.78727888478434
A,C,-158.56581533942602,-171.164524911274
A,A,-9.985474404496513,66.00425799200494
A,A,-15.290251813794223,70.93003730840256
A,C,-21.219249277863273,-46.933050601662465
A,A,-51.46627449509658,-56.99916497784455
A,S,-12.008456722410166,-72.70027001254458
A,S,-10.756589914318274,-69.31335672195708
A,I,-56.61506868793864,-75.54682816616403
A,E,-45.969933387146774,-49.54407944106633
A,R,-22.685187738074536,-69.19208347677025
A,A,-44.289816091320255,-85.32836283115454
A,I,-25.872423510017416,-62.89273184879119
A,A,-13.652602394394505,-49.56144676114446
A,K,-12.181066427078042,-95.66576591593594
A,V,126.31983102927377,-76.71276687110586
A,P,-23.1074908569366,-65.37314038722629
A,G,-0.49301950246343595,-84.28400847805113
A,V,124.9020033012346,-59.935780568994545
A,Q,-21.40467200999443,-114.51882295222784
A,S,146.23027620003978,175.20676984026085
A,C,139.39843287313133,-110.08787866653877
A,Q,118.05309028396988,-149.12757218373045
A,V,125.67161037531758,-128.78475669848612
A,N,93.88660095102135,-99.82568520531579
A,F,55.94236541682861,-74.08446346805383
A,A,-49.458255982619136,-155.21077022344969
A,L,24.687440305742346,-99.87779899226628
A,E,-11.165555828377444,61.49820872654341
A,Q,145.7632996927598,-73.52561932236598
A,A,147.16834749235474,-110.7947882553594
A,V,125.67221198131237,-133.34076844029738
A,V,133.24077111132422,-151.6071858799341
A,S,121.40082136933425,-105.09139231275532
A,Y,39.81782491403357,-145.03144184027033
A,H,140.65286338970796,-146.83744728477308
A,G,-46.179645050438836,174.83675707588435
A,E,136.2430935942844,-74.89731786994527
A,T,-76.10849968773522,41.96092986386259
A,T,76.928085066454,123.85602610229869
A,P,126.8371926683934,-77.64556227482119
A,Q,-12.82884303797462,-62.32093122313707
A,I,-16.31240343044604,-46.08839577144246
A,L,-33.18860313732738,-48.96267074182544
A,T,-42.478826918574875,-94.92725012121171
A,D,-46.25241178306574,-46.678475779865934
A,A,-9.5002528926737,-67.87118303630122
A,V,-34.44588679313175,-90.95136716192404
A,E,-28.322196014255972,-70.4754978713951
A,R,-21.247351399644806,-51.08685128782143
A,A,-3.4407486737014006,-97.25300483866984
A,G,4.604556912164339,90.53851915254538
A,Y,163.6800447546633,-114.14682171324897
A,H,179.28520893431886,-128.99627221724788
A,A,123.01188180866154,-103.70660576601725
A,R,110.40998508092484,-114.35633091297017
A,V,135.95899974577435,-64.21562532182702
A,L,156.63487136253218,-90.76512457370114
A,K,121.95909493257683,-147.68801878923855
A,Q,-116.49759265522938,-89.9067204204419
A,A,126.69922040429262,-69.15690058040379
A,Q,118.36514579777304,-166.77985223240248
A,T,143.16569003966248,-101.27316360082368
A,I,131.10923958235063,-110.8466906007899
A,N,123.5876449200447,-113.57836676707512
A,L,176.74508745899777,-155.66160816396254
A,Q,159.82906240296106,-99.43354838521346
A,L,94.99374779702187,-131.55396649367384
A,E,150.77306355914683,-94.05082224796702
A,G,-2.605853632014341,81.08425688551722
A,M,149.95699175525525,-55.58173023800545
A,R,-20.698731001147017,-162.7101648951009
A,C,134.4444434301849,-136.38169451123713
A,A,54.60567143405236,-72.89054071944213
A,A,-47.66333644445506,-160.2035500166556
A,C,-34.12517188252363,-57.36461462524649
A,A,-62.15912685845436,-66.76656796404741
A,S,-10.907105217048889,-71.83707557549654
A,S,-17.84122759143275,-64.35415911980839
A,I,-58.723508301323434,-73.84386962531178
A,E,-48.37283542978361,-53.778433042765165
A,R,-19.121223175588035,-70.17252536432493
A,A,-39.34682491177046,-76.2970631707392
A,I,-31.332829037585277,-69.27325821533381
A,A,-15.574361588886392,-49.628872443938405
A,K,-7.910403508355065,-92.24795611816596
A,V,128.01553538280092,-81.40187715109921
A,P,-32.65299758753022,-60.17114872676059
A,G,8.095234029162459,-82.53423091594819
A,V,89.92270111898851,-67.5129351824687
A,Q,-15.672998628384521,-86.77632584502874
A,S,150.78963773343625,-179.49952751814894
A,C,130.06898435184436,-125.17271426786715
A,Q,121.39641121216158,-143.61858588026456
A,V,145.21462981547148,-99.79640693765533
A,N,96.0660062236442,-107.03175971992884
A,F,50.60727877175814,-76.66502287377475
A,A,-40.28780540649597,-154.30949621100038
A,L,31.098107017932097,-118.61429363459176
A,E,-3.2438509788849625,60.50208089425957
A,Q,167.19693665860459,-82.06058079247566
A,A,152.81761039232924,-129.58761774817546
A,V,127.93959378299084,-126.97339505723437
A,V,133.06333219415177,-150.43153869502146
A,S,121.33796030996653,-109.24457874814746
A,Y,42.991936248061364,-144.06810452558972
A,H,139.97124770513332,-148.53860408747127
A,G,-33.32914641905347,-114.00000522743471
A,E,-128.49145657974057,-135.85420132071528
A,T,112.715124528744,-75.30109452887125
A,T,89.10912157323614,-23.482476580084573
A,P,104.13274235245053,-73.74641010045394
A,Q,-12.25749005522066,-64.51238022561489
A,I,-20.638541031523207,-45.01835571739042
A,L,-32.25875380098527,-46.90379279292175
A,T,-26.80628248147409,-99.64518907753504
A,D,-44.40150986677263,-51.693474565323235
A,A,-24.488032318687832,-65.87264660315337
A,V,-35.70510325448067,-79.24332443125688
A,E,-28.466385101497853,-65.11710689833382
A,R,-27.615090714934475,-48.35859955930105
A,A,-7.059774561215747,-103.19287427014159
A,G,9.316733612214746,80.61731253967743
A,Y,161.894283593118,-99.26808353557954
A,H,143.3738085274014,-134.23306878490922
A,A,116.44373695187038,-83.80943961049948
A,R,124.79296327981308,-115.38984796796325
A,V,127.8913904313243,-78.11502099581871
A,L,9.122976766702248,-113.55139188103924
A,K,68.13560153023985,-141.46810940303274
A,Q,82.85269234247546,-68.9206560509695
A,A,162.80057406405118,56.5883560854975
A,Q,118.65155836742953,-178.86910011255566
A,T,142.7224820189912,-99.43819228503324
A,I,119.70033612100251,-95.91546486842674
A,N,137.20029155439087,-102.89004273423501
A,L,177.9980813628281,-165.25842201494316
A,Q,171.78946680513218,-99.8652569045474
A,L,97.8708875997848,-140.3222195779176
A,E,161.4893258492762,-100.09376110459276
A,G,-11.873290013575671,79.002152545513
A,M,143.90627416322516,-57.587989850104336
A,R,-29.714800901292044,-167.51844224484924
A,C,-174.4910930776976,-169.73026860217493
A,A,171.8130812965998,68.4049773098049
A,A,-8.583495470029309,-67.64463846459864
A,C,-29.350186650780945,-51.162413100959085
A,A,-68.85788016920405,-61.954923447689666
A,S,-10.24707690471512,-71.69375484211211
A,S,-19.564972212407113,-65.09014217384049
A,I,-63.43884469452021,-66.84949213750961
A,E,-49.9141677570713,-49.326963364451586
A,R,-24.72916624224984,-63.85865997879284
A,A,-42.788324845844386,-91.01449439816764
A,I,-32.72236483956297,-58.86267737138795
A,A,-8.194724394153832,-50.353528913181094
A,K,-19.111282993929116,-97.50946636718811
A,V,127.48069269135246,-71.66075270770484
A,P,-16.963612491288266,-63.91033449930527
A,G,2.486611214878459,-91.6852853514897
A,V,89.89611128081442,-67.45434643058604
A,Q,-15.454848965827422,-88.62970133181278
A,S,144.66137963467824,-175.8394276269749
A,C,168.47229646195342,-115.85765770402307
A,Q,141.06395520287606,174.2074849815642
A,V,135.91750880091016,-137.45824934898016
A,N,97.41861042435482,-96.90290619382544
A,F,59.668678512748215,-77.08266747663157
A,A,-50.765931590763834,-164.97528579231178
A,L,28.743677725513013,-105.87903831119021
A,E,-16.67424523665836,62.94495205238791
A,Q,160.06266127446523,-71.48217583276266
A,A,160.87598767459735,-134.32239560649592
A,V,120.66434558799182,-140.67366942530595
A,V,127.87422246971522,-146.4160184496996
A,S,97.5834437133916,-105.50092662212178
A,Y,2.8419053744890035,-108.81863416557567
A,H,117.16822705726464,-89.84236239769595
A,G,-18.064927606455615,-92.10030753628548
A,E,-112.2754363435537,-157.40447027865005
A,T,-175.59633575877874,-72.25969171887198
A,T,135.5568688402648,-170.21111988870476
A,P,-146.74385472702218,-86.23339576833405
A,Q,-5.057333428475309,-59.38244556591961
A,I,-30.318332770293136,-50.58965126970757
A,L,-26.4455533371621,-59.992237181571426
A,T,-35.49629910499036,-103.2172317578757
A,D,-43.73019882784058,-47.19156565079489
A,A,-10.734705623196264,-72.2404193713955
A,V,-29.394020539346887,-96.9772336841236
A,E,-28.425170462708543,-69.96160912128177
A,R,-25.10192553753657,-39.57514230068436
A,A,-6.577935111090588,-107.49962703645066
A,G,-7.656836764397124,93.61467033626592
A,Y,-172.53390930897217,-95.41427523962912
A,H,155.98529836556054,-150.76619971393313
A,A,92.25232441454128,-91.35520097429769
A,R,105.1960348719788,-79.55599763231957
A,V,111.46851693837266,-65.59280637845826
A,L,138.4620677352716,-96.34613597873047
A,K,164.82755696458975,-167.59659820759484
A,Q,-41.74765799954475,173.52355342415456
A,A,28.542876735832994,58.60718995358314
A,Q,52.010101120697975,-82.4524534055471
A,T,138.06022126097858,-93.76933484255191
A,I,132.8871648718605,-80.73716945050494
A,N,113.76856217401642,-128.26682746726027
A,L,176.04693824606642,-148.06194250988423
A,Q,160.64257062015403,-100.38972347134172
A,L,151.21710280160363,-121.40972615422898
A,E,159.35132303109762,-132.75695068053534
A,G,-43.842458306116136,82.1364783046364
A,M,43.0193908183726,10.435518620786066
A,R,79.35036684977457,-80.71050694788217
A,C,161.45769639263585,82.80956360455393
A,A,7.136389967258491,-68.42164348490573
A,A,-84.88143939681711,-71.84486865650274
A,C,-14.992529057609348,-63.12526054368488
A,A,-62.38896516392844,-59.428087536106446
A,S,-13.93483011808664,-70.44766786297238
A,S,-10.384540905755442,-68.35856400634964
A,I,-62.020671619472175,-70.0635667402869
A,E,-52.6115742400358,-51.16792153297712
A,R,-24.707004296921745,-60.763752014761806
A,A,-44.112658519795524,-87.88776468890063
A,I,-27.659061957693723,-64.67689684748241
A,A,-4.099917719044026,-53.46761733577447
A,K,-15.949110234938848,-100.77314173236608
A,V,125.6999418083634,-75.07334662572951
A,P,-27.29822043490099,-63.18382324937823
A,G,8.360399076145917,-79.96060534357174
A,V,101.35919234263436,-65.69164191942116
A,Q,12.120053077647517,-110.12534708690607
A,S,140.85828813284667,148.01148472881692
A,C,129.50079786493615,-100.94912391517732
A,Q,119.76701831263232,-144.6899293515197
A,V,153.31808282936362,-111.20184348561757
A,N,97.592989422489,-128.54525547239984
A,F,37.26750715614737,-78.25610851906094
A,A,-30.90189102936273,-140.71411097253232
A,L,19.134500907590212,-124.52197462065362
A,E,-9.34417632041119,67.02823392934822
A,Q,150.56848390474397,-73.0834430755566
A,A,138.75124888586353,-118.00593866259
A,V,121.08614770534271,-124.78883627459184
A,V,128.7420153112276,-155.30645015797577
A,S,116.19113702696134,-98.22995071479235
A,Y,24.970178265166037,-121.16344749284589
A,H,169.5464237596821,-121.88261513807797
A,G,-151.9078641168931,-102.1702038151001
A,E,49.686522344238554,-72.3615529849178
A,T,133.60344643201964,175.60402528937811
A,T,98.65216600953855,-104.72331930660009
A,P,113.77638547674077,-66.08847806168876
A,Q,-1.0712520811546464,-67.08920773636704
A,I,-18.7965343874862,-49.921956073941324
A,L,-44.82635179950922,-44.225279252608644
A,T,-59.24615787010628,-72.95908965458055
A,D,-46.72061797557611,-45.95194938958269
A,A,-4.368598597294499,-81.99328044821776
A,V,-41.721075972484286,-88.23706281267644
A,E,-27.458509690672276,-63.630484786872756
A,R,-21.847968078511382,-52.44661995037473
A,A,-11.443634132857627,-90.31937307550562
A,G,3.112604622369002,84.69808240562544
A,Y,132.42098602078508,-108.91984093306587
A,H,164.38216811776937,-98.97798848470008
A,A,143.46459489278516,-98.59725468000535
A,R,145.8004917602076,-140.2780277770915
A,V,151.4818984675063,-69.93061420638088
A,L,119.12220860678012,-104.42939113716751
A,K,-146.1283092775143,51.72162187598388
A,Q,154.5608472945042,173.22981214437527
A,A,-14.47566375880895,-62.44900653101146
A,Q,65.5514886494886,-80.6512118304472
A,T,153.4416648606,-114.48219285699962
A,I,139.88890649980445,-121.96691312400904
A,N,120.84662675244581,-122.89636023213349
A,L,166.46749629651345,-142.96069314845576
A,Q,175.53304277810764,-90.06366152099558
A,L,108.7016279043105,-141.03409102549298
A,E,168.63936010405178,-79.73547240242135
A,G,-17.249196822268743,75.07646146935727
A,M,140.85917548363378,-46.50586630951421
A,R,-66.40039194081683,-148.91168739023064
A,C,-159.53244329373968,-172.11100714461082
A,A,-77.16999789233343,74.59930376603269
A,A,-27.0391329649987,-172.6236342483883
A,C,-46.32778678511999,-37.084516588985394
A,A,-60.85450570148918,-63.458521055109564
A,S,-19.156725883873687,-68.09851947728929
A,S,-26.097801531272072,-60.062601865798136
A,I,-58.746479343038374,-61.948174827811954
A,E,-40.057577065089475,-53.117559020816614
A,R,-32.75108373317828,-64.0790298734792
A,A,-41.19623749677729,-79.10557045436029
A,I,-31.653656468450333,-64.32768654199947
A,A,-10.576732106801082,-56.602509423911044
A,K,-16.114340373639966,-90.64691100551363
A,V,127.98569822893978,-75.04599234833715
A,P,-24.040529873306255,-63.69180271663249
A,G,1.2338082015993455,-85.18311507296231
A,V,126.09908568437376,-61.52644178375149
A,Q,-12.098044946362107,-136.4581612606616
A,S,138.192342532039,-169.97886341927088
A,C,119.28511525438643,-137.58724539799178
A,Q,119.03068888016752,-148.89532302012634
A,V,136.09340611783324,-111.50404494616055
A,N,98.23426694134355,-107.73849496582444
A,F,44.30188576844243,-79.28470890764054
A,A,-30.324955262888082,-152.67854456649124
A,L,25.564079915846893,-127.48342300007769
A,E,-12.485843102663953,63.35961211159057
A,Q,148.9411033450936,-71.39151445532191
A,A,137.80636410165047,-120.76405386345547
A,V,126.21043902128844,-122.84932676554259
A,V,138.29375760808824,-152.1122788232795
A,S,120.95756221778022,-108.75806535132266
A,Y,42.108882827114805,-147.4179008823645
A,H,130.4274734131802,-137.92942471365478
A,G,71.10078350697138,-155.9215151161258
A,E,-40.52453990392293,75.23731592450996
A,T,122.2682692048899,-39.07209773643702
A,T,97.01324838009519,-33.50230599223674
A,P,4.679848210865173,-72.47356780846667
A,Q,-33.73172669697686,-62.03964836196846
A,I,-13.061532517085542,-61.09991133530183
A,L,-33.82626648172012,-57.06311277212111
A,T,-46.538666733586375,-80.22869025446252
A,D,-37.52669270526308,-43.858033828598664
A,A,-18.78126176103981,-76.18525159014105
A,V,-41.87977113107966,-79.73700025347465
A,E,-34.59623261769551,-61.36253232119816
A,R,-29.563715322500396,-40.66281959584795
A,A,-9.152641041821624,-102.27689325930329
A,G,-2.277735622155513,88.07414171356174
A,Y,144.3895558162941,-106.36391314636302
A,H,152.17528070569105,-109.11615524392626
A,A,126.40835272683097,-84.3596789583088
A,R,129.0054985067835,-109.45281674112906
A,V,125.52840976775443,-69.9561664819628
A,L,155.71293925941967,-101.31019798166325
A,K,138.70383376043486,-166.5068752429996
A,Q,151.4579020744166,-150.2931484052387
A,A,158.7688897838593,-166.48382572002333
A,Q,140.31371110835477,-94.72502417682142
A,T,151.7728243384732,-112.25495934758084
A,I,121.66881826060292,-120.82253836991171
A,N,110.3596548274404,-151.65554965476372
A,L,-177.5348407529483,-171.79041746005635
A,Q,158.281331594213,-98.82231083330036
A,L,144.3335046770536,-104.38925028438365
A,E,148.10939655484245,-115.6573346405815
A,G,-11.924072449443669,98.03840882729706
A,M,12.91747090702242,-55.48001719928088
A,R,-6.341209231932878,-65.65136816500646
A,C,174.70912049420198,-171.94938720484
A,A,157.19507075808835,67.92961550404219
A,A,1.8846112810974405,-73.06284807459438
A,C,-27.6740096965889,-59.01408490064186
A,A,-60.48481983509092,-67.50969654599416
A,S,-17.268887495907727,-68.2119062181445
A,S,-18.882910244297257,-63.156955262646655
A,I,-48.2297319793455,-66.68543977771836
A,E,-49.256945733126805,-54.197082997254974
A,R,-14.236887197302474,-69.8813473340978
A,A,-40.78800364091425,-89.69389175140131
A,I,-26.381382742151313,-71.40042137820805
A,A,-12.96840200695136,-51.08171983520524
A,K,-15.47767449192269,-90.47185248514332
A,V,124.96433508265613,-76.03629521891163
A,P,-12.426444084737113,-64.71704443223187
A,G,1.9102482489012254,-96.9422264191107
A,V,115.52168979450344,-60.43118281878523
A,Q,-17.69674987696918,-117.0540448035089
A,S,147.83413158384457,-174.18792264820587
A,C,139.2479263152639,-133.81058107092394
A,Q,124.45550048956562,-152.14844551483054
A,V,133.82283798470573,-113.49282207157617
A,N,97.3167463043511,-103.81325981078986
A,F,49.338031109274034,-75.06870550889505
A,A,-45.963285568888715,-153.85249430219054
A,L,1.200125326053785,-106.72270351407981
A,E,14.011412338838717,72.77553867224437
A,Q,150.72429322751913,-76.2429322788346
A,A,140.00270034634318,-116.319118238751
A,V,121.80854478314147,-129.51818415664027
A,V,135.37233574928737,-145.13553741702205
A,S,136.3900778282419,-109.80952634636208
A,Y,30.552343059655918,-161.25177444043814
A,H,120.12753516829848,-146.47243101261222
A,G,-101.50552764360772,-101.16740986406262
A,E,-20.873453192142776,-61.946105385272794
A,T,156.67986779002914,-168.39016197055616
A,T,112.93007668613618,-112.94067761379151
A,P,-179.73051320099512,-94.14248526033484
A,Q,-17.846938878208306,-63.15296364801267
A,I,-19.682984022316223,-49.07118225965554
A,L,-28.927605017302845,-63.34163666142071
A,T,-29.487468962954537,-111.67769791297981
A,D,-50.03708151953783,-40.02116933149692
A,A,-19.853735521861957,-66.675253454621
A,V,-38.76477702299819,-83.43616953536943
A,E,-46.25001256094401,-59.84284730363233
A,R,-35.71016689895933,-43.72331892277881
A,A,-6.769543941981824,-78.49528295694844
A,G,-5.942210956173339,88.10786437927682
A,Y,171.86925938474116,-102.22608346086841
A,H,167.61309999590603,-149.02617036232482
A,A,152.02881679431198,-97.87511975177203
A,R,132.39082345352872,-144.75115494606467
A,V,122.10688442416662,-78.68441324426563
A,L,103.62023491908472,-80.00823178479126
A,K,107.66991988801958,-168.07670388003976
A,Q,-163.12600133209668,-71.58137779387707
A,A,162.83456264913798,-56.29617925572998
A,Q,41.35289243058752,-114.8392751413849
A,T,141.3514208092876,-93.10921633159512
A,I,138.53594134198966,-115.18303730009023
A,N,138.83334226401914,-121.65855560535273
A,L,174.59571057439348,-160.04895547816292
A,Q,171.86285086683847,-96.06116075223126
A,L,95.97358239500349,-133.1744488385581
A,E,116.96710873971735,-64.2140771988594
A,G,9.218089655273529,90.18501470452055
A,M,105.1835732933606,-47.4353698557337
A,R,-7.220555773160116,-145.5992751311245
A,C,123.3404046214653,-128.87115613507711
A,A,-38.110015195989675,-58.37886844458975
A,A,-54.582540032128556,-62.02362437437798
A,C,-43.05334427245466,-55.6004397226814
A,A,-48.30160769992706,-64.30657282614744
A,S,-26.866269813771414,-68.80302997383353
A,S,-8.950804445609643,-69.95165285176932
A,I,-69.4734915544338,-70.25351646009064
A,E,-53.93406189533167,-42.9054427484776
A,R,-23.66237456749314,-69.76054791497826
A,A,-45.59826924540139,-82.31235222392759
A,I,-32.38877400994252,-59.225472378376686
A,A,-16.87399515900127,-47.95031262337955
A,K,-4.37812478322895,-103.28963497426577
A,V,134.9154546673657,-71.2823957575415
A,P,122.3181673079593,-59.86488931021456
A,G,9.41166445759452,79.89534453881397
A,V,125.3395957592417,-52.09152752975866
A,Q,-17.228433907547107,-128.03690720369403
A,S,144.2550123417989,-173.573658598432
A,C,146.9619726503488,-120.69404497329526
A,Q,116.11971865495323,-159.14198691235018
A,V,137.30311548139403,-114.14751765757335
A,N,96.71286950316323,-110.41938745137664
A,F,45.504704200348556,-75.61272560896518
A,A,-34.8097855239721,-160.0752117755723
A,L,25.35554402816069,-125.71747107380143
A,E,-15.208488913657757,64.20933953817128
A,Q,158.05378178684163,-67.86576969184422
A,A,151.5354301173253,-128.23253219775756
A,V,129.28551417997892,-135.61020766786584
A,V,146.70211254353626,-145.49482434069526
A,S,122.87233086897275,-123.39542216319151
A,Y,45.33475771249264,-163.56747526738837
A,H,151.044959400233,-151.81657900785993
A,G,-141.06109047969645,-93.3582406802295
A,E,20.779991994582574,-74.84017472039287
A,T,64.0881352363178,-160.05015275687177
A,T,111.71629834968832,-50.25634156224505
A,P,163.89128161505027,-97.72862528950489
A,Q,-22.181322125629542,-58.85358803947233
A,I,-27.355868010522435,-56.34611799017317
A,L,-42.500497969574575,-53.698088831608565
A,T,-44.57051473631915,-88.67791915784808
A,D,-39.51933106079677,-47.57371986821358
A,A,-12.114869784778529,-65.02888114257236
A,V,-34.26165183346686,-95.76732300654385
A,E,-45.18833446250696,-66.89414830068587
A,R,-15.941775163316073,-50.07541279793588
A,A,-11.04935528403655,-100.2781057857521
A,G,4.241720266094821,94.30476431119878
A,Y,-176.2100200163321,-101.12629945967838
A,H,148.50129043064678,-135.6795729846674
A,A,94.97052696240537,-72.23294114715848
A,R,126.885160030514,-83.42530478210807
A,V,129.83035993345723,-73.44770927395363
A,L,154.78519714850043,-109.42974870056776
A,K,169.88022080049643,-175.96135966493495
A,Q,178.69982981150784,-136.27665548214088
A,A,35.28987666143502,50.11004792415066
A,Q,71.3454543260569,-99.59675214240002
A,T,142.82139951264008,-99.5743877896623
A,I,130.39286870201005,-117.82595639165967
A,N,125.44734098787575,-124.02509521905145
A,L,179.6071630924792,-156.1746083622932
A,Q,161.54849811552558,-107.85534035779406
A,L,128.33208199085692,-131.89059471269118
A,E,150.34424995335564,-112.45243679809221
A,G,-13.13651118989498,81.52900878507513
A,M,148.2739568277344,-46.41800567140148
A,R,-43.990928436511986,-176.20572364243475
A,C,-176.93600485484868,-164.32430640816528
A,A,147.84435035939848,80.94010433029834
A,A,9.825560759598842,-73.53471151756928
A,C,-34.968229934106056,-58.78956881778345
A,A,-57.004345192903656,-62.29448936921384
A,S,-14.377212688913872,-71.17979201117109
A,S,-22.667076850082765,-70.83994079890049
A,I,-56.24950240994656,-66.38092383434066
A,E,-47.35136457453314,-52.30979319966349
A,R,-23.796791310091276,-63.066353379049936
A,A,-44.666245722190865,-83.90644638276656
A,I,-31.85142732799963,-57.16436392217299
A,A,-17.315596909958295,-50.19242003071153
A,K,-1.495427984710558,-107.05723417263428
A,V,136.6551147000562,-74.42391753259004
A,P,115.51777297370795,-58.71693846535108
A,G,14.777018699427892,85.59745925698779
A,V,116.87692374812552,-54.10796265076311
A,Q,-19.110533660028754,-116.33789733422464
A,S,146.18068075362132,179.1716508411946
A,C,133.88329095965258,-132.84944332063418
A,Q,129.11890017940766,-143.926075160772
A,V,147.01415335902138,-116.5359554103225
A,N,95.06045642369013,-121.19756110119178
A,F,35.925572399669875,-75.11809569645322
A,A,-25.832004363286604,-149.99324752309104
A,L,21.57409757059394,-128.4478931138615
A,E,-12.02969997032118,64.55094156853553
A,Q,149.82083361114752,-70.89179234973635
A,A,140.08169340307364,-117.4699297501617
A,V,126.33735317767209,-123.04206867063255
A,V,137.4805918120133,-146.9414159734638
A,S,126.44860259406143,-111.00197311953943
A,Y,44.693671221163775,-155.66904332715276
A,H,110.79788719787275,-142.7855321129118
A,G,-117.16703598795178,-87.85715888887658
A,E,-40.91335753434272,-73.9216746910983
A,T,34.49496999527994,-165.05850833787864
A,T,119.42781833192406,-57.08989264175775
A,P,-168.48233839171547,-85.84375966955908
A,Q,4.239085008721135,-61.66847113598714
A,I,-22.195891987056566,-56.32775665215331
A,L,-30.341453655038674,-57.38658709835048
A,T,-46.2369781269117,-95.96605830413637
A,D,-43.87573237502944,-39.594204633776755
A,A,-19.926681762028956,-66.51358147009651
A,V,-41.64947199036242,-75.31619250574184
A,E,-50.219625636240984,-58.441873144167346
A,R,-31.16414483761751,-48.757027268278385
A,A,-7.256878192337627,-80.29835900263008
A,G,10.813713921050985,86.91862880950995
A,Y,178.19875058482756,-112.83585838007114
A,H,158.690149284197,-140.22470019730477
A,A,138.61176262782112,-90.80695386844458
A,R,143.94789892327339,-133.31967011505932
A,V,143.9143986272287,-75.23162479843327
A,L,161.72525117700442,-97.00747830679849
A,K,149.29458043523238,-152.88383669643568
A,Q,-21.36240625276087,-88.33434543379752
A,A,25.23473543592481,58.99500229092839
A,Q,94.63462061906868,-70.3322472947742
A,T,142.63971241764665,-93.57839011182213
A,I,127.9168698647422,-100.12955800995876
A,N,130.54189205415312,-110.89480587986394
A,L,178.3633794317784,-151.92060046495916
A,Q,171.4854814218093,-100.00270163022809
A,L,112.44085380399221,-135.78361113156652
A,E,58.90164027030237,-79.04266547309224
A,G,9.799324382922663,-155.3727401264097
A,M,143.76357204652234,-83.79915165337027
A,R,176.37398436935354,-171.4549565743512
A,C,46.327113035949125,-74.1201918082681
A,A,172.71822436582502,-165.8709332795906
A,A,-1.979022180564879,-65.39667480629154
A,C,-71.94437217567176,-23.131630491275715
A,A,-45.83420051794795,-59.4366384466872
A,S,-22.98811834249598,-73.16925111388328
A,S,-25.157973020182066,-75.67255006387808
A,I,-52.857941966157796,-72.3179781528172
A,E,-46.80212412816406,-49.866261621639026
A,R,-19.38703247103558,-72.41000268547704
A,A,-44.37927372552427,-76.17099787385482
A,I,-43.469782789770676,-61.00665588193209
A,A,-16.04371460608077,-51.631064005796134
A,K,-12.068318219277735,-89.24749810065668
A,V,128.3053450584931,-69.58740802229823
A,P,-14.497959263457606,-65.41464818626555
A,G,-17.83484987681139,-84.34262713697059
A,V,110.47380506228485,-66.45396624904572
A,Q,-6.920435690275243,-102.61556724516325
A,S,134.61980723775096,177.93159584879186
A,C,165.03728064068187,-117.06072633148663
A,Q,104.94323605829356,178.52199778260868
A,V,140.91668324573234,-101.55729233127963
A,N,102.27684362875625,-114.08851956748103
A,F,28.54706210045417,-77.84164033581034
A,A,-28.81667836445522,-142.3691842140058
A,L,24.048121949266555,-126.06462353854738
A,E,-13.929495185127173,64.01893901133194
A,Q,154.8806128485379,-67.79702001475925
A,A,135.29253477626926,-125.23855691212437
A,V,125.35837978099697,-112.26403330032707
A,V,125.53701778040946,-146.10959705472098
A,S,112.82418694694957,-99.448799764041
A,Y,15.155338382484272,-139.08354899233345
A,H,63.6594807588303,-97.16336174745287
A,G,-45.1589462302262,-100.26914871395135
A,E,-88.88944845470182,-165.24102700458928
A,T,110.15556504295087,-34.942281409304506
A,T,89.32151536249698,-21.48854840370213
A,P,20.588171901693244,-80.91233822572886
A,Q,-11.812738273849016,-58.47385949661005
A,I,-26.06801424918338,-42.026617782041676
A,L,-17.276110082174537,-56.609267511522596
A,T,-63.406424491052064,-92.7922281735826
A,D,-37.72119615582249,-54.121267845859016
A,A,-7.35539488016184,-72.60599107430737
A,V,-36.38682144151551,-95.81733126813549
A,E,-22.287891292577683,-70.40713098977557
A,R,-20.306499578806765,-53.59604677728153
A,A,-2.8790121009923566,-103.09072725683768
A,G,12.567831494153998,94.03499599041353
A,Y,166.20126707219606,-126.76267815870777
A,H,158.31907867165222,-130.12092224821507
A,A,139.99485822368484,-87.6820675043056
A,R,138.5924993307852,-106.00275627747148
A,V,117.3851286397331,-91.31620444423983
A,L,82.84379974782094,-80.35266196129622
A,K,130.3027751593012,-151.99264243871932
A,Q,174.12316058957137,-103.77413269955964
A,A,-27.989697578941247,76.68893240975093
A,Q,118.57068683295455,-71.40565410495783
A,T,156.7333536411037,-158.30172536384288
A,I,122.96947074891592,-115.40339563896802
A,N,134.93881542804394,-106.85389056790632
A,L,-179.0238655715013,-163.33432277932457
A,Q,161.02420045649475,-102.39048370287634
A,L,126.5712960862156,-114.38248056747368
A,E,153.83709610392222,-84.14285403341432
A,G,-17.628026944832932,79.90818303206048
A,M,124.9648557379971,-30.668398847998414
A,R,4.126679790230078,-159.4171336721002
A,C,128.53606221424474,-167.23467585818867
A,A,-32.743198627111234,-59.83726773370207
A,A,-56.48998413236345,-67.5234864651694
A,C,-39.96554702470283,-53.707364056396415
A,A,-58.18802529095061,-63.182830547000414
A,S,-27.52538036741541,-60.684235987365284
A,S,-13.45893670963688,-65.65836687250882
A,I,-52.423252406821035,-74.42875803104177
A,E,-45.167133040954546,-59.12442511058957
A,R,-10.382190707099623,-76.10600546335776
A,A,-43.646758354671206,-92.38144690308108
A,I,-28.773081326507587,-63.81462780795791
A,A,-5.762946276476163,-50.45608455264242
A,K,-4.673559463954934,-109.4427564663923
A,V,132.94461259328173,-67.75218441679677
A,P,-21.612336983130323,-63.05290437435881
A,G,-5.272946243310285,-88.75911602756847
A,V,137.24662102803356,-55.72846695868041
A,Q,-15.613895382702529,-145.0866295506945
A,S,132.8332996031148,-179.56002464403807
A,C,166.62348274009102,-116.21029416390869
A,Q,110.39887335503978,174.9005875579761
A,V,142.7028756744726,-107.06740142082538
A,N,98.28865246096333,-115.81970854844855
A,F,45.02077772419858,-78.88800179047038
A,A,-39.825932418491504,-150.20322026139303
A,L,9.067316286793663,-107.88078361636173
A,E,-1.2397423920613324,71.62308495144838
A,Q,153.14896707049968,-73.35920580105827
A,A,154.76058267092128,-125.74654572424377
A,V,128.74499104338278,-133.61273580638002
A,V,138.69513013592555,-136.05275194216412
A,S,116.30938909269832,-109.37659709782659
A,Y,21.986084270418758,-162.80123681140725
A,H,139.75361468624953,-128.47871584531802
A,G,36.88731594055061,168.73968274441376
A,E,-148.59567018880745,-166.84836245576685
A,T,-11.219359518204845,-86.81226632030105
A,T,83.79780301828741,-1.1236286945749114
A,P,-147.6054641027519,-93.68892795092925
A,Q,-5.161028718481396,-59.702221080419754
A,I,-18.964215732168164,-52.66714270558475
A,L,-29.781091766739454,-62.27874534433497
A,T,-39.00137792234538,-86.58290263006852
A,D,-52.05372627213312,-36.165005429774894
A,A,-10.09452271564266,-68.00361873477027
A,V,-34.40640330603047,-93.05232755994591
A,E,-32.40284174176589,-71.10173693544391
A,R,-32.82893327982224,-33.35141067614225
A,A,-6.509782685592707,-101.68659840880106
A,G,9.524446736133706,89.3099771445129
A,Y,166.09749890575372,-110.0338730814719
A,H,164.6121140065597,-133.403199862237
A,A,129.72063667727602,-77.36914202860578
A,R,132.01657391644028,-138.87516469626505
A,V,143.55985593556426,-70.26398311693366
A,L,98.1540872878516,-64.93708518844811
A,K,46.37657671856057,-78.16602063749505
A,Q,177.52518412777937,-79.62019163982951
A,A,143.46187503004566,-53.45487184535182
A,Q,113.13368358306862,-142.9873272560649
A,T,163.3514607800658,-153.73567444523013
A,I,136.11400656203315,-111.41584480697902
A,N,130.81767366160517,-104.95834074201609
A,L,174.89474042282433,-153.81389158157228
A,Q,164.71204968433707,-97.52446816664092
A,L,118.2435612549894,-137.99335210849236
A,E,130.06607581734522,-108.90090081916848
A,G,6.630978660457039,88.16876479585542
A,M,61.85904665859004,-48.08887349919391
A,R,-51.10485636119404,-72.0804778667864
A,C,1.8576520129934684,-178.02721184967493
A,A,139.19539230044003,-104.93198843870026
A,A,-3.354155857446547,-61.25235081716873
A,C,-35.21822028889033,-43.17555742144133
A,A,-42.20088415126002,-55.883973967828986
A,S,-26.56572970977347,-69.69053907364187
A,S,-7.703634734751185,-76.51282782477686
A,I,-63.32853052367244,-75.61494318822216
A,E,-58.11874196581466,-42.73361630425002
A,R,-19.405383542288778,-74.35216973209688
A,A,-40.882456822111195,-86.00845082902762
A,I,-27.792120028424403,-68.59029800841171
A,A,-2.270766262664144,-55.02381757613008
A,K,-3.8039441818194484,-113.99719096472359
A,V,130.1705783669636,-81.21905093378726
A,P,-14.602653672546289,-64.5784637688422
A,G,-16.219470880421138,-83.51792785448212
A,V,140.8698591340236,-60.046614815467045
A,Q,-6.142896126807943,-138.17569670769214
A,S,141.48232723076637,169.1572942266454
A,C,166.50040562526777,-121.73345383684969
A,Q,122.94487596792472,179.29077855890148
A,V,141.84287594719055,-126.87825634489252
A,N,93.20226419240312,-115.07219637210812
A,F,54.698543027287215,-76.16215520617224
A,A,-33.54888416829243,-164.5528388910566
A,L,21.950631106570942,-127.29188750077205
A,E,-15.792304330049001,64.05883649928003
A,Q,153.88473322473703,-67.62239278654518
A,A,151.82187049870655,-124.20724218094728
A,V,106.95334343584886,-133.70415630269028
A,V,126.88300278062476,-119.07609331436592
A,S,113.65000363697766,-100.9144978400512
A,Y,23.786610622871322,-157.87655386704037
A,H,122.44896718114381,-120.0741605773601
A,G,-31.386541527874776,147.6290013687128
A,E,153.76430156854175,-72.65408395589316
A,T,29.264410137417055,-76.98741241674806
A,T,-14.938000736702929,-75.13758680367134
A,P,-18.960429507761994,-63.448112098726476
A,Q,-30.022818684688854,-56.09313215431783
A,I,-9.600889654734925,-64.41199150850356
A,L,-19.810886767055873,-63.33633530573413
A,T,-60.85380315061128,-91.18751173213194
A,D,-44.51647528555776,-46.42123247378369
A,A,-9.176493145799535,-70.79437365348231
A,V,-36.10753917048892,-95.83764449886715
A,E,-42.916968412193214,-62.831978668247004
A,R,-16.98744406271233,-52.81178267391781
A,A,-13.039341672165651,-95.14041719075875
A,G,6.017981967507393,90.20316625250372
A,Y,173.72903797395512,-114.88821985221628
A,H,156.0103217047043,-130.51434270666698
A,A,112.26681906062909,-89.67123383597426
A,R,112.31784040676813,-99.8157975224143
A,V,125.59632786322028,-66.39271220627681
A,L,161.61242021951605,-103.22891427617293
A,K,161.5736000647631,173.23765651036493
A,Q,178.84022032094535,-120.02890361534597
A,A,179.43616454211505,70.82783402863252
A,Q,49.771431843832644,-80.42490720477869
A,T,128.4653033960994,-96.26560988370922
A,I,130.62480699005962,-96.91604650144589
A,N,140.60112946603465,-120.02051753668745
A,L,176.81493799208027,-170.21763756714088
A,Q,161.47914397171888,-97.89596498854121
A,L,106.83282126799138,-135.71783288657292
A,E,150.00552604601586,-103.83719103548239
A,G,-19.53633415399434,96.68208591681395
A,M,-43.45676071414508,-28.289784178432296
A,R,-28.116817576589714,-36.562581092342754
A,C,-12.210808691911149,-77.4448825359205
A,A,-171.37897830810198,80.41261446015132
A,A,-63.56431515195515,65.13479203806216
A,C,-14.181122657067649,-65.99045144489921
A,A,-54.08683057419724,-56.028500681821825
A,S,-17.754048301366257,-73.09900175071738
A,S,-19.516411752273783,-71.55478680775194
A,I,-61.98106812067635,-68.5226786830182
A,E,-53.47523100092203,-46.122925252499506
A,R,-20.96431578140498,-64.88252814692824
A,A,-34.15781618460599,-93.27474382608735
A,I,-42.18044872545743,-61.13543119279844
A,A,8.470099138133406,-58.44070842311861
A,K,-16.931873304742602,-108.73613997805252
A,V,129.55917298768568,-71.83100676187055
A,P,110.45033066043989,-64.21766331155047
A,G,11.078563814819061,98.17777864045381
A,V,122.47541714919602,-50.633844001996884
A,Q,-6.874795157108546,-122.12380066800335
A,S,138.44887007237728,-173.11705142231006
A,C,105.27443109600571,-150.73294840955722
A,Q,151.01223540513672,-145.88958814931553
A,V,138.0185042442738,-151.6299667680964
A,N,95.24489007471198,-106.14740293443737
A,F,62.0094739471448,-77.13246911820377
A,A,-43.09127406580088,-165.09157330882775
A,L,-1.0888261225624818,-107.96472676209228
A,E,7.698081614628022,70.74454213167937
A,Q,145.27416316388025,-76.46838397070674
A,A,153.03234526942424,-118.58962367335728
A,V,124.80771045739831,-145.6875205566726
A,V,133.38577509854903,-152.81757754907633
A,S,110.306444744716,-99.46011097070297
A,Y,-6.952827813243333,-99.97650323668006
A,H,133.06394911263786,-122.12931933898405
A,G,77.73438459748489,-146.33713631511935
A,E,59.44260256659732,62.3768102948901
A,T,162.4247865360676,-170.75737857095635
A,T,110.2809695891308,-51.134218820386245
A,P,-14.87384168732343,-72.93040294246384
A,Q,-17.339926106886917,-56.30828654521853
A,I,-23.1075819030908,-60.817253628262506
A,L,-25.748930427535168,-54.759707385137354
A,T,-58.18344262379482,-91.65910950155725
A,D,-46.81439299173395,-47.68497948914813
A,A,1.4614885621605227,-74.81707802547268
A,V,-33.37222565647834,-104.89889853340729
A,E,-43.20379176912861,-61.311777163119764
A,R,-14.231456245531362,-49.481357300267526
A,A,-10.113500529505874,-99.85093144116391
A,G,5.118890070250661,88.75923869331774
A,Y,163.52648415703527,-110.64302773575669
A,H,153.21126480320845,-139.17250865121306
A,A,104.8025835063811,-76.51738518985997
A,R,79.89581741005904,-82.34710856423226
A,V,130.86042899113562,-62.36582252790795
A,L,149.11468210869765,-143.29422794048065
A,K,157.38139862333833,-156.65646636012502
A,Q,135.14030377432417,-137.82877736467208
A,A,-16.05305476861273,70.18235193785914
A,Q,137.969068924747,-54.82941849711835
A,T,154.62869018710643,-105.492459584467
A,I,131.96439714997385,-126.52351339177636
A,N,126.73860505854336,-130.7092843719059
A,L,177.41667119040372,-160.4331396230406
A,Q,163.357747380573,-99.56118825874572
A,L,129.1177938062061,-123.25210759565398
A,E,143.8476813364739,-91.35975218912276
A,G,-62.04836002986877,82.84217734171135
A,M,-139.33089078547488,29.075270163425223
A,R,161.04485274060957,80.30885437827445
A,C,-41.597884715417806,74.12609333605128
A,A,168.37651372031726,-162.6587670913115
A,A,12.853378552086848,-66.02381305362935
A,C,-22.05032565744582,-54.28117235527234
A,A,-45.60355646088435,-70.77076861517715
A,S,-23.066596392950718,-70.51861764925103
A,S,-11.96059169675318,-62.617909962371215
A,I,-59.933480193897616,-71.48330187943411
A,E,-50.59294527568907,-48.93048821929577
A,R,-17.304847693611123,-68.35904571688474
A,A,-43.55360821101887,-86.92440510961757
A,I,-28.470705184984205,-65.6294006481016
A,A,-0.8289006761020714,-53.85833314815629
A,K,-8.080398040818709,-108.52296767420138
A,V,127.51638565259105,-80.37768146783692
A,P,-17.23703106337833,-63.57352024502671
A,G,-3.421422170429095,-86.75510847139589
A,V,116.00931330445479,-64.22249756361254
A,Q,-34.56162221393063,-87.13632399877953
A,S,154.27800810585418,168.97800729025275
A,C,144.27873545431214,-115.85567841947353
A,Q,124.58354643889538,-143.00433209390383
A,V,131.40632532417632,-115.86268903046881
A,N,95.44757680004125,-94.67416795549812
A,F,56.98617948728644,-78.4022214426455
A,A,-63.592643594731264,-162.44613809192344
A,L,28.59784058060393,-87.57022429801526
A,E,-12.796738237561744,61.25003947144027
A,Q,152.9515922360182,-74.15194119908875
A,A,142.71080527678677,-124.13541239167174
A,V,129.13671796151235,-124.27444258933674
A,V,139.85640696889845,-147.70188495379713
A,S,130.2926750806217,-112.5792360151288
A,Y,35.707167653805676,-157.8593084092728
A,H,97.38334103139988,-141.37872687301558
A,G,-17.455851181176133,-76.76373495165706
A,E,-96.93511926752552,-152.55657977301468
A,T,123.62394337556525,-158.4588686618321
A,T,142.41475428313035,-114.1913015541141
A,P,179.42938151200283,-78.753898067131
A,Q,13.885637873296194,-63.09402492303095
A,I,-19.50821594895811,-56.96402418467183
A,L,-35.1518985940685,-57.3741675743932
A,T,-30.712799659378938,-87.90404767391527
A,D,-42.03111356553526,-53.068813179785906
A,A,1.5818101135492646,-66.22228214766025
A,V,-34.827849656987254,-103.73173491312794
A,E,-25.14926997321349,-65.27850393848688
A,R,-23.832263479625535,-48.83669477562956
A,A,-4.595813701428592,-107.95718268257902
A,G,5.9612665459286625,80.41574977146942
A,Y,163.07790751428044,-92.81689391666858
A,H,154.22517252536502,-129.09451108143935
A,A,133.73308610764565,-76.83009042733109
A,R,135.00228903675628,-133.3767614879392
A,V,140.57856145576423,-73.3936239421269
A,L,144.77279270968816,-94.26250755773255
A,K,63.42005010566493,-77.58320666859944
A,Q,155.04628902357635,-121.59759230781061
A,A,176.42693248812424,-62.35293896101676
A,Q,61.31630146716249,-75.79751940433022
A,T,145.63923086872717,-111.12552430254618
A,I,133.53184464075215,-120.58535524386237
A,N,130.3546163568913,-125.61963464115702
A,L,176.29940926078982,-156.50992193659823
A,Q,163.71930944056112,-98.4930704101565
A,L,132.95651128718117,-119.83907034807369
A,E,133.5688782865986,-89.58132880247274
A,G,3.4996382031313584,78.80741314787971
A,M,58.63726451204167,-33.20070227295726
A,R,62.45672263671487,-79.45938391070489
A,C,-40.64707574853338,71.95020073071423
A,A,146.68120126461443,-56.996425732610994
A,A,25.60911938360292,-68.75583921411656
A,C,-51.96050131995683,-38.536996677552786
A,A,-54.64624009227511,-57.509192305191014
A,S,-25.034222687420137,-72.46352238322406
A,S,-29.629090238091774,-66.61621812230675
A,I,-50.75023911314021,-73.96570141929334
A,E,-50.35636590928559,-44.766262068731926
A,R,-18.549825496831637,-63.24934284809628
A,A,-38.865754954783085,-93.82055036902257
A,I,-32.03701087249472,-67.02531440161675
A,A,3.7423276305665505,-56.829033996203655
A,K,-10.553912976025645,-113.77858380116601
A,V,133.12871769426732,-77.23593660701121
A,P,125.73299696799315,-61.512972252335146
A,G,13.876363697893726,79.72618890754222
A,V,105.33829022001929,-50.56880960108626
A,Q,-35.785831090539446,-89.22984453804429
A,S,140.63979160416577,178.90573888099917
A,C,134.70429075208966,-97.96533037367914
A,Q,130.9904977890121,-140.43598473589867
A,V,136.77572452050032,-159.58987670073577
A,N,106.13693297745282,-126.24535102952603
A,F,59.67585117879295,-76.0938031261337
A,A,-30.31582450380498,-164.0679978299787
A,L,13.659996579037413,-128.10524059851642
A,E,-9.912141664893639,66.35106810306739
A,Q,142.4118163396177,-79.44301974134876
A,A,146.49354737683586,-116.76090007109408
A,V,124.07736523151797,-137.08224662432266
A,V,134.2478663446446,-142.21184650231964
A,S,136.66905774147082,-106.98989989584527
A,Y,40.98285937819205,-168.41123857992451
A,H,140.38218684936285,-151.88622179195343
A,G,-122.47374791772005,-96.51707130671846
A,E,-11.67085151085789,-63.87745067408578
A,T,143.26803166933138,-161.51550770434952
A,T,117.3975855749664,-87.97443357260676
A,P,145.92857815796194,-84.31231060064235
A,Q,-17.52795181690335,-61.47380811527282
A,I,-18.050616305617673,-54.101838560086556
A,L,-33.67624088016296,-48.83221678375782
A,T,-56.546354612710374,-89.42388174081286
A,D,-29.052712273389332,-46.814852588720775
A,A,-19.906670267375432,-58.74536121911942
A,V,-35.34916618423413,-70.36313610126933
A,E,-22.321008040949376,-61.19798224362506
A,R,-30.01205237466754,-52.17286962859683
A,A,-15.573920092131251,-95.58852737005505
A,G,15.873332510688014,92.51909574899923
A,Y,-153.55405109589125,-103.71201408710682
A,H,178.90828409024846,-150.8383113391258
A,A,160.44328455156884,-113.52044676998904
A,R,136.99805460987278,-136.73834714074275
A,V,131.72954476757013,-84.27874818261769
A,L,158.7208232980816,-99.16257645639604
A,K,120.35769556846078,-165.47658940964033
A,Q,172.0477190498932,-171.0245994270025
A,A,123.82475636825949,-75.1241633924753
A,Q,67.81891088070722,-146.4996138931341
A,T,131.0083904154161,-103.61322021377367
A,I,120.08187753876146,-76.24479352646688
A,N,95.4135253852204,-114.54855084986978
A,L,-176.95655134296902,-140.16562613252356
A,Q,162.75060156419912,-115.73547144383777
A,L,134.20154580352312,-123.69075666727335
A,E,133.08575139862197,-104.75754673757342
A,G,-6.787866647980809,76.25385866758666
A,M,107.0541495314757,-62.78875132315137
A,R,-47.651345912693124,-141.76238178654717
A,C,123.49141678361761,-75.2307167218079
A,A,167.9568848994752,-63.0423329941383
A,A,-56.468446982185775,70.85603248240689
A,C,-56.63013443461941,-53.44127809329698
A,A,-40.48388890748814,-63.49974558578744
A,S,-32.59932602994548,-64.1892182356107
A,S,-4.598278579365359,-73.76707665498273
A,I,-68.95843621200436,-70.94167343912855
A,E,-51.31541944352099,-51.34547097214402
A,R,-22.0558451264994,-70.05703075416575
A,A,-49.90465618423525,-78.05851286484975
A,I,-25.41613921978459,-63.13263103251854
A,A,-13.835070789588107,-48.21118703677099
A,K,-0.8450501690901663,-104.76452999260594
A,V,132.7059275374175,-73.48105536118
A,P,119.92124486124828,-61.317399687030495
A,G,12.996780738362773,84.78303277392322
A,V,110.57640205596702,-56.890937551619494
A,Q,-32.453623281703464,-88.539704037621
A,S,152.19141728640963,170.55919160850505
A,C,175.74216311426883,-104.88923502067502
A,Q,128.44872793836805,177.04607058835646
A,V,145.51724399179045,-129.96607341174342
A,N,105.09641902150626,-108.83358045675422
A,F,10.954941866832522,-71.10869251190552
A,A,-27.867945174459358,-129.16714584163176
A,L,22.02597044071333,-127.82538507533387
A,E,-19.780032766943908,67.14958121474291
A,Q,157.1176913281316,-68.90787453351173
A,A,145.217586132885,-126.39837160779643
A,V,114.51600389056472,-124.94432315441156
A,V,128.29076325476555,-147.06106600036014
A,S,120.32041945407731,-103.49753526845352
A,Y,42.32479668741524,-156.03260105487962
A,H,89.38235132532274,-141.39501449232762
A,G,-28.808358850043394,-93.83968372967263
A,E,154.36318703266747,-145.88503751840346
A,T,-154.80682721781042,54.4314326169486
A,T,96.0928074287809,-106.47891080174568
A,P,69.22341591464757,-83.80943897643196
A,Q,-30.432598174794585,-45.66089359742582
A,I,-14.314521314682258,-54.090962904869954
A,L,-40.36530566199573,-43.20623058507441
A,T,-46.63375857532369,-89.02374487641913
A,D,-26.775646682286045,-60.92196443743077
A,A,-9.083439778308694,-71.0026511481221
A,V,-40.81248323218834,-82.00486087066999
A,E,-25.835540497994177,-66.06838344269202
A,R,-26.756682225755817,-49.706999741781864
A,A,-0.809827481021056,-96.8297152326591
A,G,-2.995581556411809,92.46413819261329
A,Y,142.27642354319505,-107.457235420567
A,H,162.9621372895661,-99.54311304408323
A,A,132.539995803965,-91.3892693141252
A,R,128.55478120002934,-140.18645126828417
A,V,129.7660621201362,-99.92138653477174
A,L,82.74801199479539,-96.606593652368
A,K,158.0371878401232,-146.63394052182133
A,Q,171.37356035727646,-173.3018704543215
A,A,78.20134867831368,-65.05558972308839
A,Q,96.79923976512968,-133.33237394526208
A,T,128.78724842608204,-87.78974489441097
A,I,131.4242799902185,-104.3921239499469
A,N,133.28572401720342,-113.51218976045784
A,L,176.12875199872198,-156.55941976088755
A,Q,173.796434824073,-98.75781240801263
A,L,104.95288394792041,-140.3041297732701
A,E,80.1836582050912,-74.34877627814672
A,G,-113.76848344001777,-168.8933578806924
A,M,37.493080378895975,40.5799808827495
A,R,-47.05177138205711,-66.40275370671735
A,C,6.2723585872561936,177.03368482068436
A,A,160.3577989941312,-156.34993471011168
A,A,-6.641599205105891,-66.9248044714073
A,C,-29.829774992021747,-49.04175950593634
A,A,-56.79379321936814,-68.62979124430824
A,S,-11.168542717217711,-72.6419690333708
A,S,-13.489717693683343,-69.68084737201208
A,I,-58.90801417023257,-67.87317002782737
A,E,-42.923884223475284,-52.928356779823126
A,R,-23.821826237828983,-70.78006570477443
A,A,-40.69629028736074,-79.4183637766025
A,I,-28.89287571285698,-69.45270170938323
A,A,-9.173091985042607,-53.437080927569646
A,K,-16.436524319873104,-90.19903621962281
A,V,130.46260411368166,-78.24149436245641
A,P,123.76654234297676,-64.77452475373397
A,G,5.7959225520710795,91.5714408473845
A,V,115.3091806947215,-56.17184501109156
A,Q,1.3600017261733595,-122.03538525916659
A,S,140.2894805957321,155.85306891420237
A,C,166.4702711071339,-84.21454804139778
A,Q,121.10993683787942,-178.04022070238636
A,V,163.3070934589093,-122.96563778067784
A,N,97.68122828927628,-140.1938263647176
A,F,27.23956078150103,-76.88767847386944
A,A,-31.458615479751543,-133.92753489794381
A,L,26.885082873518684,-124.01753984524349
A,E,-18.5161802533736,65.17998775835109
A,Q,160.81020033231508,-73.20627694891657
A,A,146.52989019487646,-124.97423556517377
A,V,131.3367151377595,-130.03192293582487
A,V,137.80817299895998,-153.87655780118234
A,S,128.66742387912817,-104.3077364432927
A,Y,45.49200609599124,-156.22959176966154
A,H,122.15095389830148,-145.76212439854476
A,G,-126.69352676600437,-79.20871595508179
A,E,-43.54940656082984,-56.7638318548901
A,T,-178.9120356198692,-86.3019313485914
A,T,84.63554155861098,-113.84100281335728
A,P,134.15804488597288,-80.19659135123403
A,Q,2.188886765349742,-67.18675308544324
A,I,-22.68188802463968,-50.95557505976123
A,L,-31.98148926091347,-48.228360493177625
A,T,-50.800578849375164,-95.92046292071709
A,D,-45.915879254116916,-42.69731496734196
A,A,-14.751256262196707,-70.57590860189607
A,V,-36.37552460253669,-87.34736939538399
A,E,-41.02882363019132,-63.73787732183784
A,R,-22.48118898168623,-41.797669613329894
A,A,-5.941719039523365,-101.69753422707208
A,G,6.933475156050764,87.52556165521759
A,Y,176.33716512193575,-115.73332124081657
A,H,144.96089575141605,-132.91351158246943
A,A,97.53622577605604,-79.51522078296611
A,R,115.01148548882432,-83.03700032705002
A,V,126.47128373584631,-73.00142472417579
A,L,153.9557440026163,-108.07489857089249
A,K,113.6411565754232,-151.58669710449902
A,Q,-32.1627439904013,-83.21825974777157
A,A,133.17469387649078,-49.43996693541037
A,Q,68.28270610248754,-136.35077686941096
A,T,134.5838780068083,-96.35000104211919
A,I,136.81918339036127,-99.98563945584584
A,N,140.43517875599287,-123.44927103445522
A,L,172.8103105040224,-174.67460478508644
A,Q,163.09609671892332,-97.23440016438124
A,L,81.83673400002426,-124.71550009976545
A,E,113.89690504070634,-63.25550868801533
A,G,-9.770513244451662,103.77078622136077
A,M,121.01611839697513,-55.092034549503595
A,R,-8.96067794155142,-158.67990154619625
A,C,-167.95884411770714,-166.73244418739026
A,A,7.013911216307505,62.56284396963649
A,A,-29.688865878946732,65.02510818572036
A,C,3.8393189375387027,-65.14927117098061
A,A,-45.13898287164427,-58.521000982530666
A,S,-15.47596556160642,-71.69392467996525
A,S,-19.640151229873382,-67.41331233944642
A,I,-54.444093462652155,-64.31787243045264
A,E,-49.75053016488487,-54.299705240808606
A,R,-26.861544141436127,-68.87873022619746
A,A,-43.47144907000001,-73.687355566312
A,I,-30.258099970815625,-67.92241981553505
A,A,-13.16714668077848,-51.82894362422228
A,K,-7.8146156106243705,-94.34202235670868
A,V,126.09649310583582,-76.88909978556524
A,P,-34.63587600758112,-61.053874974153615
A,G,14.026161293294741,-80.48085848638785
A,V,102.95093133098698,-60.260384245935114
A,Q,-33.29163786997287,-74.46566744473212
A,S,146.108472940279,153.37724657667707
A,C,127.98313517105689,-109.628396652968
A,Q,122.08283347544898,-139.98961824579825
A,V,142.93271841804287,-126.927725351222
A,N,109.47208721526778,-102.02847653469802
A,F,28.088444651730015,-73.07623241452683
A,A,-34.15278600846558,-142.8437802015948
A,L,3.2231285496304865,-111.51987522775326
A,E,7.493862527869373,70.50379191435803
A,Q,149.26691810372267,-74.61850693177117
A,A,154.81880593414465,-110.86018676355742
A,V,119.31649610452136,-139.33048197613155
A,V,134.3120760594282,-147.77263764407044
A,S,136.8191266838337,-106.03392806101596
A,Y,52.231192091240985,-163.05794823004368
A,H,142.20055736949092,-137.25917504522664
A,G,-156.9839790083359,-145.92907299185086
A,E,-33.031123044643394,-52.47841977550482
A,T,98.45417420042116,-160.3763840613407
A,T,97.41716227592444,-111.26058275128936
A,P,-148.5238505753859,-85.1296365966797
A,Q,4.689690328953947,-61.81284765428237
A,I,-26.29296575685921,-58.1432198319343
A,L,-29.009615648525692,-55.60603367886412
A,T,-41.861679245743254,-93.96694986206388
A,D,-42.571975742402415,-48.09604486390629
A,A,-11.932963108837336,-70.56542687487509
A,V,-43.99060683744611,-84.82371578002513
A,E,-41.98870581413133,-59.47154331865164
A,R,-23.623315957562227,-53.27776928577747
A,A,-5.361336859891108,-89.92918327659275
A,G,6.118860433687953,91.79030750967203
A,Y,154.85395060553043,-121.70041130952065
A,H,171.88582710351153,-118.05785766580799
A,A,107.12512987394685,-96.58692836336611
A,R,93.22710265034816,-81.17005059314465
A,V,111.74847127436982,-77.69776506539608
A,L,145.33204495063143,-125.9376029588748
A,K,131.51758050584885,-149.64609622714053
A,Q,46.104377326222355,-163.47481824594198
A,A,158.15878666915395,-178.26142010583675
A,Q,116.91425670673122,-99.9569046513763
A,T,114.92466871867799,-135.9727064686859
A,I,108.58161954820922,-113.47805568861403
A,N,58.32098476351521,-87.13832223536214
A,L,174.4375305082413,-77.21851199424539
A,Q,160.8003527690221,-99.87925301088492
A,L,144.5901719161122,-101.17808035445505
A,E,149.4192279226588,-109.05933418365937
A,G,-16.378886166649853,85.27374079493072
A,M,116.5225502804568,-27.679142337725636
A,R,166.8267304775786,-138.98038081618182
A,C,50.413157625608854,-69.79440779978653
A,A,155.65305825326723,-138.140303281497
A,A,-6.607460432743114,-62.31460242449184
A,C,-29.431109495744284,-49.856315304790165
A,A,-63.82490809134637,-61.523312463454026
A,S,-14.799422348069527,-72.79274672861077
A,S,-11.03387062735529,-69.62630306650937
A,I,-57.55535597655828,-68.22996311957549
A,E,-48.98423951935154,-50.81950052583488
A,R,-22.310748456137933,-65.34467815509765
A,A,-41.61892805668235,-87.63298685746415
A,I,-29.455298579252474,-64.76692995971764
A,A,-20.0400826950513,-50.85481792104175
A,K,-1.3807666517145263,-100.0316174492574
A,V,127.60642146850734,-74.1004694880743
A,P,129.65492624070592,-59.65106803586052
A,G,6.8842376300628745,77.77285684135181
A,V,131.49688634975865,-54.08958139882983
A,Q,-36.38513626888296,-102.2061649870653
A,S,152.0266124655183,-179.7512620037227
A,C,139.3983182641395,-137.2887214740746
A,Q,131.25545386731594,-142.00214947121978
A,V,133.9169440251763,-117.6738405339386
A,N,100.45666959778896,-104.7426042131634
A,F,50.32116198657329,-77.69278962843846
A,A,-33.117801070234556,-150.94074182160256
A,L,21.74809911026399,-118.36246778650107
A,E,-8.320528479949814,62.88944665019511
A,Q,148.779399126332,-69.65994023071758
A,A,81.01254318262623,-140.19261863659264
A,V,82.78912848370103,-82.34005043419366
A,V,137.3631675659012,-73.52837268753551
A,S,124.28925567319752,-122.97363529991847
A,Y,163.49216289010545,-163.17391549172126
A,H,151.61031322042277,-41.865520778092474
A,G,16.303162292908272,-105.92155755877154
A,E,48.6632675889944,-81.80988004366358
A,T,-52.35805199892119,76.00558725374029
A,T,115.46625268486949,-100.51593434583917
A,P,12.08411318259614,-79.6669918659787
A,Q,-16.61863137469276,-68.68519745539908
A,I,-32.588210956357415,-84.14445114168927
A,L,-10.610772599739384,-77.81898961560664
A,T,-58.134233874458985,-75.7954348595831
A,D,-47.653147108619876,-40.74901727047894
A,A,-4.642260194007904,-73.15096716208744
A,V,-34.25678294703674,-97.53638745338765
A,E,-45.826862611885204,-54.834855023803634
A,R,-28.983109512966347,-29.434927222329275
A,A,-4.597256180541527,-110.01082864857761
A,G,11.275895681841478,83.73713262280415
A,Y,159.90890976989266,-119.79886036025444
A,H,-165.95280089728655,-132.21672820364003
A,A,157.48443940085826,-122.37492209636774
A,R,123.18173424256977,-135.3732072202834
A,V,129.50125307473857,-99.47384339734474
A,L,142.9301691368797,-99.46825876123852
A,K,-17.879556511829936,-65.67936850557042
A,Q,-151.31851996022394,46.897751567344145
A,A,139.90269206067978,-51.1327748606009
A,Q,52.47810617355733,-120.85148881667041
A,T,129.60747251635846,-90.9754566958118
A,I,135.095995217764,-64.64573039148921
A,N,123.21134042760049,-144.09992392571033
A,L,177.80865150203832,-159.14913750279035
A,Q,154.89290546434304,-99.28727047023821
A,L,128.34059791682867,-126.78534493291797
A,E,148.72020918216748,-136.61920446058332
A,G,-62.74506484306964,142.49008192247604
A,M,152.55037191434653,-96.97976137200644
A,R,71.65884241401882,-136.3511485795394
A,C,-128.16491705766362,-150.81124659267428
A,A,152.41446429990893,-143.2390299428742
A,A,-78.99545980669888,111.35757196476638
A,C,-25.601194369397767,-62.071657411259885
A,A,-60.77123415177834,-60.10457346671286
A,S,-20.522529874853657,-72.35924327152009
A,S,-20.620583559920618,-68.87164202769027
A,I,-59.91210042493592,-70.718839608179
A,E,-38.78446631504712,-60.78786364816265
A,R,-21.46028421703681,-70.5848606939769
A,A,-36.05007379087638,-84.79295354370302
A,I,-30.46364195732534,-59.87942021115526
A,A,-1.9048050291248368,-56.93278029340551
A,K,-13.89731394393962,-93.03172116754843
A,V,119.1052031640348,-68.39630180655907
A,P,-24.175116887696237,-68.70390450624117
A,G,-1.2105170154967282,-81.06391762822435
A,V,107.67869683604668,-58.395312360182274
A,Q,-18.51227236173469,-92.35508365611835
A,S,144.2006605335237,-175.0917251752615
A,C,-179.30389308559052,-103.49782152630084
A,Q,148.9670401502933,175.06937869907978
A,V,125.51277177080317,-147.28765688746714
A,N,75.06680873076976,-103.32199833243453
A,F,31.459308158986172,-73.82303971567349
A,A,-23.893822299208523,-125.6934807548383
A,L,-0.24641855658727407,-112.66361386254248
A,E,-7.798611586769249,78.81245059849869
A,Q,144.6505466231398,-75.86460093468686
A,A,147.19104381914508,-117.27043305064576
A,V,137.1999978437384,-141.779058796385
A,V,127.30220120559584,-166.51690650947478
A,S,122.37386189888608,-107.39690380499202
A,Y,15.976396045806874,-142.68364928941517
A,H,114.51459278922744,-105.45124497119485
A,G,11.338956194570244,-133.45608479004358
A,E,-123.57995495563674,-172.0641212142792
A,T,172.98633825550863,-73.04003157931004
A,T,110.2245117197156,-150.33662334646715
A,P,162.67089086059102,-78.66135693116054
A,Q,-5.738827152436277,-61.04188826488642
A,I,-23.309136428495684,-52.69097582160657
A,L,-46.342491517341536,-43.361019250370646
A,T,-33.27768318528791,-93.58333326994409
A,D,-33.236802655610724,-47.25097485240398
A,A,-12.1655689058434,-58.33056053078889
A,V,-40.31743991198499,-78.24465904683812
A,E,-30.110610027268077,-61.788157882310294
A,R,-24.41570588378901,-45.11613817137808
A,A,-5.345395528539126,-107.85121449068328
A,G,6.221643588361597,82.74933859381593
A,Y,178.48585762858187,-114.11196730463794
A,H,146.96684611406238,-140.73325020619754
A,A,137.31776732141404,-81.37138974678483
A,R,142.85222551091374,-136.96698035267593
A,V,123.54243028986124,-77.65805638435126
A,L,-179.52526588690242,-84.42942585756325
A,K,134.23540739211907,-134.34760935991736
A,Q,-154.29287456128668,-107.10489972168436
A,A,-167.8929918997976,-175.6258561979734
A,Q,147.56037015016017,-73.68907338066256
A,T,156.5510554711632,-136.61828960105632
A,I,138.54562449354077,-121.97961960093816
A,N,140.21762413606004,-118.80803365001331
A,L,178.0163975255312,-163.10889216609863
A,Q,162.6533425064575,-98.21635943447558
A,L,148.681993773688,-120.66671004055311
A,E,138.7437159561111,-123.0912249527142
A,G,-14.00769177882235,74.17304963396131
A,M,92.4774765549422,-55.73683754215131
A,R,125.50954030525482,-155.592562017196
A,C,-172.7610058271585,63.126021857230775
A,A,-173.02899464898277,58.7227614203032
A,A,-12.372501913254473,-83.6227159084192
A,C,-36.732299248962185,-45.16483520617851
A,A,-61.507605145586695,-67.18755713669704
A,S,-14.837273452237167,-76.13779664996862
A,S,-13.512049436471349,-62.46681336120165
A,I,-66.8874409295568,-70.74032439082279
A,E,-50.4221760469356,-49.04207620639578
A,R,-15.017481775116126,-75.56945011356399
A,A,-41.93983790455632,-81.79108399966793
A,I,-32.63207324798816,-65.0502412772502
A,A,-12.916212978689234,-52.70455427341079
A,K,-10.669810247310215,-93.80320248826234
A,V,130.7244171639601,-84.08938707996633
A,P,-16.939386619676245,-64.57645059001901
A,G,-13.038600180874786,-81.05018140331406
A,V,120.9556648909308,-64.22990334106014
A,Q,-5.823335806646595,-116.16556006269464
A,S,142.49642472424645,-177.17535377424468
A,C,158.64266333691515,-118.73478836572679
A,Q,128.6728667163896,-176.57221002043673
A,V,131.2854066350251,-138.76628977141795
A,N,104.8216638522019,-99.65344887395891
A,F,38.946399710039955,-80.75055662005357
A,A,-34.26136243818699,-149.28342553456653
A,L,18.98431395195204,-118.79321693438871
A,E,-15.309789593550498,66.73948370947397
A,Q,150.62510456012186,-68.91351195394786
A,A,153.8245159343954,-121.93688857096092
A,V,132.5698057545134,-135.85551210369303
A,V,134.1155976928313,-144.65696519130358
A,S,91.66956785470734,-110.24056023808164
A,Y,24.515044941814292,-105.38933689020939
A,H,73.41635075618396,-111.38639278991108
A,G,-80.6130583717212,-81.01289316621963
A,E,-163.13541471708572,-79.02115865504445
A,T,72.40458310125825,-77.41755210448645
A,T,120.08252298875209,-57.95548999042474
A,P,-148.39833622116876,-91.64501176993868
A,Q,2.0870499480665297,-63.48667589675159
A,I,-27.995383545145618,-53.585177074622365
A,L,-39.48152949292065,-52.758049542406376
A,T,-40.370676306011994,-87.35748313732147
A,D,-43.90886160902077,-45.245587154899546
A,A,-3.68526953338222,-71.1133154521155
A,V,-34.89524864088721,-100.09281259473046
A,E,-43.83282007898806,-57.119031814169034
A,R,-20.276823335898225,-46.83329740427877
A,A,-9.955592902475516,-97.2846077794177
A,G,5.482968568905045,85.75521591570181
A,Y,147.33626116174133,-113.22173720837658
A,H,159.81406299442,-107.40345749812711
A,A,126.26307150095629,-95.67343146542291
A,R,131.96848068449583,-122.20671354610387
A,V,120.96978580262473,-90.05097810801936
A,L,29.553326500786167,-87.54708134870427
A,K,60.312441684134384,-145.0332053524504
A,Q,78.96166370912228,-65.39868269830298
