Chain,AA,PSI,PHI
A,P,135.59894826624344,-57.17122649208958
A,T,-178.06197263494167,-103.97617864863768
A,A,-30.422070494128967,-58.66038873302097
A,A,-42.404206032084744,-59.67602232358663
A,H,-45.531679789721665,-65.1986001616
A,A,-32.58163977671033,-64.0863330902571
A,L,-51.28868205899889,-70.68099533554516
A,L,-38.56910952357552,-64.57961995825912
A,S,-41.032906804796845,-63.4065913037169
A,R,-38.48689333271641,-70.38991985943777
A,L,-45.886261804405684,-56.3427393845596
A,R,-42.03718585723703,-58.543770368629474
A,D,-32.425306592262054,-55.01169955421951
A,H,11.296347079967457,-90.32887749704838
A,G,-0.3238918994400368,91.89373809768165
A,V,129.35353921821527,-72.24396090715194
A,G,-9.25316839650261,-118.9094625427946
A,K,142.4301410837094,-138.53271686561175
A,V,116.5467946490936,-122.65829602707757
A,F,139.43497003494923,-89.68670042041593
A,G,-164.57095236537643,167.86290526063829
A,V,125.47045099080256,-128.8871640963814
A,V,137.91585524702205,-94.25589342976016
A,G,-145.9696742254896,-109.25877092383482
A,R,-14.137081546261802,-66.85724668694445
A,E,-9.273528833653069,-62.81711744536757
A,A,-23.783151737522488,-54.97116636113643
A,A,-27.067656534035955,-65.86585681960929
A,S,-18.52713295227988,-104.38003967259833
A,I,123.63587314522687,-141.5308546064348
A,L,-39.558474702775236,-92.7359042736094
A,F,9.518995692242871,92.40854327632083
A,D,6.338205186208961,-108.8107895535954
A,E,-35.08525931424599,-60.20081313776703
A,V,126.8370396088272,-126.71122016371795
A,E,134.09045117609236,-71.05207898490796
A,G,0.736639005002712,100.83422821219932
A,I,117.50472701360566,-132.02220571704333
A,D,145.19912791243596,-112.92596830128495
A,F,136.8268632015925,-86.01942914401191
A,V,104.23805363663892,-117.05247503544365
A,L,128.6729704950768,-81.78698601593328
A,T,170.42435738573562,-112.03429400978828
A,R,-16.74233798671224,-85.03857825940354
A,H,147.6632792285027,-149.94254268530878
A,E,-33.14259233529415,-67.51908587243871
A,F,-48.629111220295925,-50.346701130043705
A,T,-40.92416314143065,-57.25583581408786
A,A,-45.66678585677029,-63.46479718540328
A,G,-39.980760214471516,-64.57720012308094
A,V,-38.91897271904892,-72.36150668205583
A,A,-40.262838347379805,-61.70448872820599
A,A,-42.31473311620956,-65.80488452566503
A,D,-53.23139299416561,-55.22883152359522
A,V,-44.77825351861274,-66.63816594255404
A,L,-41.4572755563904,-56.67307674695361
A,A,-39.648884719463425,-65.30751000018701
A,R,-49.971913889855436,-62.92852413620114
A,I,-43.246719828852335,-71.30768330513814
A,T,-26.715162362953286,-75.35426063817707
A,G,15.823256998618687,71.13246625838393
A,R,145.14489858662782,-120.29154243364472
A,P,140.6047716030123,-54.995435536315945
A,Q,177.94581028579398,-127.47085508974963
A,A,142.10514123358828,-142.15623832384625
A,C,165.53679253934442,-132.69767944353816
A,W,132.82145076882355,-142.9436724020033
A,A,165.05426142509236,-138.54336159990729
A,T,-176.33260001793056,-82.67595330105829
A,L,168.78338479138645,-71.8705923927005
A,G,-116.49349790204641,55.994760172183895
A,P,-20.949714592260147,-65.84934594384298
A,G,-52.22942683681358,-60.656003296531004
A,M,-43.55377036378068,-62.668828900860525
A,T,-38.99274811587371,-65.27779100467386
A,N,-44.61480014363835,-62.52935124760572
A,L,-32.036388043499855,-59.75790850005235
A,S,-28.210077332731636,-58.11512700236719
A,T,-34.06037403764029,-68.02888156565167
A,G,-40.486299704469765,-67.79043677733713
A,I,-45.53434788165057,-62.58180309616399
A,A,-38.851897919499706,-58.312916842076255
A,T,-50.18450081656981,-55.843854473531096
A,S,-37.97922862596625,-64.25055609990298
A,V,-38.21948766170153,-73.98827810404957
A,L,-34.70699122145949,-80.92205112265997
A,D,-11.617599308110822,-89.0347859328591
A,R,84.96952305273518,68.31710244221456
A,S,143.75196992354222,-142.3431824096269
A,P,85.64068777983242,-81.99528932585278
A,V,136.16675235001858,-106.70315323651943
A,I,107.28528358034855,-100.69060787003377
A,A,128.11450502417821,-98.11163753377917
A,L,137.66664295830674,-124.01942951495474
A,A,139.0601480712643,-142.54035139153123
A,A,160.33399250836146,-64.47880724214586
A,Q,159.21222065346882,-140.72366564973146
A,S,153.8036192690315,-47.64229564283619
A,E,136.2607669082523,-47.64519743925166
A,S,-42.12943225781327,-51.041457485907294
A,H,-7.005229697721139,-75.10120815814035
A,D,19.715659917041524,-119.88920753736674
A,I,100.89937390057244,-82.22953943650373
A,F,90.63199559320728,-132.1836210373847
A,P,131.9149343619843,-54.18676312252054
A,N,11.06648816651407,70.4202048092527
A,D,-49.873074088414754,-128.4271270990521
A,T,138.70707991174817,-68.33756168895277
A,H,122.19794151362407,-45.47039910264358
A,Q,14.017808929482957,65.34837936074963
A,C,116.79187721791234,-97.52002907177138
A,L,159.8101170710397,-123.00922451232513
A,D,78.98054692961307,-81.47555101495112
A,S,-48.06119349169414,-58.10923097488761
A,V,-43.349671004168805,-59.51283115448474
A,A,-33.10241527516793,-67.8760413576778
A,I,-36.90386273639119,-74.44848266805317
A,V,-29.891040713031114,-89.5176412286692
A,A,-44.69444653381408,-47.79815116616249
A,P,-14.250276272560994,-66.36253086531906
A,M,24.818316904681097,-119.33007627960262
A,S,167.0986744965068,-145.020473200418
A,K,-21.318897161193448,-81.08460360893912
A,Y,139.45889646215946,-167.84256700384202
A,A,126.03799295269566,-154.1147951786819
A,V,153.4309833412921,-147.25233808697425
A,E,131.0688180389904,-110.95617729663478
A,L,133.67161810906097,-63.5897076436674
A,Q,-33.704993695168206,-125.57220000815725
A,R,113.46466624129161,-129.48467059555614
A,P,-44.799383008230755,-42.81807342209545
A,H,-20.707672001949046,-67.0755564342719
A,E,-5.297920028618227,-76.2050771417953
A,I,-30.737889372631148,-58.19243590782888
A,T,-49.29029021524507,-62.34431751035432
A,D,-27.30801305374641,-71.92885284708974
A,L,-40.281581434520405,-68.05368162893664
A,V,-45.1862887086094,-60.896361742251976
A,D,-43.933228512426055,-59.39540521185856
A,S,-34.85895709202065,-68.88102116037422
A,A,-51.42432951895762,-61.42494845529237
A,V,-45.691951153364975,-60.953217521834176
A,N,-53.418981493742145,-47.50599820112513
A,A,-37.748575794933984,-69.72443552874313
A,A,-35.34195757948604,-64.51263811177536
A,M,17.170303506373656,-98.12128539970497
A,T,134.63194097516683,-104.80121491016847
A,E,139.4374621645652,-66.99410135415926
A,P,126.9358808423417,-75.31487690132919
A,V,151.79826088486254,-61.799692442516324
A,G,-173.1805325682324,-174.85540956903915
A,P,147.07472060599807,-83.47859606193352
A,S,137.44667683925846,-122.28678985193491
A,F,132.08102834690465,-118.33251864503102
A,I,122.56175865848381,-124.49312938896153
A,S,132.65346355787594,-92.98379714412738
A,L,91.0687360188191,-125.00316483174242
A,P,130.0725319976076,-55.548299982139255
A,V,-38.54663302969603,-53.57275163739195
A,D,-42.487187788815426,-65.34509329417202
A,L,-40.45623306868599,-72.16497046228415
A,L,-40.36708592888609,-54.98485497757943
A,G,19.05425591352177,-93.12065199898329
A,S,140.4774571811467,-102.29050915194725
A,S,5.685451330059203,-97.28222043797628
A,E,119.01389248501087,-59.55874133762578
A,G,1.3890932771051312,78.18302802351522
A,I,127.55142844589797,-87.89081666229245
A,D,99.95506261652604,-134.89771354808596
A,T,13.167169594202937,-84.63735798072128
A,T,-25.896970158159274,-91.74620529681468
A,V,120.72352398391351,-86.15699241297948
A,P,152.10769904136075,-65.9942303272117
A,N,142.77596915323798,-65.57925761502077
A,P,158.6089486609796,-56.02599505124379
A,P,139.0622273195139,-55.18237390501129
A,A,-43.25777250589574,-73.22165555258967
A,N,49.3997763034733,51.10818865845219
A,T,127.95808135082596,-60.18650153761048
A,P,135.90789115890337,-59.19748428845347
A,A,-27.74063870256367,-73.667376427142
A,K,159.50859665979598,-146.01456803290722
A,P,138.1715775778654,-54.89113401890828
A,V,136.95380535212763,-64.85151941327098
A,G,161.90187079402767,-125.72862413115818
A,V,135.31573234941172,-80.80935491378824
A,V,124.2248657275401,-131.87670612897313
A,A,137.6005326013229,-93.24187981636229
A,D,136.84460005620676,-54.89254064008383
A,G,11.074222282459209,82.01051145849513
A,W,-34.22086525983729,-60.00873687468493
A,Q,-42.73460507539041,-58.83477410550892
A,K,-40.165165143642874,-65.40771473697153
A,A,-46.36813764816968,-59.985401827671105
A,A,-34.30533625021274,-61.006944482578234
A,D,-43.286233961751115,-65.60021086670672
A,Q,-39.79757966678565,-60.03953617426081
A,A,-40.57160526049503,-60.71532734457868
A,A,-41.49941835885662,-61.63549486558213
A,A,-41.80884536301837,-61.64685112292561
A,L,-38.97734355826014,-63.103489939576995
A,L,-45.0641562801415,-65.38271999437377
A,A,-45.197862838267206,-47.71211095512808
A,E,-23.533394112827246,-81.48496288775044
A,A,140.4099913664549,-69.0465978159233
A,K,-45.7751982695331,-86.10389643337209
A,H,81.43639116952635,-128.4273983184749
A,P,154.1110061554943,-83.58246213544317
A,V,150.10298380614486,-130.34263363538932
A,L,119.66794024200071,-97.82266900890481
A,V,107.66968818879292,-102.80179723637245
A,V,129.07447057333272,-101.18464099184969
A,G,172.7318009907727,-107.69343284990046
A,A,-32.24102049082308,-58.58564573502826
A,A,-33.183623752290735,-55.7597445998917
A,A,-36.25816216698786,-63.44278082606987
A,I,-44.546544780105265,-67.96236906147683
A,R,-37.10461829198295,-58.961924449313344
A,S,-13.180579248221589,-67.5081921098813
A,G,32.50050971511309,75.35722309738907
A,A,4.172440848293729,-101.1687147803958
A,V,-55.41845434668595,-57.94344085307989
A,P,-40.61703404208389,-56.841229593613484
A,A,-38.538643712745,-66.68186718361291
A,I,-43.72506814509483,-67.64613026258533
A,R,-47.61360435122363,-59.32889156162748
A,A,-39.91002140970161,-59.536359271976195
A,L,-48.50449172883143,-66.51076263880705
A,A,-43.30853636945398,-61.83487220225203
A,E,-44.32336683328426,-63.634136667548994
A,R,-44.939602572105414,-62.15131050271887
A,L,1.035994406892101,-96.16668233780109
A,N,42.76097485554321,58.50271798519593
A,I,123.79028342244342,-99.25847775477732
A,P,147.27983045328395,-62.4704151299992
A,V,120.52861697036658,-115.68719825388085
A,I,142.2214780124874,-116.06926891540124
A,T,160.36032407701495,-123.75575500605247
A,T,179.71943389390233,-72.0505748526164
A,Y,-48.60747856099221,-53.76280405455522
A,I,-1.7938396890779253,-96.69624222434867
A,A,7.184012718371602,-92.15073702453267
A,K,136.29178488853458,-56.89999673695892
A,G,2.614075441349357,97.65568186129802
A,V,-24.907472576617426,-62.279965402378444
A,L,147.07640309686798,-122.83523424254476
A,P,160.20200378958938,-61.41644899814051
A,V,132.14820478524626,-60.85563138697977
A,G,-13.411495636443899,95.90181169669766
A,H,134.16152893729353,-61.87076710058639
A,E,-26.46151414463689,-64.37047922654129
A,L,-1.664193506624956,-88.4059206471048
A,N,91.74188514051889,-78.2827739640488
A,Y,4.831525256359419,-90.00894406337427
A,G,-175.029430129767,92.52118432882797
A,A,155.43767829460768,-104.65314040870611
A,V,135.01128306886824,-103.25512872332227
A,T,140.64411934180976,-136.9044054246428
A,G,-19.724999948514828,-57.74122819523035
A,Y,-4.529284884255772,-86.47652930243386
A,M,-39.699303087237844,-62.94167363417894
A,D,-47.173531073746545,-62.41747063442041
A,G,-43.30215628679944,-63.96487013641792
A,I,-40.93849315101676,-66.67018996890987
A,L,-14.504701324082586,-88.03811441513399
A,N,56.138533449997844,52.895822939276925
A,F,146.86145440011333,-161.74022267176915
A,P,68.9061867018269,-75.72952376573897
A,A,-45.15149462059191,-69.25653241694806
A,L,-39.40356392257294,-67.65821545130939
A,Q,-48.20231265372768,-61.15982076831546
A,T,-47.167411089567764,-56.621617674438795
A,M,-43.13519883289086,-64.01683440604963
A,F,-18.72231027874248,-114.29331770541997
A,A,-49.63443815696648,-50.01719934345609
A,P,-1.888197555376208,-84.74021593921347
A,V,132.07108276869954,-70.07493797021668
A,D,-10.868458953727439,-110.39720738534668
A,L,123.81406413910766,-142.50152238292617
A,V,116.49989046865616,-114.66535303088007
A,L,105.63879131505377,-103.87249229374643
A,T,96.91727147749289,-86.35971891303511
A,V,108.05670675217716,-88.88207869760141
A,G,43.858793542904266,76.09192864023598
A,Y,133.9619516148305,-65.08546938056924
A,D,115.2001825096423,-143.68946603604508
A,Y,-31.85639305672015,-55.124675076693045
A,A,-31.531092958890422,-58.33280838592957
A,E,-13.173356571926625,-66.57285786844614
A,D,19.642890653581063,74.5923310697846
A,L,102.1836503308811,-93.92648696559395
A,R,154.18550044204818,-93.87817797730155
A,P,-39.8103834737753,-49.02209246104161
A,S,-21.228095989819,-60.450958868053426
A,M,-33.3168220324708,-77.44782198098605
A,W,-7.161332690932898,-91.44257406884772
A,Q,66.34668837541865,-83.81601469747176
A,K,144.21406867032408,-120.10189393014308
A,G,-127.89875144218276,68.44418663765526
A,I,160.39957300145386,-69.931765836395
A,E,140.4268682436355,-67.8562444048001
A,K,151.16892397042574,-116.17118450455774
A,K,152.571482855218,-92.27115038076396
A,T,141.28993249546488,-131.06015479568683
A,V,124.06932260568273,-121.32000080537686
A,R,126.34358997041926,-99.40852822274
A,I,122.70557155138454,-120.60786206763042
A,S,144.77738971715476,-158.15210724266097
A,P,34.13993904682474,-82.3739582394263
A,T,151.155859705162,-147.6626464202913
A,V,141.39782856767224,-69.49106499070736
A,N,112.34783430374172,-57.65026250945741
A,P,-11.467254897813667,-82.36686785677954
A,I,53.4121352426926,-129.03738702918403
A,P,-15.159967771257973,-65.2946665440154
A,R,-31.445037738768914,-61.394863914008255
A,V,-42.47874579894202,-107.28854772472565
A,Y,108.82088872163894,-126.32024275841754
A,R,83.72230050823798,-111.9842441266023
A,P,150.61330153981817,-69.5726584907659
A,D,-40.14367850307298,-63.287865467337795
A,V,125.92893656819466,-127.16140050542393
A,D,112.94506973216288,-112.27802246060034
A,V,101.41030246815109,-107.44042360942976
A,V,100.01758168516268,-95.708015906865
A,T,177.23281567923996,-167.8264340948033
A,D,133.83304964751474,-66.89886732589045
A,V,-46.48966484880097,-57.59412600974414
A,L,-45.66112560394776,-61.40159905309492
A,A,-48.12720458691387,-51.79664064985434
A,F,-52.24293320296321,-56.2973943724862
A,V,-40.379355352963245,-61.12716187771903
A,E,-42.234873997479305,-65.16009668174377
A,H,-40.04322548535199,-64.78695439093907
A,F,-34.451202065632174,-69.17844206035547
A,E,-44.21769463643807,-57.17953971534085
A,T,-42.51511861482323,-66.67712179577258
A,A,-26.367757954110854,-66.54862059744315
A,T,14.789304213647329,-117.61644936762644
A,A,-31.72745614393068,-56.83030710384626
A,S,3.4809811897595413,-102.86141531380883
A,F,141.25182301325347,-68.433354069007
A,G,149.65297562450652,-79.67079915899103
A,A,146.40707930034998,-57.00774127545031
A,K,166.39689580072317,-84.78149972273815
A,Q,108.42242675147996,-100.61587345491019
A,R,151.00862561565677,-74.82062563880737
A,H,162.80303289857767,-81.38175294865884
A,D,127.57870520367015,-82.78195699156416
A,I,19.982043853889728,-124.6164896159868
A,E,-34.494332353586394,-59.168259381525445
A,P,-34.75581363189808,-62.33163937083139
A,L,-46.88933764370585,-69.14068742580065
A,R,-42.262431299673,-57.74575453083806
A,A,-42.021126592960265,-64.24333727593954
A,R,-43.74729997335768,-63.28569859125613
A,I,-45.67196731340476,-62.565732145464594
A,A,-38.68830878354309,-59.82197827595579
A,E,-43.480327514852185,-62.31127229571055
A,F,-49.49122443163263,-62.02101708742233
A,L,-30.525452132740625,-59.031514638708835
A,A,-5.596721749923839,-94.52522287680637
A,D,107.64791955010635,-34.6881516126497
A,P,-3.5034809266653535,-91.26366172973763
A,E,152.33670259400355,-68.21076830983822
A,T,118.36664401724347,-112.06304721579733
A,Y,150.55698780283487,-95.20910786749496
A,E,-36.83600544692284,-75.8790247639815
A,D,77.05611413613094,-106.05070982607404
A,G,172.688636005808,68.59450523192179
A,M,173.3439804995495,-71.92627105924439
A,R,144.5585175123113,-109.36539633416928
A,V,-38.32069700798556,-57.56818146750906
A,H,-33.420773175171234,-59.94239727527537
A,Q,-34.83055308535645,-70.02867354789701
A,V,-46.63776649835215,-66.9275711391191
A,I,-38.674879721344354,-67.66191571559854
A,D,-46.676463355231085,-54.953115970916926
A,S,-41.46081263354023,-63.177783368495476
A,M,-43.374255521146246,-62.82342430432298
A,N,-46.279521175376594,-56.44958738568563
A,T,-50.890960784258006,-59.646703768618984
A,V,-34.71156257552102,-72.22032543514378
A,M,-45.98215762203143,-61.057328201381694
A,E,-39.16604426625212,-58.68977292795294
A,E,-46.45915433818997,-66.64490768583421
A,A,-37.714597198760224,-73.66807920826359
A,A,148.17122213637424,-90.16594959650166
A,E,155.87931286585047,-66.40101219933305
A,P,134.6700469662261,-55.0674361534558
A,G,16.56253699604155,74.5648541174582
A,E,170.69075752635052,-131.8872968248798
A,G,150.47965701090106,101.85795277017108
A,T,132.66626890440853,-136.15203267133123
A,I,122.09703416188638,-112.51187986815637
A,V,140.97112331726623,-105.82199313306668
A,S,130.47205918479145,-125.81279134820915
A,D,-164.10894005303786,-71.28938239500404
A,I,140.0486011877784,-110.55866773256662
A,G,-173.09873627758836,153.8408732230861
A,F,-40.75330256640187,-60.1187160883604
A,F,-26.914001596635085,-59.384226059948624
A,R,-36.13269736645882,-61.07861665702578
A,H,-28.878918541577512,-73.26510745901739
A,Y,-43.865055344841004,-60.856506306422915
A,G,-48.39010531300691,-55.00746308824599
A,V,-48.313794808533636,-55.559034311404766
A,L,-39.367827805660454,-70.90724765651332
A,F,-22.83653160930331,-114.34070714090967
A,A,136.69354097834412,-71.30503237983613
A,R,131.8350169742338,-63.92247741419907
A,A,106.48455354244439,-141.76588423409652
A,D,17.562327134070966,-105.38492468332879
A,Q,156.87961235804656,-164.26853416366257
A,P,137.22076171986265,-55.14258994041376
A,F,26.180612427386137,60.926245397850444
A,G,-22.727774094127874,-75.3791405502347
A,F,121.06251079055147,-120.46741149073583
A,L,127.85744509153693,-114.58398877867585
A,T,175.1968100376287,-150.49313630034118
A,S,101.46719132149546,-101.0763850640615
A,A,-35.553736961113806,-84.71936863384973
A,G,-53.07125232728787,-86.79070623921788
A,C,-44.53849273524425,-87.45722329922417
A,S,50.99224868318709,53.57231726806714
A,S,126.42981807906047,-78.08295870057984
A,F,153.9974272334823,-63.7787971752418
A,G,-6.635625461337032,90.06435762268725
A,Y,-33.11170365694108,-54.031778332018185
A,G,-57.087705302425945,-56.88668262707039
A,I,-56.61610852986801,-52.816311478518614
A,P,-35.00877887986293,-61.299066023967995
A,A,-39.945993355585195,-66.42114586450877
A,A,-39.82165592739714,-65.06795898126414
A,I,-50.89511890586424,-58.91247416347079
A,G,-44.15876115696121,-59.10582460310299
A,A,-47.98238402860881,-63.49775665124053
A,Q,-36.30802640394574,-64.38078766660513
A,M,-33.865281019452446,-72.4781072617715
A,A,-27.830544874332883,-72.76446605114882
A,R,64.9335824684659,-130.9055186002711
A,P,-26.806192957389197,-60.04695484289178
A,D,10.007744241031228,-100.71967864547993
A,Q,151.29040301422538,-114.38703791953122
A,P,145.11388522705323,-72.34499100063852
A,T,113.36710797660763,-132.86412826299184
A,F,144.2673757262602,-107.51701678082057
A,L,134.61767379436404,-122.48660425761207
A,I,134.3941837974601,-113.36350760025915
A,A,156.14906123508865,-145.41323655987736
A,G,166.83917369559617,-92.57882896857016
A,D,-35.54875869788633,-62.988181386441795
A,G,-58.81839930124737,-65.41398611395122
A,G,-41.51827372158716,-68.60590878512699
A,F,-46.82832786876019,-60.11729804242295
A,H,-21.037743071041916,-72.90340375211255
A,S,-27.278316789495083,-59.59067248817917
A,N,31.100546242511665,-140.2345907513507
A,S,-16.371337024929268,-76.62127191791164
A,S,-24.5801536370218,-62.885203645426614
A,D,7.328223231192633,-75.620400563893
A,L,-39.20998364238895,-56.86313982280585
A,E,-38.91372894936522,-59.20869005283469
A,T,-45.058392547781644,-61.68735120375621
A,I,-47.23308978461062,-56.96857569680062
A,A,-49.86427125472081,-59.37049789485733
A,R,-40.09128954117267,-60.95872831024299
A,L,-6.978762683017859,-83.41893295867895
A,N,47.84036167081958,48.59964186578513
A,L,117.88019040806158,-87.71175034897004
A,P,46.215760309932534,-77.75894723007734
A,I,132.97499658634365,-71.87585287986319
A,V,115.58608537375179,-100.97414234483185
A,T,131.6596339927791,-105.26554220592554
A,V,117.75304574034224,-111.9728893981667
A,V,114.71315323322963,-99.64615991855717
A,V,114.34898157511618,-91.73209505817731
A,N,123.90841545023076,-113.21070518981503
A,N,19.7630381099828,-132.41303936237054
A,D,35.07578318245761,53.387701291081314
A,T,148.6445567840975,-155.82230997125978
A,N,81.98017379464406,-79.16970763039943
A,G,-51.84641656283759,-59.286247665396985
A,L,-39.14768766054779,-52.86137835572527
A,I,-35.8178898593959,-70.45165207884384
A,E,-37.63901501036713,-62.70846603873336
A,L,-48.54379921374218,-57.9093848066675
A,Y,-38.20620085693324,-60.134087650002456
A,Q,-47.75198894075853,-56.05187864681661
A,N,-39.53235728379426,-67.66209572294754
A,I,-45.422450686320026,-58.78683728779492
A,G,-31.209483617293607,-82.39034545435015
A,H,-8.486374417309552,-126.98936873724742
A,H,21.9997617128693,63.98965141240602
A,R,163.78813784785314,-164.13811954051712
A,S,164.6398062148956,-93.12999840414619
A,H,100.43897880237725,-138.9248910605938
A,D,-40.07707793104158,-55.42650700077018
A,P,-23.075136859737217,-54.16012709563005
A,A,-8.662122359049903,-96.06369677875429
A,V,-21.551530405961337,-136.1976425513744
A,K,132.99373032234627,-95.6754951569967
A,F,167.34099114974484,-107.00032690561987
A,G,-172.42956971785588,-87.54336962025506
A,G,133.93048437484057,-75.54248991637908
A,V,129.4566428567279,-123.05606856451371
A,D,99.46943685069904,-90.94071515862686
A,F,-24.261317374375707,-75.04489547195087
A,V,-52.31327936357148,-63.38906458125199
A,A,-40.676853413507295,-60.227468702717786
A,L,-48.888879385975414,-58.712063799487524
A,A,-42.263531042747694,-61.402469708850596
A,E,-38.63916175823536,-65.67971900740501
A,A,-27.695539457275963,-57.853080436852814
A,N,0.7753439042859315,-93.10459808399905
A,G,21.156569256752036,86.06426006121092
A,V,120.69427951756116,-112.7144990049749
A,D,143.71372913532548,-61.48815061431905
A,A,158.43956415084025,-152.58076961350127
A,T,164.33721040715182,-148.14209790099906
A,R,134.52398241199876,-106.66260257055585
A,A,130.30439476802894,-128.32185451766676
A,T,-3.761513421166103,-115.86356850726159
A,N,174.2730172431304,-152.07971514163557
A,R,-42.73773654459956,-57.14410022675459
A,E,-49.476315737367734,-60.88797115480903
A,E,-38.62384459153088,-64.76837324149317
A,L,-48.107708048352926,-67.66151918435982
A,L,-42.70581966724826,-58.36567878664779
A,A,-45.81505544089404,-61.72982796487816
A,A,-43.070326383093715,-62.38506539405654
A,L,-41.506382283029936,-66.51969127468482
A,R,-38.625882325910936,-67.32235720668616
A,K,-48.29372056424384,-60.54185849209371
A,G,-44.271773160192886,-61.62752871144533
A,A,-26.512127144737136,-65.24808990670309
A,E,-0.6658969044339932,-99.94683317028097
A,L,-30.781050694073688,-72.0572053443334
A,G,17.885109374615467,69.22069489019479
A,R,157.13809283158093,-150.29602771832273
A,P,157.2542806716415,-58.24897065102909
A,F,140.26157468271796,-149.71453817290777
A,L,140.26673032031078,-120.61073475457823
A,I,120.38060375613938,-127.61180228628238
A,E,130.7877924127252,-93.90416368450416
A,V,119.81285965955227,-126.33800740303684
A,P,133.55336355257458,-67.87092986311758
A,V,165.29223081581762,-135.2750748616625
A,N,161.3360157160412,-144.23808829915265
A,Y,-51.59463586688508,-109.0093085156675
A,D,80.16128185039126,45.34670750479027
A,F,157.97355459028947,-90.96429844568344
A,Q,92.17463623590702,-108.09449221826574
A,P,-26.47037816529251,-52.9954908928711
A,G,-19.27794238679088,-68.9087719246799
A,G,4.608753961515131,-86.92771962080391
A,F,27.156717915183176,-111.93648607797515
A,G,-25.59209201183654,-58.843826079135575
A,A,-14.493592066330656,-63.232796498231814
A,L,-14.153580959022792,-79.96611609588581
B,P,132.65538441968897,-55.93308889350277
B,T,-179.18802616346647,-102.80525751504054
B,A,-29.086075097710722,-55.29622557229922
B,A,-46.69297239619681,-62.45212439797891
B,H,-45.17591789029132,-61.754826109866585
B,A,-36.17160387474528,-65.12613824176792
B,L,-54.982090818150866,-63.020587479420364
B,L,-38.319663547369,-59.39522498064926
B,S,-36.318865648322564,-68.09922413799157
B,R,-37.01455976761136,-73.97794478295985
B,L,-45.66489174374243,-58.353683464400795
B,R,-42.100071456919395,-58.37606398006108
B,D,-35.311297206873164,-55.855081828070865
B,H,12.073921605153549,-86.42480939659544
B,G,4.155704882803508,89.78200232753828
B,V,128.25973210805384,-74.26299701702905
B,G,-11.178074738180092,-117.12967839104225
B,K,141.72737235792346,-134.27612713400947
B,V,114.63342894109002,-122.63773186055641
B,F,134.80314897002765,-88.65008412582524
B,G,-166.758354230589,174.2850403909532
B,V,125.705212834794,-129.21999382956952
B,V,139.5854165749577,-93.17175864037685
B,G,-152.58702408867023,-111.48409537052365
B,R,-15.943540463846304,-59.17116887175909
B,E,-9.056376596776593,-63.21634488459571
B,A,-24.8708771133725,-56.728707558604384
B,A,-23.8540056841789,-62.82265449569903
B,S,-24.823882924820932,-104.40733334794582
B,I,121.13082195547432,-141.40955745760024
B,L,-38.324058809046115,-91.18092354973044
B,F,13.297065712091044,90.67888838269042
B,D,7.223463040479568,-112.33218301526524
B,E,-33.73778744086092,-60.501848790832916
B,V,123.3186651324286,-127.48195253135677
B,E,134.33806406678318,-66.80502464720355
B,G,-11.17529034755103,105.26915402639858
B,I,122.01256519237798,-124.22604910789366
B,D,140.3969855126835,-115.02841461218921
B,F,135.88320501635698,-80.42632512733199
B,V,101.71176615050067,-115.87877856040768
B,L,125.30083835621107,-79.7566651607958
B,T,170.14849119864837,-107.48101401499747
B,R,-20.564227778525886,-84.47104384460215
B,H,147.75159064515768,-147.5669419502485
B,E,-30.12436442045546,-67.81125646195648
B,F,-47.01038862511904,-55.38798740927114
B,T,-43.51258104778731,-56.481310514939416
B,A,-47.00440910113098,-60.34994883863413
B,G,-43.74383903534346,-65.40601012795291
B,V,-38.17192385700896,-68.54866329903327
B,A,-42.86023643892259,-61.312158408995245
B,A,-42.775979993641144,-62.675511718193604
B,D,-52.101802583668984,-55.01099058631244
B,V,-39.23399377667488,-69.19729394097045
B,L,-40.56582390704492,-63.11704679615774
B,A,-41.189944534992954,-64.17113703240109
B,R,-46.63892255294758,-60.36894450184986
B,I,-41.40921332730273,-77.49367459854906
B,T,-27.978915198956464,-75.42268215533741
B,G,17.915360436172552,74.36242462876446
B,R,148.91665442982858,-123.81490598161903
B,P,142.3741848617072,-58.52120707271222
B,Q,170.897453485389,-128.74700583722029
B,A,143.22606246854255,-135.10868846998426
B,C,162.20537586158045,-133.66165001334284
B,W,135.7383252368567,-142.61904110547053
B,A,164.70535324250605,-141.17640133282347
B,T,-177.31595820584926,-79.9781129238262
B,L,164.33497227733105,-69.57285757312044
B,G,-118.36832795902092,62.3432256129786
B,P,-21.005036036997975,-65.89351904727745
B,G,-55.751694849225395,-60.739379938010714
B,M,-44.05908045498328,-57.44905137851869
B,T,-38.000935352398855,-66.92068121339538
B,N,-41.891543829430965,-61.113316608346764
B,L,-28.054216661700284,-66.29467602795368
B,S,-26.148334338153077,-62.62157372951021
B,T,-32.85600880343732,-67.3436200700942
B,G,-40.39613901541878,-71.07642669347949
B,I,-46.086019713576775,-59.78000958923835
B,A,-39.71128300622373,-57.52593711894874
B,T,-48.26138993199488,-57.579406283556985
B,S,-36.81213668997818,-65.31312653892434
B,V,-39.66055739937662,-73.38450814133263
B,L,-40.186827867697126,-83.9112548642828
B,D,-12.463044145613559,-83.46416899268266
B,R,93.79042248316533,69.86518644027343
B,S,143.3152105239085,-153.6033476465929
B,P,90.43813449502126,-80.08345095070692
B,V,133.7219699641566,-111.85780286604475
B,I,109.02082868666687,-97.05288059853048
B,A,127.47813447658811,-99.6965214074127
B,L,130.5289315405296,-124.01715526576882
B,A,143.1908259683261,-135.39816752602437
B,A,162.13539482710482,-69.62440162874837
B,Q,158.6613979061295,-141.8400227756105
B,S,151.66205105429987,-45.29520013839899
B,E,138.96878926841958,-50.32374238998046
B,S,-43.88565813703918,-54.34121294415456
B,H,-5.579267427437137,-73.107651712392
B,D,18.038583803365327,-121.41141779831715
B,I,100.05212176493325,-79.77988084994533
B,F,86.08592073965659,-132.6998865523173
B,P,133.38133135730732,-53.42130360910839
B,N,11.827744672178362,69.64235601333714
B,D,-49.921266938220704,-131.58015378692212
B,T,140.03120759843208,-67.739381060142
B,H,123.7734614576989,-46.52944390565538
B,Q,17.26257980829586,63.02990836103367
B,C,112.98679065298005,-98.82236183953898
B,L,157.29282621517007,-116.0493030559198
B,D,81.11960805320635,-78.7787057281994
B,S,-47.35663531674171,-57.42996474226424
B,V,-44.01145197340886,-60.60466524594435
B,A,-37.87539233905051,-64.54101277280311
B,I,-39.269937898905624,-69.51669364525053
B,V,-26.661328820538692,-93.95334713917573
B,A,-45.61005896737554,-46.65681022077061
B,P,-13.93215838783482,-68.22579224519093
B,M,31.982254218428356,-119.36389701513018
B,S,165.27892230383657,-151.88655198869893
B,K,-21.50977652957593,-81.08399397577845
B,Y,134.84394100348374,-171.17757168825847
B,A,130.348548128885,-150.3491301021263
B,V,153.14902491310164,-154.04079801480395
B,E,128.34487498312785,-112.53986007349512
B,L,131.68943457968257,-57.52271189948592
B,Q,-37.57105220049743,-121.45593618800471
B,R,114.74093127848978,-124.4706473602934
B,P,-42.81800238660828,-43.60560725091359
B,H,-18.03938881954549,-70.83879011235457
B,E,-7.716965827173101,-75.67667178224232
B,I,-34.319722529011045,-55.17545680603184
B,T,-47.67091921953154,-60.0307321900772
B,D,-26.049055969652652,-71.738714023638
B,L,-42.10823224380564,-70.32041158875117
B,V,-45.12139608140975,-57.83939093773746
B,D,-45.64370282203007,-61.54629085863049
B,S,-35.035252671348765,-67.28714621350971
B,A,-44.52490993416932,-62.91972721875404
B,V,-44.15015296607655,-67.40514733020918
B,N,-44.940389357392455,-53.91127085960247
B,A,-40.25328951846648,-76.25360862034617
B,A,-39.55240938037288,-57.1966673267249
B,M,22.258885291105535,-97.3222913284616
B,T,132.1754026308129,-110.22246420601275
B,E,139.35428089422274,-64.34212907527285
B,P,129.37494787330448,-76.64990309114461
B,V,151.82739234372724,-63.43251550262956
B,G,-174.73517576225896,-173.62713556893337
B,P,147.00136369949573,-85.02020431535293
B,S,138.59559799959825,-119.2612362035232
B,F,134.12068034119616,-114.53077999634203
B,I,122.69322461562687,-123.61621028462412
B,S,132.18576733117456,-91.99115037085448
B,L,92.89030001558925,-124.87918134542065
B,P,131.79988208442475,-60.06472192190653
B,V,-39.81109815792482,-54.34649534523532
B,D,-41.276890715041986,-64.02490500011737
B,L,-34.99834005228696,-76.26857548918613
B,L,-38.6440415304818,-57.1605658328942
B,G,14.250843874302666,-91.08762575597983
B,S,143.29802746667755,-101.94234294915123
B,S,4.832057859924337,-103.16510119579185
B,E,117.92919637482348,-55.928570871684535
B,G,3.0381613159894676,78.01637975653135
B,I,122.71560464843212,-93.4450098436928
B,D,102.02810624192996,-130.9041752576299
B,T,1.9581511522167998,-86.47992631110142
B,T,-23.413340140916663,-83.0260096170304
B,V,113.29025488522302,-84.66203226606133
B,P,147.57747402268714,-64.7475865338378
B,N,142.98071232325432,-59.14996629188349
B,P,161.15169529130605,-63.710951005178046
B,P,141.34555951092634,-54.80576829926591
B,A,-39.31579539267893,-71.60551844154985
B,N,44.48730206618567,50.77589544406323
B,T,129.3554796877212,-59.01199955033429
B,P,134.52456272281862,-57.32657003536075
B,A,-36.37026657452954,-64.38139056075102
B,K,169.5262716935954,-145.66733716974352
B,P,135.4038224109323,-56.60781143523856
B,V,134.99160139632357,-66.85678130033376
B,G,159.69753300532292,-114.13877121068751
B,V,138.74137095428406,-86.57210494344714
B,V,125.1587223700824,-136.331390797769
B,A,140.54441654625782,-90.27271482212701
B,D,136.94037248607916,-56.339571275793375
B,G,14.570549900790484,79.64514983478846
B,W,-33.16831582452446,-60.43145128640658
B,Q,-41.36523138057604,-62.39674564943363
B,K,-40.62963326336094,-63.898174512196796
B,A,-43.09043090726854,-61.28424609256526
B,A,-38.60703688312608,-61.561525918371935
B,D,-40.983998212108844,-61.77735993092406
B,Q,-41.81652119215123,-60.55913935876713
B,A,-43.44237777263962,-60.15349381601599
B,A,-40.51007733869893,-60.51089318549394
B,A,-41.97176278589888,-63.739050397834
B,L,-45.81199363207956,-60.08361825840169
B,L,-42.57427915824155,-59.598815782237516
B,A,-46.072776589686015,-51.01155293328906
B,E,-21.21685448458052,-78.8809180142191
B,A,140.91050749647886,-70.7045144633231
B,K,-50.42295288527536,-83.79963517268997
B,H,80.85482107502642,-131.06842093247351
B,P,156.29602235360449,-80.03764554730515
B,V,151.0935561677258,-134.02885800603255
B,L,121.1327025603833,-99.9796587556663
B,V,107.06555149530472,-102.87845150718374
B,V,128.3222211250075,-102.92947724176454
B,G,170.83620607425027,-107.33444434545727
B,A,-29.59013294042046,-59.38642167008691
B,A,-33.799119461287134,-55.753922050043826
B,A,-36.44258163128454,-63.023334377970336
B,I,-48.65562165910373,-68.2987000293648
B,R,-38.45650703376086,-54.16584529224475
B,S,-11.87097589642646,-67.5807202727261
B,G,30.91927746933552,75.01795389774048
B,A,0.3344531029950051,-99.1905371621953
B,V,-55.64790461095554,-56.306535400335996
B,P,-44.84015126510855,-56.019436162275156
B,A,-40.87444902468304,-61.476721848232195
B,I,-42.29953544453133,-66.89107083802574
B,R,-47.72714854379251,-60.136748988553265
B,A,-37.05270475216809,-61.373383393195645
B,L,-50.68093934689659,-66.11930546912228
B,A,-42.897520645066294,-59.83885179116999
B,E,-43.97715671549564,-65.77412567428124
B,R,-45.24972317202169,-63.39013052409476
B,L,0.49363369103053556,-94.55881071865672
B,N,45.8675438563503,58.13134037733105
B,I,120.39572758540217,-101.11265420434653
B,P,147.0509494288785,-56.535544030621125
B,V,118.69505413997744,-116.34236669004692
B,I,143.8561540556841,-114.2762836359501
B,T,162.83004355537045,-125.60964945085878
B,T,176.8062567681397,-72.43396035666379
B,Y,-35.38545357389148,-56.0362127163048
B,I,-15.484387348079078,-95.98297382426374
B,A,11.640688584099957,-99.84124144115675
B,K,134.77398225938646,-55.977975019121494
B,G,5.031072416849565,100.10997754063429
B,V,-24.687118145773336,-65.55250903165904
B,L,144.4002145575409,-121.02061747417427
B,P,158.73891826058255,-60.5734926992357
B,V,132.82028882513347,-59.01709426100806
B,G,-21.14604208853894,96.01323361404876
B,H,133.3734451591785,-53.40930111264151
B,E,-24.459103953131404,-62.85698852259847
B,L,0.6204085560640461,-96.48103526544385
B,N,90.29434475012573,-78.99622968483752
B,Y,-2.02700989291623,-86.77337658774573
B,G,175.7292573274651,96.21972531390085
B,A,156.5316994985746,-93.32597860607552
B,V,138.13505461852952,-103.13791257158356
B,T,143.20188727391564,-135.5413173479145
B,G,-18.42663932268523,-60.49500231383269
B,Y,-6.044947662286248,-86.21288299221146
B,M,-39.66821793541328,-62.671615241343005
B,D,-47.24802638435909,-60.43694018097969
B,G,-49.138992962752326,-66.1516295857202
B,I,-45.2442415341533,-56.217221942147845
B,L,-10.08136362667216,-86.41230815755543
B,N,55.643722790576476,43.478841213989256
B,F,146.41683607239412,-150.285377441238
B,P,66.821085483245,-72.75470642673251
B,A,-50.07427069567523,-69.50173157389179
B,L,-40.63142264517009,-62.595106522032886
B,Q,-47.52216872142618,-59.6865559130569
B,T,-41.95084797795446,-60.461113040774016
B,M,-45.1397893167845,-66.7181756176274
B,F,-19.619236375765812,-113.9747821809654
B,A,-46.721456106543684,-52.78054864894246
B,P,0.42180019503276445,-85.64545553932403
B,V,133.66621241233972,-73.73870559764666
B,D,-8.797399953340625,-111.64867069261886
B,L,122.0427069442012,-143.35707522967454
B,V,113.96529509400705,-113.47852754451128
B,L,106.31431008094776,-102.01124672346893
B,T,94.2741721546653,-87.36490640823699
B,V,108.66027184611461,-87.3423374581662
B,G,42.31283140860816,73.79192393573777
B,Y,135.82444831363208,-62.55936320247634
B,D,115.70778337844877,-146.05855067170424
B,Y,-28.117672908368384,-54.63260968312223
B,A,-24.863583594106863,-67.067869278551
B,E,-14.908132041821649,-69.08588025457297
B,D,18.103550371350735,75.68901246546719
B,L,104.6519585953985,-90.68053551030565
B,R,149.8031540337857,-99.68874614679599
B,P,-38.328721497096275,-47.138618722180695
B,S,-22.664226010712223,-59.73741216695451
B,M,-30.827404878437168,-74.32963709608224
B,W,-7.638410505326212,-95.01338448342885
B,Q,69.35302946365384,-84.5731701765594
B,K,139.77708405898002,-126.22820531114665
B,G,-128.76997255414355,69.89138274349567
B,I,155.57045007315557,-68.03591310356141
B,E,140.20659504815913,-63.54193749382187
B,K,149.72698693590564,-128.32779894140057
B,K,147.50445169197633,-92.78449296645448
B,T,143.3795347917481,-122.72807249834823
B,V,120.10001575446879,-121.0744036381404
B,R,131.16404701344976,-95.05115261912303
B,I,114.95322176979472,-125.36916529996333
B,S,144.1190977202711,-152.46699768411202
B,P,30.546830683549874,-80.58956892650805
B,T,153.1843634659498,-142.23063311654573
B,V,142.59027894371388,-69.6299920445932
B,N,108.88793828364024,-54.257842554541334
B,P,-10.04945380237789,-80.94654909915533
B,I,52.13037133464159,-130.2068064314267
B,P,-15.766278953099915,-61.147866052134425
B,R,-33.76274604733424,-62.923549800166114
B,V,-39.668345350354684,-104.01378739768839
B,Y,113.15927175123912,-131.94149334220583
B,R,86.53677097074602,-117.64610461248883
B,P,147.2102944236876,-63.081817985770776
B,D,-36.2998639386541,-63.96752588291375
B,V,125.63162957022188,-133.42675562906757
B,D,113.41464187172254,-115.53701721802982
B,V,105.62687137530747,-105.76283029545726
B,V,103.07122872070521,-100.39157338255333
B,T,170.28531672313798,-172.68409005970224
B,D,132.73078870774435,-61.036501657969794
B,V,-46.97668898504753,-56.82489428502798
B,L,-46.148499711484156,-62.54115370035233
B,A,-47.33146930219543,-50.269999064133685
B,F,-49.88636921359879,-57.81535461287933
B,V,-41.76020214347166,-62.810707237532
B,E,-42.37260114480286,-65.04091321338423
B,H,-39.53244873634134,-63.54460080705345
B,F,-36.05992772830912,-68.10374131205239
B,E,-45.007842814498744,-61.16113912813619
B,T,-46.43297157592885,-61.55481672013419
B,A,-35.85564179063295,-62.811762501969305
B,T,11.52638446073781,-105.53403870228763
B,A,-37.17195294721699,-53.133001622472115
B,S,-12.796388244966026,-83.49169358226945
B,F,148.83656870962562,-65.77614153898031
B,G,178.80237209433767,-105.54106759002933
B,A,134.59548052720388,-72.13922364151519
B,K,166.16187712170185,-73.64711011373662
B,Q,128.37035908177413,-92.92797629082229
B,R,151.55833770376321,-90.11416961208182
B,H,160.10149851586525,-75.67988572162739
B,D,119.96383611889384,-95.96641559119071
B,I,13.991317228157056,-119.76748489088477
B,E,-40.632482746859225,-51.15467663272008
B,P,-38.097410562360984,-56.53560757560843
B,L,-45.84481952985033,-69.32707486512741
B,R,-38.936070709573954,-58.46153209400148
B,A,-44.5493636314898,-62.945975455857294
B,R,-42.78456871096382,-63.52986474011457
B,I,-45.36863258226608,-62.95135431370288
B,A,-34.40933741989343,-62.710493475615934
B,E,-39.914029315383914,-66.99110853630884
B,F,-54.5763075877412,-61.014381429559066
B,L,-35.1182092245678,-55.91270703181906
B,A,-11.75528844475337,-85.27147975702157
B,D,107.83923697695577,-32.88904408992403
B,P,-6.618605796690636,-88.97234100291062
B,E,142.6149493629775,-63.10548600695762
B,T,109.60935683451495,-105.60733001116272
B,Y,145.55737760215223,-86.17776231800993
B,E,-30.996800466364956,-76.64627564885635
B,D,40.64766323097969,-103.60578102503021
B,G,165.91323005719462,96.01217793294312
B,M,165.92821636422542,-68.47038765451236
B,R,147.30623656832898,-103.49108773522596
B,V,-37.7056708502578,-61.22666687347403
B,H,-36.46623190495976,-58.04470752793815
B,Q,-37.15247520929915,-66.68806030234731
B,V,-48.100494345173146,-63.92912428879547
B,I,-40.599010572840065,-66.30328690825087
B,D,-44.22392714187438,-55.481016682971365
B,S,-44.7861576119147,-64.27045709010346
B,M,-42.42255170843202,-58.316461436461196
B,N,-49.48597506275356,-58.3698499838174
B,T,-53.483739143422035,-54.38505229139466
B,V,-33.21393210979355,-72.53532328604432
B,M,-48.356967126977224,-60.90888472828579
B,E,-41.03207651563872,-57.3257562224089
B,E,-50.21406579175078,-61.6908570578882
B,A,-38.22537560578783,-74.50574224933621
B,A,146.03703732212693,-86.4782635339214
B,E,157.79703324264665,-65.0645506587001
B,P,139.46609020283114,-56.214554719958805
B,G,14.020409950405314,73.1611882885527
B,E,175.39126677201386,-127.50160088326021
B,G,154.8503007407912,96.28724672673327
B,T,130.6512978446527,-137.07748586956032
B,I,126.65128558815782,-107.58317743011254
B,V,139.95387728076028,-108.82868979086057
B,S,131.84383464481695,-123.9872061810541
B,D,-164.28478140033113,-75.61162713482784
B,I,138.40495643475404,-111.40118594381406
B,G,-179.066735299741,157.19886903766752
B,F,-43.934208533196276,-57.37591834070582
B,F,-30.440875577659284,-52.27953084735148
B,R,-36.08587469991295,-60.27491393768928
B,H,-24.269802357672766,-73.82270285690556
B,Y,-41.34747160109197,-67.00499237390542
B,G,-45.513480813884094,-57.67423822695127
B,V,-46.18039439317564,-57.34354750406165
B,L,-34.402338193653435,-75.49269704204451
B,F,-22.179783530172156,-118.22959192253575
B,A,137.61979167807797,-71.99858507447966
B,R,136.59877232631638,-69.47731186839772
B,A,107.2383935810454,-143.6643412136861
B,D,8.852276368537817,-101.32400436536545
B,Q,160.55669550145646,-156.0067349687523
B,P,135.42380175791718,-54.76864382374936
B,F,25.132808278423486,61.60949431156044
B,G,-22.16850977718638,-74.57157043166913
B,F,125.89808823180951,-119.8587071301822
B,L,129.128807263018,-120.15703550319631
B,T,174.192431856371,-153.3782136730279
B,S,106.78219764329533,-98.64142901916104
B,A,-36.40869762204189,-87.54202536605128
B,G,-45.605837496591846,-89.65176884216406
B,C,-48.895887092605605,-91.97487223932593
B,S,46.006009306783874,57.87289518981948
B,S,129.44035738627755,-74.17701803186642
B,F,153.96295209519639,-67.50814296674162
B,G,-7.279313813849029,91.07511183399352
B,Y,-32.45842259473222,-58.06390912858104
B,G,-56.17450020830391,-54.979519716405456
B,I,-56.12403727015299,-55.998605841416456
B,P,-34.89399439439998,-59.3746885917639
B,A,-41.66292382229654,-67.56602310698612
B,A,-42.361461552779346,-61.662903734495984
B,I,-53.19502055131774,-57.01023258698945
B,G,-45.48866851231232,-59.05636945718242
B,A,-44.95598363964525,-62.651532730627274
B,Q,-41.129420554039235,-65.32514429352824
B,M,-37.585101071061985,-64.9612615419751
B,A,-32.278225131917964,-68.61427016245878
B,R,68.50040844247157,-128.1784344969599
B,P,-30.16094333128003,-56.88770621551136
B,D,8.84495623895502,-101.55186469734602
B,Q,150.33257322695735,-111.92385501817773
B,P,138.75486662783337,-68.72966581491553
B,T,113.32290084974305,-126.18266420948743
B,F,141.89285493889147,-104.63235421804113
B,L,135.60373443748114,-120.53907127560677
B,I,133.81898959378708,-113.84389823697413
B,A,147.40430458393675,-145.86435274010276
B,G,166.03297480320558,-84.20831939987055
B,D,-39.788226532425746,-65.55557852152157
B,G,-56.802215224285376,-61.44232213963704
B,G,-45.705873002878796,-66.84909567405745
B,F,-48.76827628834652,-57.55604305199428
B,H,-22.890552981974256,-71.1019688186759
B,S,-26.859352524696966,-56.37344136232596
B,N,29.95996734927685,-140.42962729985257
B,S,-14.136268035836435,-74.70380550037804
B,S,-27.59486002919736,-63.88880620948325
B,D,4.679140104159691,-75.71958904521262
B,L,-36.204459509588574,-50.35138864743438
B,E,-35.3721046096382,-66.98311464471735
B,T,-42.138530535468064,-63.166287813971955
B,I,-46.435616185920054,-59.896491632514014
B,A,-49.545355678169955,-61.33391977912664
B,R,-43.64466465941045,-60.34391988121083
B,L,-5.020252368106837,-81.69651798556666
B,N,55.57073382467535,45.451575042327626
B,L,116.52448004798124,-89.54718454553708
B,P,43.46558868020848,-76.56097994085356
B,I,132.41429342288876,-69.65911563847637
B,V,121.77532416040475,-99.72766991489921
B,T,130.47191839693735,-110.36626985232068
B,V,120.01111333555352,-110.378119074465
B,V,114.01431248078102,-101.62329796067411
B,V,111.65781711940271,-91.67668198173071
B,N,125.7985190545981,-109.09153922850328
B,N,19.374981531720838,-131.6467074347672
B,D,33.539582582718,54.17275612792398
B,T,147.71610128614245,-152.4064992160835
B,N,84.84122153035015,-77.62336982218875
B,G,-49.20767246347771,-64.86109487543546
B,L,-38.61862493891491,-54.0502866203151
B,I,-35.47460926799828,-69.44707092386338
B,E,-36.72245810959539,-64.87882813678783
B,L,-48.75119783611803,-59.108928282898695
B,Y,-37.82668081628521,-59.91400949524118
B,Q,-46.65115198036164,-57.77203601595097
B,N,-37.000860827229296,-69.17466284623852
B,I,-47.01454535022611,-59.33747395311036
B,G,-24.341616232269647,-86.6067605013514
B,H,-12.43494241968521,-126.6604494494723
B,H,27.92701391951415,64.14214723968803
B,R,162.07145456846928,-165.05388243019038
B,S,163.98175704160548,-91.53779470123972
B,H,100.63413747093013,-141.04959403297178
B,D,-42.00794070498645,-56.71237711081749
B,P,-23.54114976926982,-53.282056826136504
B,A,-12.466964612430163,-90.96060546204895
B,V,-24.92533825633906,-136.26114096195127
B,K,132.81984036702758,-89.76599287565661
B,F,164.47934109819522,-106.57069205717026
B,G,-178.31890730722543,-83.4010697546357
B,G,134.99563900691993,-76.8529570174
B,V,131.29534718656404,-120.2007592080564
B,D,97.03210558546263,-90.15603867814728
B,F,-22.00091321368763,-71.42504197904269
B,V,-52.05155587922865,-67.35941244711215
B,A,-40.523998593920034,-62.49702751015035
B,L,-50.97226492507643,-57.06579246328455
B,A,-43.6218238394834,-60.275413427165056
B,E,-35.55217606336309,-65.39701327136598
B,A,-28.688714179526265,-58.45610175464358
B,N,-1.0669163519760287,-90.32376591582255
B,G,25.37376626265069,84.44794494497168
B,V,119.81673659318139,-116.53891209920175
B,D,143.4621132489935,-60.95494643958008
B,A,165.916524667205,-150.86475312620536
B,T,160.28769139240688,-158.70208899307573
B,R,136.7428382390428,-103.8051700920575
B,A,130.91070202964906,-130.6002138445536
B,T,-0.35590082116215555,-121.46547711029976
B,N,172.59620399198369,-153.53658641597528
B,R,-39.39183913425402,-53.997408521244196
B,E,-50.40178243907211,-67.48196257347755
B,E,-41.23556512692547,-61.99478257360249
B,L,-48.932377769117664,-63.66284481861888
B,L,-43.35682275598927,-58.68634775425972
B,A,-49.21627089485189,-58.29674745117519
B,A,-43.05088689096571,-62.463300158492984
B,L,-46.00759822203727,-62.90992274580762
B,R,-40.72767355174935,-63.70728092887672
B,K,-55.32448860058072,-59.33232225035079
B,G,-47.20301136751558,-51.99915055579948
B,A,-28.484257056458674,-62.43784088265641
B,E,-2.461903985864282,-101.44069435352826
B,L,-29.358750672449027,-65.11054384307974
B,G,11.674346581904175,72.83552651993067
B,R,160.91676584939168,-145.44167057715134
B,P,151.84137587768348,-60.62339569486702
B,F,143.14915633777804,-147.04092129709133
B,L,138.14026784438315,-127.27532671924526
B,I,118.05399207332088,-125.44964698659558
B,E,131.21657817621687,-93.42544742936245
B,V,117.98227713895396,-126.62847974719739
B,P,130.35955237576223,-66.88892533328418
B,V,164.03079921517093,-130.4109964757708
B,N,152.80707714675182,-140.3336360728686
B,Y,130.86415240374723,-111.13592003855996
C,P,140.79094312208414,-57.859072040239255
C,T,-177.14806365790278,-110.00983064965283
C,A,-32.45576604159853,-59.323353402492565
C,A,-47.19481268630842,-54.936514343234826
C,H,-43.062795369681204,-64.97817586084709
C,A,-34.374803116959676,-66.86441484514839
C,L,-52.09053441293246,-65.94660345409875
C,L,-41.03107152157595,-62.452539662931
C,S,-46.26842909585242,-58.39072193175135
C,R,-36.14291591877527,-68.03233133427942
C,L,-45.82476237190568,-61.82438578012103
C,R,-40.87864752958138,-56.60899005284599
C,D,-34.550871683108156,-57.565212359300574
C,H,8.558657217624113,-85.86525538201924
C,G,5.868270719457483,91.80607910385304
C,V,129.97790970178778,-77.44322481136642
C,G,-9.155839655583932,-122.44058584384743
C,K,139.01909624148027,-134.2526058653495
C,V,113.92941257612792,-119.49656918061939
C,F,133.8087287917373,-88.08546841312501
C,G,-167.7741950842572,174.78365502437342
C,V,128.58421183590866,-130.40645559055451
C,V,135.1237737848731,-99.40757109816437
C,G,-146.99563179261625,-106.46689753071057
C,R,-10.954208490753832,-64.53873828709152
C,E,-7.763718952294643,-65.97778718921913
C,A,-27.98095819610298,-55.13118670097691
C,A,-16.58602658778697,-66.45540196663899
C,S,-16.154072194377463,-114.9332284968339
C,I,122.31452794162358,-145.39409844517445
C,L,-36.946432337250506,-88.95975353494157
C,F,16.821459232317785,87.29425662063439
C,D,10.15633492594968,-118.20197368694706
C,E,-34.54549525520385,-63.5026049822026
C,V,124.37999834516552,-123.26807795254328
C,E,134.24802555238634,-66.22693754587881
C,G,-4.879529775590012,99.44587980673755
C,I,118.90233561050997,-125.19263347834645
C,D,142.4177454301033,-113.93066267260346
C,F,131.72949591980716,-81.4888293431423
C,V,101.83599024685287,-110.91443946216901
C,L,122.69778037892114,-76.6963804080015
C,T,171.01731379728903,-103.89783749453242
C,R,-17.10774969400395,-87.60144396634932
C,H,146.69078292310792,-147.41478246954065
C,E,-27.3914964954087,-67.36478245762046
C,F,-47.547880985728526,-56.67534110885745
C,T,-41.44876383733655,-56.74006393106545
C,A,-47.38522683372408,-62.96516558136803
C,G,-44.81653325973213,-62.535653176103615
C,V,-41.46284277589564,-67.65323210994706
C,A,-42.84417059695905,-58.49648353280176
C,A,-42.621382021308435,-64.31690654779072
C,D,-47.592820209567115,-55.29859426710988
C,V,-40.17653024811112,-74.50262594533503
C,L,-43.72843438525567,-57.35271025756483
C,A,-39.12934776040633,-63.12042805911519
C,R,-49.0586126129919,-62.206741948474715
C,I,-43.15272686045022,-73.60834801060771
C,T,-33.02992618016241,-73.72668638148231
C,G,15.503215880678361,78.21983250792445
C,R,149.68962409535374,-122.18425404989996
C,P,141.1003936795564,-59.39305522385328
C,Q,173.2551247898091,-129.02751653353133
C,A,143.7638483154371,-139.85340718725158
C,C,163.81193988829307,-135.84283924077872
C,W,137.14541933962832,-142.82877788618163
C,A,161.69315337356548,-143.28801833628924
C,T,-177.07514893330574,-79.93822673633605
C,L,166.50187759785487,-70.98829494928904
C,G,-117.06538537089463,62.36861405404405
C,P,-21.839392743230135,-65.51495587451099
C,G,-49.085751660068496,-63.072357741109876
C,M,-42.57839833447321,-64.16378415945108
C,T,-37.853233379506555,-66.47113341509674
C,N,-45.210441046794166,-63.41266429296295
C,L,-30.59960829765074,-60.59246652902355
C,S,-27.831641417355936,-59.228736199606516
C,T,-35.3292759711772,-67.6854035854071
C,G,-39.90140493701784,-68.61607961231921
C,I,-45.93107964756202,-58.360041478484995
C,A,-37.1292449209746,-60.51811715394575
C,T,-45.96931407586261,-60.442902150367296
C,S,-37.53647114372076,-65.6214217545448
C,V,-39.15797783451115,-73.8294049351021
C,L,-40.08426072919138,-81.05952658061057
C,D,-14.250235356787838,-83.26264461321671
C,R,90.38061298808063,71.98921543592715
C,S,143.15616446977097,-150.6567716761398
C,P,93.69488826887593,-78.96372071773501
C,V,135.91826915841008,-114.75200760375695
C,I,108.33914508438156,-100.79555502587574
C,A,127.96067879768661,-99.32237774338542
C,L,133.44462547388667,-124.49076493006514
C,A,144.0603756919743,-141.09564365575645
C,A,165.4880658565044,-71.0611340746089
C,Q,158.05324813042344,-145.1502295693114
C,S,150.84720963883166,-46.193099525150686
C,E,133.4720284287317,-47.78796395792417
C,S,-43.38213814523421,-46.220204693353665
C,H,-5.428410041560801,-76.27550791584503
C,D,14.483242694751642,-120.0216850100071
C,I,100.79408103538452,-76.80379314412168
C,F,90.12399009646518,-128.83361926657025
C,P,135.01413334530483,-56.31049544179267
C,N,11.529810146260548,68.3671015451558
C,D,-51.64980345461287,-128.22898824838927
C,T,133.69003502159222,-67.88646810873104
C,H,121.76789825487707,-39.04788535015478
C,Q,11.09198158980357,64.97351141833852
C,C,112.7681752923781,-96.04468565360902
C,L,155.93050664206194,-117.50769205559045
C,D,79.68163220846316,-78.74952436511263
C,S,-43.87487217212653,-59.54707436395345
C,V,-46.37855541496291,-59.352242889164046
C,A,-40.3054366008124,-62.96060546317843
C,I,-38.41733219664146,-68.54042568599596
C,V,-29.397402085668507,-93.48555094551895
C,A,-44.79636014464397,-46.190610947614935
C,P,-17.11923646698472,-65.4195111004909
C,M,29.63077910854651,-120.89511346851123
C,S,168.09252749317338,-147.31826955291749
C,K,-19.31970557287558,-82.85335476751845
C,Y,139.32873217165567,-172.23982260786374
C,A,129.56625074165748,-156.3489923639138
C,V,155.90264070456885,-153.41805476154443
C,E,128.65033594230144,-114.58419704592524
C,L,131.88633115400114,-57.6636729295001
C,Q,-36.4544904586377,-121.91264686837486
C,R,117.01703485923606,-125.94628489147209
C,P,-49.27794827861748,-42.31078574665046
C,H,-19.463415655804695,-63.96643058141387
C,E,-7.422619241576736,-76.68375553019595
C,I,-38.214426884300345,-51.05548335070841
C,T,-47.62487256550846,-58.792506053946816
C,D,-28.10265048443251,-73.42960488881526
C,L,-43.55538568322065,-68.46884910301114
C,V,-47.67873351031742,-59.146033240372695
C,D,-42.519186085292816,-59.08956900944596
C,S,-34.632462517276274,-68.59396789437139
C,A,-46.072878491159415,-61.004795900690674
C,V,-44.64512600684309,-65.3369917515701
C,N,-48.224441828609834,-51.65472421868886
C,A,-35.84231837886626,-73.86232475385813
C,A,-32.46831260318199,-65.36350527132483
C,M,15.511286513208004,-100.42295817667305
C,T,132.95809078297194,-105.49249349121197
C,E,140.58969417062028,-62.034287035651566
C,P,125.27790881160533,-72.19087569128342
C,V,149.49055895568034,-61.02184946343216
C,G,-174.83309001610832,-171.57547368166675
C,P,148.2096374657047,-85.07833915908886
C,S,140.27348054407065,-120.35894391231129
C,F,136.1547829264764,-119.48596112007198
C,I,120.40557704103955,-127.4414058996806
C,S,136.8724816803475,-91.74037058840649
C,L,90.6000047026476,-129.9337013511913
C,P,132.55591980914767,-56.25173380693853
C,V,-29.132151199778896,-63.89474723542425
C,D,-40.69882339490092,-67.62595746430122
C,L,-33.79191316012283,-74.39740389563347
C,L,-39.82768982445957,-61.54925939688504
C,G,17.53655060750499,-92.68543519295469
C,S,140.05678115717478,-100.15799983026545
C,S,1.8021691669201283,-98.20147275295713
C,E,122.81648137249465,-54.597128847861825
C,G,5.382906174261946,72.00437364128982
C,I,125.72424156452382,-97.95196979866174
C,D,98.1987035571491,-136.66899778612367
C,T,-1.1836093459056858,-82.86666215157047
C,T,-28.310975762080712,-71.03655081629137
C,V,111.54461011887763,-91.27488333288103
C,P,152.5105930941067,-62.20348524956507
C,N,142.85220431613965,-62.49773821114348
C,P,161.87270243499964,-59.74891004255193
C,P,141.2252569828209,-58.139774814646046
C,A,-40.53719685608483,-74.0981886329357
C,N,42.58909460560786,53.19826160933684
C,T,123.95289186204307,-60.76944775152852
C,P,135.68580134270948,-56.82954935960597
C,A,-25.110731868866367,-77.52881372478033
C,K,160.3974180414257,-143.74375155755314
C,P,140.83957983274203,-57.603753651904064
C,V,145.19397085648046,-68.8949816381047
C,G,174.88078226226034,-142.65612710474235
C,V,157.28031686663115,-94.74923156832732
C,V,125.51020390207219,-139.2996557899523
C,A,140.1468492816708,-89.45118462469732
C,D,136.46133797680926,-55.98026419458241
C,G,12.74676888915946,81.5443726303744
C,W,-30.346220045225067,-63.41732826178702
C,Q,-41.846263192797174,-64.6897009694676
C,K,-38.301333452207075,-62.404277624462885
C,A,-44.2814267787537,-63.37650557355729
C,A,-36.59372384588974,-62.736451499147805
C,D,-43.72670614707043,-62.043401117220114
C,Q,-39.58363473708508,-61.53412746871518
C,A,-43.064653448597966,-60.41068995565365
C,A,-44.75611347504821,-58.15045226097926
C,A,-43.258611168472726,-59.12653482570105
C,L,-43.686866283660684,-60.54314586374236
C,L,-43.59669369232941,-58.90139295247583
C,A,-42.92127667655044,-56.206977724555884
C,E,-16.72996175151793,-77.67529919900608
C,A,138.5247260801039,-78.05084443395614
C,K,-47.09105797097682,-84.89087846111974
C,H,77.59523838031694,-130.5611259226444
C,P,157.3409928558944,-81.81927691567185
C,V,152.11485380488188,-132.23843358395098
C,L,120.06105974611891,-102.07673969020628
C,V,111.72627806785141,-102.40078704379275
C,V,125.96304722947363,-103.90592522012678
C,G,169.7645774761276,-106.88588197596708
C,A,-25.062208026142855,-63.48208568508594
C,A,-28.431819298200253,-58.983233529331415
C,A,-35.3671450979194,-66.35524628569601
C,I,-46.39846241185202,-70.11526007967765
C,R,-32.44396279489886,-59.793096092972775
C,S,-11.616677762548262,-73.29142605745001
C,G,30.26571057206694,77.72214592312865
C,A,6.572517303424048,-100.08498658005377
C,V,-54.49135973485854,-62.63554621572713
C,P,-40.34443938969506,-54.51334558225903
C,A,-38.00686661311505,-66.58321481642695
C,I,-44.25381301663069,-69.19798709178275
C,R,-45.07030705508607,-58.06859850544634
C,A,-40.439140149145906,-64.62866336851228
C,L,-48.55723564601655,-62.857435580446385
C,A,-45.97604528063607,-61.99247094413008
C,E,-43.547676106415345,-61.86116090978024
C,R,-43.919678865437554,-63.13461154118478
C,L,2.9631333699417777,-100.77090595689933
C,N,49.38431918157425,60.48969511201491
C,I,123.93858211472929,-104.89502373155646
C,P,145.1504505527036,-59.37431512572458
C,V,116.78832868451128,-116.05320170207102
C,I,142.8233765621647,-107.70332402315336
C,T,165.75342360161366,-120.74844617101363
C,T,174.6368991500993,-75.03081230206381
C,Y,-30.12187146188932,-50.76201955868817
C,I,-16.95613659011661,-102.23038339857135
C,A,16.66118458343543,-104.3478374441787
C,K,125.79666781563807,-63.90476116123054
C,G,-1.399112050249539,111.92977945894447
C,V,-20.652044636393143,-65.10492099816238
C,L,147.09868570202553,-122.73060559419135
C,P,154.54926220716885,-62.74260686615405
C,V,130.9898136455058,-54.92620333334857
C,G,-11.459064604078815,94.70860909290059
C,H,135.25692114860317,-63.35295686322917
C,E,-28.97874948411131,-58.170615536400696
C,L,0.2193051875435887,-97.94569632238768
C,N,83.59162039683434,-80.32550545013949
C,Y,-6.1826392629059,-80.1412783429686
C,G,-170.4438903608163,86.45965169611597
C,A,162.41566793982898,-98.23797335847792
C,V,151.64347325848544,-129.6312404446587
C,T,163.95522460620353,-137.46548147202844
C,G,-18.499703512879936,-65.91416241668367
C,Y,7.462298560058028,-98.26603582093617
C,M,-45.772564737555406,-58.48841402425948
C,D,-42.51571613567349,-60.65516396522044
C,G,-35.03227841187675,-73.87626344595031
C,I,-42.714951399110724,-67.41362937347314
C,L,-10.294130111438635,-90.38114493862973
C,N,46.58423789561794,51.47935181310392
C,F,143.0805634211292,-150.556543467314
C,P,68.7990903756739,-76.51482962193595
C,A,-46.05945623529795,-68.97339870873378
C,L,-40.454924798780354,-69.5016448406122
C,Q,-40.464432100589455,-64.01510591392679
C,T,-43.44509977769835,-58.850229606541326
C,M,-47.74079111658449,-64.69840294734048
C,F,-25.727516576169002,-109.10944911867855
C,A,-47.61728267350096,-49.47766666529398
C,P,-7.305910600018941,-84.53365114462618
C,V,133.20799432886733,-63.496812980984046
C,D,-7.054893771467604,-113.59455191565634
C,L,123.8182432200648,-146.9424802525956
C,V,117.38200461465519,-114.7754587179497
C,L,104.57563466769662,-103.48189892366186
C,T,98.13198661100502,-87.70175382928483
C,V,109.95814885145849,-90.29089293641916
C,G,38.711349822066595,76.53394596860656
C,Y,135.41632617759987,-63.298394116439795
C,D,114.91572082418112,-145.0787628088712
C,Y,-33.845085504801595,-51.71951811804951
C,A,-18.44164218197425,-66.77444619085081
C,E,-7.811026423448073,-76.02022826618868
C,D,20.33656843111839,71.3317702474743
C,L,100.56473786997637,-95.70524909698737
C,R,156.0303634026487,-92.3074995632725
C,P,-36.62978750017945,-50.55487779076557
C,S,-29.615049933703936,-53.40188151520262
C,M,-43.020006310867885,-62.87495275672699
C,W,-11.324117799821634,-91.19298479201433
C,Q,67.54646045903058,-81.13337835541424
C,K,141.69173863072527,-125.13488156844893
C,G,-128.6997063290575,75.72069695473348
C,I,162.15640511194823,-72.1062180388083
C,E,141.42245111995555,-65.07646463366052
C,K,144.38149133354608,-120.48416181358395
C,K,149.50731566521134,-84.25861227233752
C,T,145.07841837777426,-129.0578127746263
C,V,122.32509150653023,-124.54107188567818
C,R,130.76064419012712,-96.71496848516585
C,I,124.54266494498444,-125.64605993728652
C,S,141.960819105142,-159.91297222356857
C,P,32.36297479377778,-77.28071103779233
C,T,152.32333186139024,-145.6637247975759
C,V,142.52195950423337,-71.84952806480345
C,N,110.9884576008081,-55.73545015203772
C,P,-15.296001008227734,-78.21498483320465
C,I,53.77876823200149,-127.55877745730356
C,P,-18.971559173997893,-61.0774775661371
C,R,-30.355219666048608,-61.49888207836837
C,V,-40.178605594070284,-110.18702556630612
C,Y,110.81137633274393,-129.0684122384323
C,R,85.36894408441242,-116.5459060298122
C,P,152.0597178453633,-63.88721867298864
C,D,-38.261568572354484,-67.71807074192921
C,V,127.4832922557717,-128.31143983956682
C,D,113.31749732562173,-114.8078219187963
C,V,105.63361406480381,-107.77341181858006
C,V,103.37911964943157,-98.52620491692478
C,T,175.81008672220906,-172.17621246544772
C,D,135.55151094963205,-65.60887723271487
C,V,-46.63441604690952,-59.979907048239255
C,L,-45.797457984629865,-61.01609124450376
C,A,-41.505428358748546,-56.862492819656126
C,F,-51.70487422278668,-61.00451778909575
C,V,-40.74530678101294,-61.60122476003167
C,E,-42.92318679007848,-62.85284037471091
C,H,-42.279369160903656,-65.23134666477596
C,F,-37.51709130287163,-63.542999683818756
C,E,-45.858175511955956,-56.39673713813524
C,T,-51.693263162307275,-61.527327088349644
C,A,-23.062514644920075,-62.590983270532426
C,T,14.03145601480059,-114.96390710182564
C,A,-31.742417445808012,-58.20133758214175
C,S,0.6199087930555681,-102.83426123316197
C,F,141.6784999651719,-66.45732233786417
C,G,147.18441896750994,-77.45600511137614
C,A,154.56324337996094,-56.830490324104325
C,K,160.92345984899222,-95.46465507234659
C,Q,138.6443983557931,-86.28082738327957
C,R,143.33323234793028,-94.96531049590419
C,H,144.8044311264995,-76.80874223548696
C,D,121.07388692910223,-67.03527538416536
C,I,14.64882071417373,-120.35750745059542
C,E,-42.18807016923824,-56.509809822157486
C,P,-34.07990394233294,-60.1357588158842
C,L,-47.91907803071918,-67.25924517561434
C,R,-40.904274564562236,-56.09116801388383
C,A,-41.294826921727804,-65.3305677823782
C,R,-48.04434186620855,-63.35402500505611
C,I,-44.99877311380011,-57.90901683820548
C,A,-41.38586366237472,-64.0772834653087
C,E,-44.543103927291504,-64.84304376612502
C,F,-50.52546380211196,-58.73524204029833
C,L,-26.893062548542428,-65.80392230986314
C,A,-3.1548018937279787,-88.6762595739513
C,D,107.30238451948118,-31.990640667911666
C,P,-11.188567256388824,-89.03865201220974
C,E,138.76743558995003,-55.181148394159145
C,T,104.28244450539826,-101.59450303032378
C,Y,151.53913627173833,-77.27168500518557
C,E,-36.237293355996655,-85.45796643849191
C,D,49.15251975178103,-103.22819896379391
C,G,162.462281768777,92.6069644616734
C,M,165.2656371780269,-67.75271200145596
C,R,148.3919386677618,-104.57928918574966
C,V,-35.257201445060254,-61.883011501758546
C,H,-36.92710600939303,-57.65819776617068
C,Q,-36.50885306247376,-67.15530032901557
C,V,-48.29388888699225,-66.33358455616262
C,I,-42.45911489357065,-63.61694924332664
C,D,-43.356667508334574,-57.692929986156706
C,S,-42.913788445555035,-63.66482128338592
C,M,-42.195989836934274,-61.49443427086342
C,N,-43.2840868882871,-58.58232381213267
C,T,-56.031535451461295,-60.01764111037303
C,V,-31.900372105747447,-69.57596153265119
C,M,-44.305151200926986,-62.728928142860546
C,E,-41.6756706927493,-60.13596333623352
C,E,-50.026651454938644,-64.72416274626745
C,A,-36.12165191828739,-73.7721010706765
C,A,147.20848330052266,-88.99883549172573
C,E,154.93840591394002,-67.66762706317594
C,P,140.3328576385391,-51.749613058336706
C,G,12.723943756302605,69.28203831083007
C,E,177.6100271807527,-125.18212616853086
C,G,150.81914657370925,95.4113950903566
C,T,129.3702819532115,-134.26912180059742
C,I,124.26756179381175,-107.4614338794612
C,V,137.1159466002453,-105.35902266226677
C,S,131.8151899761892,-122.08664569156363
C,D,-167.087088355546,-76.03278204105797
C,I,139.58868826223164,-110.17598976403134
C,G,-176.31163528474144,155.9515510395952
C,F,-38.99659183896217,-58.33175517337662
C,F,-23.944648914221798,-60.972953698617964
C,R,-31.2366661407138,-66.03979695770708
C,H,-36.943360382128816,-56.84437334363601
C,Y,-42.15112329005563,-69.07536058313379
C,G,-49.98173130627927,-56.91482102211967
C,V,-46.962529961453036,-59.571389198691634
C,L,-34.39316075388888,-76.22892130550088
C,F,-18.736671690794473,-123.56011819746449
C,A,142.3149446319086,-68.29663978647478
C,R,132.26484367013893,-66.90347903519003
C,A,108.62453292577163,-142.1873551231563
C,D,13.450398815608239,-108.05489589209941
C,Q,157.72480344916443,-161.17430641961647
C,P,135.9298016808477,-50.837802428538
C,F,25.538029873932086,60.360214770243545
C,G,-28.249416034831174,-71.17157042553427
C,F,128.38436821967701,-121.36963096695787
C,L,136.53690075663155,-116.62292234882611
C,T,179.9278408562495,-155.88653278700357
C,S,104.90687588865794,-105.24542383337794
C,A,-34.3933338752069,-85.90352454105744
C,G,-56.43097351080259,-84.71181649048619
C,C,-42.799308799016615,-86.37026081020103
C,S,48.70331239207127,49.09019453257843
C,S,129.3528625258565,-74.48050032205933
C,F,157.371656590717,-62.599815956373234
C,G,-4.984198758804283,84.61001360423937
C,Y,-27.990108168125424,-60.639974224916024
C,G,-56.91223219933198,-56.45955662534496
C,I,-59.47929753121213,-53.26732489457881
C,P,-33.409125315414066,-60.61808655922722
C,A,-39.68020966887565,-64.24571001231759
C,A,-37.80279193654847,-69.56298751020059
C,I,-51.67931410926625,-57.01379622769058
C,G,-44.64351479259756,-59.78639827047186
C,A,-47.44988580779737,-60.882447390383746
C,Q,-36.473915123904376,-68.30204219569835
C,M,-34.754447209513394,-68.78855986118845
C,A,-32.45749381686213,-72.05657540511781
C,R,66.12484895744153,-129.75030705998904
C,P,-22.723060802897894,-61.76973309308127
C,D,11.995023180419397,-102.61949185381471
C,Q,149.48581262666633,-113.66222846953293
C,P,143.79563526881014,-68.66841785704484
C,T,114.75644514308273,-131.4898846743846
C,F,140.1753856442518,-108.88799731647433
C,L,131.38085609068384,-120.74545128856735
C,I,134.5550674306343,-110.59158609069395
C,A,149.06638418347978,-146.99446440738333
C,G,164.62388716886147,-87.56530389176073
C,D,-33.0842350405481,-64.12460774362803
C,G,-57.75301804919111,-67.21370184924051
C,G,-43.598077965107834,-68.70704591399443
C,F,-49.6563269006424,-55.92119675197565
C,H,-18.546134878375987,-71.40335017362378
C,S,-20.90874848081456,-65.47349394562451
C,N,32.489083001491565,-146.76661358652186
C,S,-16.885003739741528,-75.96609420483134
C,S,-23.67712362574811,-64.7325622807452
C,D,5.217035091101085,-75.13265503129414
C,L,-39.597515556307826,-53.73960557976619
C,E,-37.76729573525058,-59.595353791187776
C,T,-41.99568768645427,-65.66502873512765
C,I,-45.87150903156276,-59.6350970035635
C,A,-52.992191167787276,-59.0608170767976
C,R,-40.03999901758412,-57.877831697747645
C,L,-3.959011682675946,-85.0502236476864
C,N,52.698415735803174,45.814695150155856
C,L,116.52134309188953,-90.57420964228349
C,P,48.407739004348926,-74.17997369819973
C,I,137.20230875870075,-74.65224714712392
C,V,114.98556878850582,-104.11253098539814
C,T,131.14064028409663,-102.97093898525563
C,V,119.79137452083035,-111.86260820403527
C,V,112.80053980845793,-101.9434225017723
C,V,112.95129704032202,-89.38707307212496
C,N,122.04761708648056,-112.39855196442262
C,N,19.783730066664845,-130.65007260979294
C,D,35.68190305225799,53.39068306675629
C,T,149.3179304015663,-156.62224249391997
C,N,85.25968328593895,-80.63282100430945
C,G,-47.97471062498665,-64.05837761700273
C,L,-36.15647438522981,-55.33008172236778
C,I,-37.38947395835297,-71.7468420940039
C,E,-41.095417808067666,-62.18572126713096
C,L,-44.87859070103809,-56.617453348288144
C,Y,-39.69360302114487,-61.03939570716076
C,Q,-47.839142861227245,-55.449629772114875
C,N,-37.10912938331971,-67.33546258586107
C,I,-46.06213592145709,-64.90347080347196
C,G,-29.430253057558367,-83.8932231048389
C,H,-6.501601288609286,-124.66575678452601
C,H,23.68767038491361,60.70779641001424
C,R,166.6801573580421,-165.0906801229566
C,S,160.572413906554,-95.52620485456774
C,H,102.22904439323251,-140.51040552529096
C,D,-37.89184834217097,-60.812936122528974
C,P,-21.76581950647779,-54.75574405538389
C,A,-7.121955318068586,-95.37081523064977
C,V,-28.547259231331672,-138.06483093570785
C,K,139.52447785825416,-89.78256449704729
C,F,167.1748865953783,-110.49263232817653
C,G,-175.68955331801655,-84.09280772231007
C,G,130.7252280584499,-74.87761689108004
C,V,128.16067012532434,-118.2476443888229
C,D,97.98275196589705,-88.02358688779329
C,F,-22.547558690687733,-75.49645661828755
C,V,-52.821734721605345,-64.48677351628541
C,A,-31.546366704328545,-65.82003974551021
C,L,-51.62098823610848,-62.53548485817769
C,A,-48.429676614830974,-56.41882237299682
C,E,-30.812910480335017,-63.63884713538347
C,A,-24.786501588973024,-66.50522476774988
C,N,-0.02384888079902029,-93.23771534797355
C,G,28.302292381019083,82.13819169933564
C,V,121.49428411429882,-115.02676290737155
C,D,143.4281678526267,-65.62342422249213
C,A,161.0881366149329,-149.32290565681149
C,T,160.84716968659555,-149.43891001033546
C,R,131.92403399284535,-104.22340283572171
C,A,129.20531229236548,-123.34337707235389
C,T,-3.293366284004929,-114.9172891202964
C,N,172.53121921195304,-157.74631149713014
C,R,-42.58732115405489,-51.83574793245145
C,E,-50.390952892196125,-64.18644518545923
C,E,-35.78774913669808,-65.99289660432794
C,L,-50.98441463259204,-68.87758890961551
C,L,-40.496987353988,-53.63093336317713
C,A,-45.46956858370639,-68.09594192264946
C,A,-43.96007846668551,-60.466564797848456
C,L,-45.998625111251194,-62.966840331672834
C,R,-41.957783685698644,-61.02811970677855
C,K,-47.26237695385106,-61.35299024688472
C,G,-43.79866314766969,-62.10282819406386
C,A,-25.099850199585433,-63.32192264270322
C,E,5.677873938777762,-109.5405943334917
C,L,-27.70371349909189,-73.70083119566523
C,G,10.679789172862089,69.47371832957991
C,R,163.52082174576645,-139.49519248967619
C,P,146.59232456004207,-60.90320392356781
C,F,142.681299108234,-139.29915568644608
C,L,136.1837999815884,-124.2126909808986
C,I,118.87450970606655,-124.36130206537636
C,E,133.44481776283246,-89.17786151673602
C,V,116.25313692354334,-128.29026177644533
C,P,130.00317221922037,-65.1963479453908
C,V,166.63511142808866,-130.2689112629692
C,N,143.9195785283164,-140.13183418280627
D,P,139.48767499057627,-57.33975546282356
D,T,-179.21904064738297,-107.22768719346068
D,A,-26.874321221642912,-56.56424844002964
D,A,-45.30400897983472,-64.07383131050238
D,H,-48.69246137434111,-62.05326072631386
D,A,-38.96894396004652,-60.701392852540266
D,L,-54.47749021602255,-61.3862319211574
D,L,-38.71342264687651,-63.91904382022715
D,S,-38.9339220438271,-62.61154454623874
D,R,-36.662570503437685,-73.70117432294067
D,L,-43.97366658797462,-61.01462735472184
D,R,-38.25754190374931,-60.96049017019605
D,D,-32.91419192486562,-58.921004244396414
D,H,13.027866609977375,-88.09152732196675
D,G,4.807637031355404,88.72561307430861
D,V,126.95311487944684,-76.53170351156169
D,G,-11.837427002046784,-113.32375874968368
D,K,141.2262327372911,-131.9085469263151
D,V,114.62547977092468,-122.33384921816723
D,F,140.16912117423206,-88.99982202175927
D,G,-166.81250845928463,164.10296372951572
D,V,127.2087300747297,-131.4744280611778
D,V,138.9841858890464,-97.26475451256869
D,G,-146.03372553186068,-108.07427105166943
D,R,-10.286488037553886,-69.26856319711534
D,E,-5.4973872919771765,-65.3866547770237
D,A,-24.898764220147864,-59.420533559256654
D,A,-13.41612457646129,-67.26275551518098
D,S,-20.553499161804357,-115.0100936524531
D,I,121.49224702272716,-145.2975543966977
D,L,-39.800016886217755,-87.71657515934801
D,F,16.93122937885718,88.54966561626361
D,D,8.67139941567065,-115.0715272280437
D,E,-37.177930273010894,-59.50717585664499
D,V,122.77859640335531,-127.72427410953341
D,E,139.7920738945158,-64.73983248056119
D,G,-4.752795293225395,97.67637230513732
D,I,117.36340648179157,-131.41238159028504
D,D,138.3246969379209,-112.18907699870614
D,F,136.23612461175563,-78.6363902178422
D,V,106.27199352187336,-114.92209415606459
D,L,126.07137592217218,-82.53441906709438
D,T,171.3039911863262,-109.93060347725306
D,R,-19.911762660862646,-85.4847180103846
D,H,146.30546970906275,-148.43968349659846
D,E,-29.59093248874786,-66.30399487706373
D,F,-46.745921987847055,-54.54875767563588
D,T,-43.36102941340669,-57.802105366898
D,A,-48.390796546135476,-60.192109648367726
D,G,-47.0817271407197,-61.0199834696356
D,V,-38.41162036702634,-69.68202533432716
D,A,-42.1687875185074,-59.49904468867777
D,A,-45.283461989798965,-63.44714488983313
D,D,-49.991431213794705,-53.71122996957824
D,V,-43.027209524470045,-71.21192853865595
D,L,-41.72472517534961,-56.148799390089444
D,A,-40.20248139007299,-64.7043041081828
D,R,-51.258451242927734,-61.970686302827964
D,I,-44.91016928326926,-70.33691594324526
D,T,-27.916537947646592,-73.88849514380983
D,G,18.162264518001322,73.33789619746128
D,R,149.9229446252336,-124.31323928162759
D,P,139.6493678062328,-56.00841517482792
D,Q,175.06519989780875,-128.26519880826285
D,A,143.16402455256278,-140.1869651789072
D,C,163.5486380428711,-135.3467010395465
D,W,138.91004070508063,-140.88357620722797
D,A,163.48188462911818,-143.75193926315188
D,T,-177.05358673672234,-80.75016847344436
D,L,165.6267597655509,-66.84273396283311
D,G,-112.89152128571472,59.21803457425165
D,P,-19.04083328528111,-68.41679543196287
D,G,-51.799039807910766,-63.982507686393106
D,M,-42.59497693688806,-61.32080946221421
D,T,-35.81751104974039,-67.34762307434691
D,N,-44.247932125364336,-63.2711541896839
D,L,-30.25104347498474,-61.142571440860145
D,S,-26.270625676418337,-59.187953297406104
D,T,-32.53423339192114,-72.4642199440103
D,G,-40.423677838946425,-66.79268331491811
D,I,-42.022434132081834,-64.9326565975582
D,A,-35.98266065506575,-63.11472737533339
D,T,-47.86203055658466,-59.979184933658416
D,S,-40.95439085397404,-64.4241311590182
D,V,-40.85481556285979,-68.93307684205236
D,L,-37.299819347705764,-81.55415668550182
D,D,-17.145167973873658,-85.81742881338118
D,R,91.66235049572046,75.76237764218776
D,S,142.39433273746184,-153.41052011356996
D,P,86.99934096977688,-75.36192555086532
D,V,134.98275592943256,-108.1916743269336
D,I,111.66781440493604,-99.25668736029482
D,A,127.98438967188994,-105.6491313753384
D,L,133.89476115483814,-123.53164942732839
D,A,139.97553691989043,-142.61604732864274
D,A,163.5078391470214,-67.58779249267518
D,Q,160.88184379386226,-146.95462078478096
D,S,153.7465757046285,-51.232189374648065
D,E,130.72629465688124,-46.6844734221056
D,S,-44.292558543035675,-45.88767215788997
D,H,-9.71228116815956,-72.48970458874665
D,D,20.11387694640535,-116.44004358445059
D,I,100.37651979071742,-81.58624603252757
D,F,88.15262816055854,-133.09605800696005
D,P,134.5573191145618,-56.040705840161735
D,N,9.881854748190634,70.18446430687075
D,D,-50.534413216073936,-128.73618044952647
D,T,139.13413687196476,-69.92808261859466
D,H,125.43823395695654,-45.94521052343369
D,Q,11.406663799247518,60.90459946127678
D,C,113.90149340833396,-96.76089408484569
D,L,158.57849326079423,-118.70536406277772
D,D,75.61280083148368,-80.31356741811584
D,S,-45.56496192333256,-52.8878286745416
D,V,-43.12727277879135,-63.131597068462405
D,A,-36.45881098510759,-65.89248171594068
D,I,-36.942275260331215,-71.01455888799957
D,V,-27.69225179866199,-95.50742144465018
D,A,-44.290816540451,-49.48377656478298
D,P,-15.906923971379063,-64.16216617972047
D,M,27.26573839508735,-119.27184974618318
D,S,164.59627405996991,-147.19569987511423
D,K,-20.158253596397767,-81.03687054720501
D,Y,136.47061651472833,-170.08389972701934
D,A,130.56768539016983,-153.07383554303235
D,V,153.63200877340424,-152.3947649310685
D,E,128.7811548582025,-112.73639270297566
D,L,134.27367261815465,-59.0520559023049
D,Q,-34.76819225068003,-125.6453174713748
D,R,114.92248519836433,-126.56795557638775
D,P,-44.58758656899732,-44.17230641977772
D,H,-17.82342426327855,-68.45408406085404
D,E,-6.609396625454603,-77.7346052306406
D,I,-33.07232811688228,-55.88588018902579
D,T,-50.3121178012883,-59.947007362132695
D,D,-27.72445472468208,-70.85448819526042
D,L,-46.36269504401877,-66.79309904203068
D,V,-47.81907630253072,-55.26485581491884
D,D,-44.13181649120965,-59.765499486273846
D,S,-35.08509099194714,-68.53276665072279
D,A,-46.187646866863936,-62.176399927454334
D,V,-45.62089072534273,-63.67242222795306
D,N,-47.770656575807486,-52.20433889456691
D,A,-36.65180621599541,-73.83563051597955
D,A,-35.748036348695216,-61.74209167722416
D,M,18.916775855732034,-96.79478997634246
D,T,129.17721282465828,-109.4089246471775
D,E,138.59194604751582,-58.83154640493858
D,P,128.33545255315636,-73.35713258441427
D,V,146.60802786313252,-62.10350516717669
D,G,-171.4417373889044,-168.52768933746972
D,P,148.3370344601893,-87.84042489091524
D,S,139.10747836002696,-122.26532051055266
D,F,131.68365205000188,-117.9737920653823
D,I,124.11353181103772,-123.22041279337338
D,S,133.92679855246004,-92.31350089119049
D,L,92.99135585375,-123.7149759698111
D,P,131.66083632539898,-55.8571543314312
D,V,-34.22529486931903,-61.06999843554127
D,D,-43.22310654751373,-63.25903576628276
D,L,-37.28722787794589,-72.58380170401985
D,L,-36.111479508009744,-59.917088593602884
D,G,15.458184530659898,-94.31102432929275
D,S,143.64018692310427,-102.19689978154337
D,S,2.899069879245823,-104.86148133219105
D,E,118.97010352657803,-54.650742022973674
D,G,2.028004443119592,79.44733541063161
D,I,126.43963650062582,-94.45322569439813
D,D,96.04018050608006,-136.89117724355947
D,T,-4.265361492257536,-80.48518730771569
D,T,-23.97791982058705,-72.92854562343025
D,V,112.68782498177816,-92.4712997995584
D,P,146.95620122642816,-58.80357553690516
D,N,144.59445292257948,-59.67803316241782
D,P,157.8592826590288,-59.62059894419004
D,P,147.71169013688313,-54.81506724764185
D,A,-42.70621545806728,-77.18447778886244
D,N,42.36434519554459,54.36886619668293
D,T,127.99903932270996,-60.00065962034052
D,P,137.57590433376708,-58.271392231115954
D,A,-30.63198595612233,-73.3665847142049
D,K,165.7583081653233,-144.18080717890146
D,P,139.88448195634263,-61.48210658652213
D,V,137.2335754515411,-68.98631305987968
D,G,173.41952969185303,-126.16824800473844
D,V,155.31760498679978,-96.57976056381187
D,V,123.49658018266149,-138.8818589832598
D,A,140.92858019111594,-86.17052029269306
D,D,133.14329377197808,-54.659080325004204
D,G,16.329182972911028,82.8100939008346
D,W,-34.57186531492281,-63.62901014082658
D,Q,-40.80335875905429,-59.7114305530089
D,K,-43.22225072686884,-64.41284591198072
D,A,-44.60976018700354,-58.91881005088951
D,A,-37.816043588364195,-59.45361164482401
D,D,-37.97353877802799,-64.4797500040447
D,Q,-36.285571554607216,-67.5601560944595
D,A,-41.51001374442677,-63.286064646291194
D,A,-42.762919197868484,-59.85661688604008
D,A,-40.060022806522866,-62.46982157228968
D,L,-36.47624412023586,-62.616070059500196
D,L,-45.57364738993902,-66.73568503182946
D,A,-40.73221233932499,-51.9279443503202
D,E,-13.870990645784918,-84.18876027255384
D,A,138.25451708730304,-79.50236093595407
D,K,-47.12524900241166,-83.67249382702923
D,H,79.80335001795622,-130.2394465544293
D,P,152.566246699523,-82.52504623925176
D,V,149.17404842259165,-128.84157969477613
D,L,119.88123268933461,-99.75487080172113
D,V,108.71107430508354,-105.91294515768321
D,V,129.81092352423585,-104.01422181446866
D,G,167.7807395718704,-108.18769693006598
D,A,-26.741559945513703,-60.53887047471174
D,A,-34.532527926353275,-50.441495910057725
D,A,-32.463118851387236,-72.28868386764844
D,I,-43.36117168159501,-68.59523109814914
D,R,-34.68462921321336,-59.56938183404555
D,S,-16.438767166348544,-71.86340984096321
D,G,32.07577923902833,78.07369348607801
D,A,6.422024766443297,-100.77935462100376
D,V,-56.114613684381204,-58.95216950591812
D,P,-38.665168376529294,-56.98317879891468
D,A,-42.52567919221931,-68.42130049308203
D,I,-40.69948836825684,-62.51833934234926
D,R,-47.58697020075303,-61.967296431593084
D,A,-33.86081181399957,-63.26747821482653
D,L,-46.41505512777645,-69.11508555922875
D,A,-40.00629124014008,-66.96567329387801
D,E,-43.535251449587676,-63.88317572150021
D,R,-41.31736016497234,-67.82976407593742
D,L,0.4572772895354587,-98.90531420989281
D,N,44.547307190621005,62.55993635953302
D,I,123.40004921974442,-101.64702089257001
D,P,144.55596053301994,-58.12781565624761
D,V,117.86059259227531,-115.45378529833702
D,I,144.46934468864126,-113.4563365129991
D,T,165.88289040717694,-122.89038329241241
D,T,174.919552650869,-74.59511060628896
D,Y,-40.023772725943495,-49.08552604745549
D,I,-2.852300796494282,-103.61893473703246
D,A,14.318336401578092,-99.81711268956906
D,K,134.54120080902084,-61.52463530193537
D,G,-0.07701350080187212,105.64739577851331
D,V,-23.978607861693803,-69.1649250131273
D,L,147.9120946377007,-115.5919978168787
D,P,153.7503788978491,-67.3264357099893
D,V,133.97700920899126,-53.08264561031295
D,G,1.0042074084241221,83.7264074647207
D,H,135.2954887786364,-65.07060366535134
D,E,-31.569397772717046,-56.905931459752836
D,L,2.9606149999685565,-95.14281560307856
D,N,81.78660298305601,-81.16421688471361
D,Y,-10.927667005375836,-77.21823126075704
D,G,-170.91422309065044,95.67860535569442
D,A,156.49482922049273,-102.44266297188665
D,V,151.15291499714874,-116.29199642466031
D,T,152.34100694220197,-146.44574813626818
D,G,-21.44115657833017,-62.346300611024596
D,Y,-6.9982393533907485,-83.5934551158751
D,M,-36.21867800236726,-63.263001690259365
D,D,-52.66039999321127,-61.20481415573254
D,G,-46.258692023211424,-54.83303787768927
D,I,-47.37759482141859,-64.47811350279237
D,L,-10.881472560110709,-82.97304510085293
D,N,64.27631809004994,50.50803305533323
D,F,144.77445045773447,-167.92456734919466
D,P,70.77636550043702,-71.80751577877265
D,A,-52.70768084274834,-73.95204158625016
D,L,-39.35171997802411,-64.08682062819824
D,Q,-44.89000498591368,-62.281805806177466
D,T,-41.81625505593336,-60.95265976482418
D,M,-49.45842489984741,-66.77491100654619
D,F,-18.805867537524534,-109.38109988952584
D,A,-47.21373864047608,-51.44878774613461
D,P,-7.314605549103332,-85.5380878060606
D,V,133.85301259658684,-64.00837992823442
D,D,-2.179247678441369,-114.83920553952728
D,L,124.23819910821484,-152.5573510634903
D,V,113.57653371346197,-114.9368823551507
D,L,108.57367555613554,-98.22554140407789
D,T,96.4838745692165,-88.80219735345764
D,V,108.67831071272543,-88.59101563795228
D,G,44.09186077312888,75.8213114535138
D,Y,135.67176360467514,-67.07644112913945
D,D,113.24695202378204,-146.68873236802088
D,Y,-29.694298369764223,-52.36755348506804
D,A,-23.27693614714019,-65.51304370570391
D,E,-6.468034219400525,-73.0828248551668
D,D,21.86811098952351,66.77570185742483
D,L,97.71478624792321,-93.69573091112407
D,R,155.7589055164479,-88.58631998563102
D,P,-35.7264707380461,-53.03215801877373
D,S,-25.308431836254165,-55.80244411760382
D,M,-33.22345898154591,-71.45420025675413
D,W,-5.360354547669325,-97.27161243451755
D,Q,68.67129996224264,-86.47276926549752
D,K,143.52121346583226,-126.13017432961144
D,G,-130.36784490162074,70.39592351770702
D,I,158.34378130222873,-71.38608682713443
D,E,136.68651706034407,-59.61612431170652
D,K,147.271848761439,-121.79971876971608
D,K,151.2492525523649,-86.44365448887598
D,T,140.68353604465122,-130.19128369465264
D,V,120.48931270732204,-122.94398826822695
D,R,130.65194480235678,-97.78518818265788
D,I,122.22583733269575,-125.49978270591346
D,S,141.8647933134602,-159.54166607139206
D,P,32.743583398238385,-78.64978741834507
D,T,152.3514015588708,-147.5542298560191
D,V,141.48231979676814,-73.3282369456567
D,N,112.74648420635212,-54.74273609564156
D,P,-13.182809092151556,-81.6657002059628
D,I,54.262765129843984,-131.4550719443642
D,P,-23.22123863688871,-60.67622890085046
D,R,-34.972625316686084,-57.923892587425705
D,V,-40.57465968007593,-101.08641079396462
D,Y,112.02300785629507,-132.07746416050014
D,R,83.60086058217402,-112.7744263201442
D,P,149.06916062488787,-59.375680709829716
D,D,-37.97151605881378,-63.694135710004964
D,V,127.92222079019314,-132.75468099642953
D,D,113.39570614200413,-117.58903067346341
D,V,106.05933181638143,-108.29002265564593
D,V,103.17214486763103,-101.24390869335267
D,T,174.77458032997527,-173.4932931646157
D,D,133.71275620806557,-65.36706303048273
D,V,-48.08914556710513,-55.38331673861146
D,L,-44.212183011754576,-61.379140991895746
D,A,-42.27276215195895,-57.160237441321264
D,F,-48.58483102488252,-59.80994825124939
D,V,-42.84379001062829,-63.0118663729785
D,E,-41.516718122706955,-63.20217029424117
D,H,-43.64656375491747,-64.8936418936777
D,F,-31.661950804531518,-65.25983546622886
D,E,-45.417923992120556,-59.67341834119127
D,T,-46.113776518259414,-65.11966104765547
D,A,-27.74090487873094,-63.15600128787613
D,T,15.441128612213879,-115.03049415097685
D,A,-35.58894116609237,-54.4519128425666
D,S,3.913905437643462,-99.28981699194968
D,F,152.81806017706793,-70.15646723479588
D,G,141.15305503621443,-93.92633203108954
D,A,142.2949025688003,-45.86641603007543
D,K,163.20180867231966,-85.45592511617106
D,Q,133.6392689655779,-92.3707086044574
D,R,151.43024592189343,-97.90918686679137
D,H,161.8738370986777,-74.67376905738318
D,D,119.90181803436568,-83.64909703071729
D,I,14.073836377155997,-117.21340531031704
D,E,-45.47557858978316,-56.88366968919776
D,P,-40.52284514709706,-49.05265899630201
D,L,-42.68248637910852,-71.65786300639218
D,R,-25.891932112290924,-63.20404521288338
D,A,-37.57007705436859,-76.33848570760783
D,R,-34.649464949504065,-71.60782294067195
D,I,-47.18696692192119,-70.86494657199975
D,A,-44.62670776687634,-58.95735063011165
D,E,-37.48429100931836,-67.11265762074862
D,F,-47.32710446373304,-62.546918633014464
D,L,-31.15220826813752,-66.4453052478467
D,A,0.08145167886378754,-86.57456389093386
D,D,107.42840936553718,-38.519313665750175
D,P,-1.415839548422595,-90.36691645483384
D,E,155.32436310787236,-66.37589785613079
D,T,154.56707525239344,-109.95093662899038
D,Y,156.52150087652558,-129.36892610017375
D,E,-35.98958642700045,-72.59441419791574
D,D,29.50447714764954,-112.3707420342972
D,G,-172.95820350393043,116.65612757227031
D,M,171.29986492176596,-77.60296407154654
D,R,147.53011709392766,-108.62804131973779
D,V,-34.08600212557693,-60.63454839753965
D,H,-32.48201862942561,-61.7003589955115
D,Q,-36.78652137664702,-70.58829503075422
D,V,-49.933201545064634,-62.86525090501756
D,I,-39.66187918800977,-66.02838188180951
D,D,-43.78655573169624,-56.428258629409086
D,S,-44.33687906580794,-62.94182285367152
D,M,-43.72021926422698,-59.516717410267724
D,N,-45.7410019159995,-59.130556097503295
D,T,-51.66178078623304,-58.02896577944763
D,V,-33.50210473443228,-73.36178421042611
D,M,-43.084193360201795,-61.18355050805279
D,E,-35.47666373403336,-63.0985425292196
D,E,-51.451343775649576,-69.75933230868307
D,A,-33.41373835438944,-68.93661354660647
D,A,145.70085556347277,-94.66232261543381
D,E,154.587457779756,-63.09846482380224
D,P,135.8000148982746,-55.86810786285937
D,G,17.300537362387754,73.26221306299871
D,E,171.35956691357978,-129.8065131558661
D,G,150.019975488401,100.02923219703027
D,T,130.151514676494,-134.8038415190644
D,I,128.42021588819463,-107.70139918888898
D,V,135.56190329379004,-112.83968886203174
D,S,130.42511204337248,-117.75466250533032
D,D,-165.88841856157617,-73.38796188595718
D,I,131.55298046891508,-109.74075014192017
D,G,-175.17599225832666,167.2658711879052
D,F,-42.58826234091367,-55.353660172838886
D,F,-26.453284099394466,-54.77416400026507
D,R,-35.24579937293987,-64.17563281084504
D,H,-25.165457044555215,-69.82832400338765
D,Y,-37.013252311229344,-70.28935808629534
D,G,-42.60965391241761,-65.19266594838052
D,V,-45.39791922612732,-59.789179228456156
D,L,-40.482552138015784,-74.77842625961149
D,F,-25.839936611518855,-114.6926956983439
D,A,141.988364907619,-62.36726741595202
D,R,135.2739842888071,-70.60020505991488
D,A,104.91454318810916,-142.89627995130851
D,D,10.318618149839798,-103.64118429250115
D,Q,161.17316106011614,-155.3115705202315
D,P,134.11115486555497,-57.243714205310276
D,F,31.25409072593903,63.989102637724024
D,G,-21.563918893434042,-81.90833402638486
D,F,124.46967070144285,-123.55885041938232
D,L,132.04151512581382,-117.44722443034543
D,T,175.52095637412833,-151.26538453667175
D,S,104.90194064853269,-100.58136134237597
D,A,-33.25362894174984,-88.52524613815571
D,G,-52.45243949236679,-88.45018983414194
D,C,-43.37791306026204,-84.15375144148199
D,S,48.65554839323797,48.66159934444434
D,S,128.16821252754093,-74.56835401531661
D,F,154.03869640534927,-64.44268775019802
D,G,-5.725562363856507,88.56696064755367
D,Y,-34.010074971649246,-56.15734256320409
D,G,-52.62896753326291,-55.55693467678861
D,I,-54.711087053123464,-58.714668605396746
D,P,-37.13662680008054,-60.217444427944436
D,A,-38.47338729631738,-64.69877141316422
D,A,-42.13857200414545,-64.56346700088359
D,I,-55.532485631264464,-56.835791255347466
D,G,-43.89848639517157,-53.541244119945766
D,A,-42.59266943228246,-68.49438334849285
D,Q,-38.76508345614057,-66.53919572287481
D,M,-35.76652594255318,-67.27405018523945
D,A,-30.327184397651997,-71.44373668521538
D,R,68.608370338766,-132.26304257293015
D,P,-26.243953083910924,-61.24034264699694
D,D,12.401019600451807,-100.8000937948681
D,Q,147.81225451667714,-114.37659524596027
D,P,140.30523328335795,-68.79745919840167
D,T,116.52682346749774,-126.05385761104336
D,F,140.90873180112115,-108.24862290552171
D,L,135.22550746261712,-117.60751919793914
D,I,131.02423309925427,-115.98407175693609
D,A,157.127317371002,-142.82989409356847
D,G,165.02596010898688,-96.50334717296606
D,D,-38.50448436962183,-62.47875235385819
D,G,-58.039826724962865,-61.41411072386454
D,G,-44.03512151230194,-67.50379893878487
D,F,-48.39039223131635,-58.64780574480067
D,H,-20.526564722507235,-71.56040408537756
D,S,-23.42594995958472,-63.58281944068902
D,N,31.601552601718566,-139.87319452330902
D,S,-19.4938991005433,-76.7041589633147
D,S,-26.98847689889777,-60.465013267608825
D,D,5.515222945603649,-75.8680897711154
D,L,-38.06736656586392,-52.75703851439033
D,E,-33.40766124447975,-64.19386347608982
D,T,-42.60012539091649,-67.45943187985937
D,I,-43.57554035210353,-60.14360638071406
D,A,-46.006963851679764,-65.01542510725446
D,R,-45.121908949282115,-59.92915107457013
D,L,-5.55813857890342,-80.19571239301068
D,N,49.40867862220105,47.48621806995682
D,L,119.8962357698747,-86.15380868300934
D,P,48.283112193032025,-74.6762964554756
D,I,134.60908853409774,-75.273590253059
D,V,114.69238268403332,-101.48911901555039
D,T,130.02622313194138,-102.44080093296652
D,V,121.77706961159593,-107.79618333050183
D,V,114.11317420826832,-103.32221514855362
D,V,114.40145812601784,-89.03483231645237
D,N,120.35167222476053,-113.15049786518405
D,N,18.838814954656527,-129.85957689561135
D,D,34.358493464275035,52.83096130542853
D,T,145.17608354063702,-153.97559364707442
D,N,86.94247419557715,-77.92309217344818
D,G,-47.726489375013564,-65.82961143521379
D,L,-36.653759449426325,-55.380353449980646
D,I,-37.350760794761186,-70.32577634631855
D,E,-40.51505903980501,-62.208296175894795
D,L,-50.65463079523096,-55.86326503124883
D,Y,-41.015142303544465,-57.43380589326439
D,Q,-44.74694072652144,-54.652051977736896
D,N,-42.580501145594475,-69.81325736987776
D,I,-45.41145068680894,-56.94935537292826
D,G,-35.59864978132449,-82.4439686511888
D,H,-4.982139050613982,-122.93833606825419
D,H,21.05479622391413,60.761301907531156
D,R,164.0393632636673,-162.23329223783125
D,S,162.96964106089217,-93.6150777975386
D,H,100.03022063592937,-140.226040220178
D,D,-39.210349366254675,-58.84881475368204
D,P,-17.873538524898883,-54.97823891271899
D,A,-12.842543734214141,-97.03446791186364
D,V,-18.958690498941586,-135.8029902843725
D,K,137.71065061808338,-95.79158547513126
D,F,168.94204606954332,-109.97639323667816
D,G,-177.10522242526912,-81.30428648594769
D,G,137.6496690472733,-76.63200626003811
D,V,130.53524460949762,-122.61229335554638
D,D,102.5813577456071,-90.76727051645302
D,F,-23.253271332309694,-77.7402468797583
D,V,-52.31463068676447,-65.86417367760647
D,A,-34.813366834658794,-64.92975621957113
D,L,-48.87224348238988,-60.52244006743786
D,A,-45.059887148436715,-60.34855705156601
D,E,-30.71846789415832,-69.11239847641566
D,A,-27.674401918304074,-62.295326948453045
D,N,2.816948636068762,-92.16198847330035
D,G,18.127167624478666,83.6030048246749
D,V,125.17789197635989,-108.63662265102802
D,D,142.26430665335573,-64.32690293351403
D,A,160.25582261925234,-151.18275006205542
D,T,159.90269153437228,-152.16662579354465
D,R,137.36527331932382,-99.51006503839712
D,A,125.22060066275355,-131.51595387239726
D,T,-2.1679011646939994,-113.9799145252991
D,N,172.19018218880336,-154.9968818911202
D,R,-45.30191290850067,-51.48895709680235
D,E,-46.77172548582223,-66.79671267270423
D,E,-36.924666915965865,-62.72914342819372
D,L,-46.98564600161065,-70.76378239505352
D,L,-44.0868036724955,-54.753841932660904
D,A,-44.82958663302595,-65.30933222956965
D,A,-44.09524679867648,-58.86488619062471
D,L,-43.727023782443425,-69.36136999906205
D,R,-43.40377358121379,-62.877372913570994
D,K,-52.238247579344694,-56.89986122671107
D,G,-44.2893512514905,-58.69994513736318
D,A,-29.677001794720137,-61.463054477635545
D,E,6.2592370557356904,-106.52607692113678
D,L,-26.902092839598552,-71.99594733902593
D,G,10.204450895144804,71.48931570089931
D,R,162.57591673939174,-142.12494446219486
D,P,148.92535349584057,-61.46199620514542
D,F,137.96403468956842,-142.05567629800623
D,L,137.4597226210762,-119.2619708659862
D,I,118.12617726176592,-123.16015074787788
D,E,130.99257246779854,-91.97388561909104
D,V,113.7808863887739,-128.80177611670322
D,P,135.8337370324253,-65.30675989808553
D,V,169.0287278922803,-134.6802782240963
D,N,158.0490279848727,-145.84842664643807
