Chain,AA,PSI,PHI
A,S,-125.61663449492636,-163.14253084536566
A,A,-40.90661451849046,-58.55003901314514
A,G,177.0582615263589,-151.8547204188526
A,K,128.26814524559748,-61.162091437345694
A,L,144.5256533053226,-130.12162822490265
A,P,168.82708793515667,-74.27196193128921
A,E,-48.20120902378384,-58.55116083698832
A,G,-35.497966277310205,-63.26200898379719
A,W,163.55299861882847,-94.45465620017018
A,V,154.50270676574897,-125.08503597631756
A,I,114.80347532410484,-102.5332082867516
A,A,151.89462964664608,-118.47452508687236
A,P,153.92088841168317,-72.16914624978862
A,V,-34.959704724798044,-64.81412769739984
A,S,-45.03739998561043,-59.684410498780956
A,T,-45.49282668344274,-63.277154152093566
A,V,-20.9425823793993,-72.40068591817489
A,T,138.46248534236952,-101.20262721682518
A,T,-48.72676702277444,-68.51102282162809
A,L,133.94426658174493,-144.8220052713145
A,I,118.58270132889668,-129.09901341560013
A,R,162.2882165984553,-153.7063349155992
A,G,-172.22306367100128,-92.64003259229582
A,V,173.1902102703067,-133.32028381225638
A,T,-173.54008703521714,-130.47037773039943
A,Y,135.37723264865969,-115.62767136495728
A,K,159.2665625339709,-80.90523069403538
A,K,114.59018687620177,-75.31627510564448
A,E,-34.620164366877184,-67.37959724951958
A,Q,-42.02874046258302,-59.90024996724246
A,A,132.16753323141808,-67.49991783577427
A,I,-39.971429032189214,-71.03179090283386
A,N,-35.36543916694145,-58.80073612127164
A,Y,-48.78174245324751,-61.518901106898284
A,L,-38.81053345067335,-76.56144183306293
A,K,133.96758257914323,-49.41661346383795
A,D,70.29337484928027,40.97013221078122
A,D,129.0316682361886,-103.53526219597298
A,Y,-42.42140865090171,-74.26043809636732
A,L,117.02135098607711,-99.30817874064282
A,P,139.53114583290048,-52.18903368517359
A,L,133.8134568048338,-114.11979993495274
A,I,147.12418181681454,-119.35872785671368
A,R,174.59136809101028,-113.803937567009
A,A,-36.77919969961491,-58.11300722651158
A,N,-33.73498359516888,-58.73467645980157
A,N,-47.787537479597496,-57.29975130918598
A,I,-40.42757394618144,-64.01655269804989
A,Q,-39.001609912467025,-60.83794421721155
A,N,101.1086153352658,-90.01469353894687
A,G,-168.68377485673943,66.43116887578287
A,K,160.19495648574323,-74.40984256898022
A,F,83.0540611119274,-90.68148747563393
A,D,-37.86230976517029,-91.72099912625539
A,T,154.44488442626314,-113.38967896200705
A,T,125.96696742751057,-122.48197421909668
A,D,-45.97200271331468,-71.08096576610893
A,L,168.3177568529564,-110.15132088929073
A,V,136.65062808297648,-125.6637342664013
A,F,119.8488127411065,-132.5497084548239
A,V,154.7523275766606,-80.04080381514396
A,P,-28.75595872247892,-62.738678305163056
A,K,-40.791242890080916,-63.076893907617055
A,N,-37.69903713301181,-63.09586205254765
A,L,-44.347235574923516,-62.5784604077289
A,V,-47.1411549755851,-61.56693490234125
A,K,74.85199345355332,-91.66972867815204
A,E,156.2826843884092,173.71033465153457
A,S,-20.47978939069082,-71.99859034766925
A,Q,136.11546775639806,-56.90728385586215
A,K,173.39582906851913,-125.87839587768022
A,I,123.66895324084373,-91.25509531814758
A,S,153.41779562567268,-89.21048979720642
A,P,162.74492221672327,-81.80065384208793
A,E,161.4136989203236,-74.04034472763912
A,D,48.76192208503753,53.28348409632852
A,I,146.6459912804916,-120.69539264465052
A,V,145.4626929640363,-84.97333721037677
A,I,149.02712087049454,-133.82113087672099
A,A,154.4992234115508,-130.59279842394378
A,M,119.02399139790958,-113.27812535440522
A,S,-55.758587632794146,-68.12919543855212
A,S,155.50832636764076,-85.20323950505473
A,G,108.41684230066691,88.54091372635
A,S,-177.91295041780546,172.54725452820867
A,K,63.45471092606731,-83.04535050455475
A,S,-17.658919316948804,71.82240449506071
A,V,42.8008164736145,-178.53552639993222
A,V,-66.21250858253448,-83.45714355985602
A,G,138.10973814654687,101.55864956765026
A,K,158.92527783049982,-107.60945698816982
A,S,158.7659092254989,-135.95461948135934
A,A,167.5766002955887,-162.63657069618924
A,H,142.54801079332975,-124.29948160974817
A,Q,106.07641163654084,-115.97584435177401
A,H,-42.81814169620433,-72.75441845396242
A,L,160.9891096455172,-63.309855166183375
A,P,164.77569002417795,-51.385251136285426
A,F,132.278256207194,-42.67681942871651
A,E,170.3209611102711,-133.24638435810388
A,C,170.49758554926282,-123.05503170886603
A,S,-170.52435943505472,-149.6336466513531
A,F,-170.31353005364608,-111.3189558005003
A,G,-39.04637956836514,-59.38707417907097
A,A,-42.88635895885336,-61.35068965881898
A,F,146.6458121949524,-70.40568758946984
A,C,114.93605898390679,-128.416735784481
A,G,143.98374401702932,-77.26125445001895
A,V,135.7482486773008,-135.13054202262683
A,L,133.25682092722357,-120.76762607344307
A,R,143.3512493169054,-91.79788221554193
A,P,151.91532848707342,-68.78919270256377
A,E,128.25274925917523,-67.45876752771956
A,K,-11.627152985813709,67.4160183272001
A,L,-51.22683159538165,-71.84198415667086
A,I,144.4041578947928,-144.84817586359392
A,F,149.03268851788167,-90.39318511080003
A,S,-42.265922663518225,-67.82064729496031
A,G,-41.44173641359788,-63.17123755311456
A,F,-45.88403697998619,-63.28903700507229
A,I,-40.58291782565005,-64.86147871626085
A,A,-45.72264152164059,-59.64099982164479
A,H,-37.36658736233749,-66.27230789031454
A,F,-46.57658664703755,-60.91838905303368
A,T,-36.57178222660101,-65.33429232943216
A,K,-35.11774823378889,-60.66768855984218
A,S,147.28587441796236,-54.53993040966886
A,S,-27.263429982943002,-68.44470276344452
A,L,-37.212200394852175,-60.26786420004622
A,Y,-42.874095298716874,-60.5234490910117
A,R,-42.18283946104044,-62.10902071288602
A,N,-40.077722747888764,-63.16494664723053
A,K,-47.15812682721455,-59.26005002938755
A,I,-39.28622601161258,-65.91630096663263
A,S,-20.62674404147164,-59.2670190924561
A,S,-31.359463745115406,-59.855081052130636
A,L,-47.583329682576625,-60.71591126811387
A,S,179.52839587132055,106.2431424425772
A,A,-44.12498009687854,-61.693461818566824
A,G,175.1198940476029,83.87729912016866
A,A,130.34759211746274,-117.71180772446009
A,N,-20.50927276007512,70.87880692025539
A,I,90.0867124532588,-118.82574899442417
A,N,54.34056464789533,-104.35165495204727
A,N,-175.09198671495548,-148.00616334254022
A,I,116.49423292656725,-100.23637242110611
A,K,133.33416141662119,-77.46987585864501
A,P,-34.0179718625997,-54.70446280157204
A,A,-42.72394474327026,-63.93879126801498
A,S,-33.07959798483503,-65.80252939212802
A,F,-42.64310544042818,-62.88858327146264
A,D,-35.05531367913409,-62.982290740353
A,L,-37.9624401421455,-61.639340428631925
A,I,136.38194142137868,-33.08895871760937
A,N,125.16098812465883,-107.81449114506346
A,I,146.32195391778473,-131.66783066482233
A,P,149.94354955287824,-74.14703879348198
A,I,120.32263398731708,-122.78597003396561
A,P,169.1589766237609,-85.31881664887617
A,P,152.63626352987205,-64.27588220243776
A,L,-42.02108217277681,-61.85515940724902
A,A,-45.09359718418839,-61.881947537657446
A,E,-33.54619010728559,-66.97926672149741
A,Q,-40.24650652437949,-60.006253954903684
A,K,-43.93377890847804,-64.216683062181
A,I,-43.279282929827005,-64.645931922222
A,I,-46.8486851893815,-62.54598037760668
A,A,-40.60189770841286,-62.10921458736452
A,E,-40.94445426809288,-61.847119042020424
A,K,-44.243912000967754,-62.112779081085236
A,L,-39.12773796374163,-64.40083174936106
A,D,-42.373148158531095,-61.33289519174976
A,T,-40.20977497706351,-63.39639585898909
A,L,-42.04763711655175,-61.86339000020332
A,L,-39.57649979643009,-62.36601131123846
A,A,-40.243234040379754,-62.92168171452757
A,Q,-43.9015995920503,-61.36102229295646
A,V,-38.93157175296404,-62.77959418617969
A,D,-41.406057964287754,-63.2932096059197
A,S,-46.73893032044455,-61.984507110710446
A,T,-38.3210528161483,-63.05700245952855
A,K,-40.0633181612726,-61.06200794925542
A,A,-44.170119381305405,-62.27524039562836
A,R,-38.377971026471634,-64.8460349817229
A,F,-46.25416675903467,-60.32390351229205
A,E,-41.07698731399976,-62.56697792971849
A,Q,-38.489937492058594,-64.3026209240694
A,I,-44.2379512967817,-61.37756898026859
A,P,-24.692198699999445,-66.6936168703458
A,Q,-43.84214121702111,-65.45699582801441
A,I,-41.73264956900568,-65.43489880608345
A,L,-39.2311916437131,-60.34881070583166
A,K,-41.589993831549826,-61.05922103655108
A,R,-41.382460928474345,-63.77048453571708
A,F,-38.622865174424184,-61.88124646976651
A,R,-51.30850340014003,-55.26169499317698
A,Q,-49.76858942797037,-67.92311169790327
A,A,-47.109962577072196,-66.23572466496962
A,V,-46.43178336055514,-64.3521278218344
A,L,-57.673782693146556,-62.55525175903178
A,G,-50.90148059460622,-70.47241861513822
A,G,-47.959476182559044,-68.24570611964317
A,A,174.04350893988007,65.71545821915005
A,V,115.89519445758398,-98.53202693759937
A,N,-97.46810276195863,-160.4977368346914
A,G,-31.733403260482955,130.31531942017253
A,K,128.30262082046758,-105.18240139693437
A,L,162.6186855703346,-135.71444937602377
A,T,171.63815550503563,-137.19169560550398
A,E,149.3648095578309,-74.28989147502368
A,K,167.17785777622467,-142.28495884230225
A,W,-45.27557315677594,-62.75089656595973
A,R,92.01416450292396,-102.09918631551031
A,N,176.5433421854969,52.601611235890275
A,F,136.89968720213668,-70.31970156082754
A,E,171.78774969054516,-149.98752158861166
A,P,150.14318776640013,-67.71828279870896
A,Q,-41.04449087416674,-65.89490629176217
A,H,-38.81459626043061,-64.65017841996935
A,S,159.18114813688038,-63.011996512310155
A,V,162.75578734539582,-128.38133270873632
A,F,144.65898034592897,-112.16766661281753
A,K,171.7605562176607,-157.6052360441802
A,K,166.6353090482591,-103.6711122850841
A,L,-39.82025990733621,-63.50102610743973
A,N,-38.12536678560548,-60.57578351579945
A,F,-55.67426395254933,-59.4482743524351
A,E,-41.91642063290733,-71.86468533652224
A,S,169.21782344426697,-123.97829203951777
A,I,139.23131978650844,-116.07503943670945
A,L,138.15583711320517,-101.16509480144275
A,T,140.06001368845864,-124.70547744198544
A,E,168.37855666626618,-101.6266457498764
A,L,151.94680365193224,-150.73003771672583
A,R,160.8360002451132,-126.57705498002728
A,N,154.6410382902224,-101.68290669802204
A,G,162.15919650382887,-80.38369994689597
A,L,134.6901425729334,-77.99712696682019
A,S,-27.75265284717673,-70.63545894916572
A,S,-38.73861899428261,-60.67613318589839
A,K,123.28796604284153,-84.48672545649124
A,P,-18.980723783469028,-73.54891690638938
A,N,-39.25283685065592,-62.16613978458412
A,E,-35.9538591031285,-64.98437626941092
A,S,-40.03500663098897,-63.69582815911144
A,G,141.52232800864763,-65.24728809173476
A,V,-129.5445808565987,-141.8830245323114
A,G,-2.5842977756193357,122.0613499826028
A,H,131.54734464204765,-127.12873355235851
A,P,141.98435887136452,-70.52601049883495
A,I,117.40691378049021,-130.46963792398458
A,L,116.70217352718407,-108.31096073910645
A,R,174.57901622352645,-90.31203507439483
A,I,-37.04011965977508,-58.631711793802204
A,S,-42.6737187011436,-57.75983925795374
A,S,-35.018579489681365,-63.997129503576524
A,V,-38.414304948406176,-61.30992073140556
A,R,-36.98088914088372,-60.068278130486036
A,A,-45.184859426911515,-59.947865589281385
A,G,-144.17806347416055,140.54923432766213
A,H,141.68706792700385,-57.57097129187942
A,V,107.14003898465423,-129.25990042254764
A,D,-38.32367432535025,-87.49739533659333
A,Q,168.54838108472768,-131.06373152580838
A,N,157.09700360712722,-134.20728481917843
A,D,-45.32284053317498,-63.11731397311511
A,I,149.31334580741367,-113.67897466152668
A,R,160.52782225592455,-130.32266772662513
A,F,150.95278084498688,-123.5870585473661
A,L,159.9903932717175,-86.2430387795942
A,E,-39.047019398659614,-61.03630337242152
A,C,-39.75519930143457,-60.37125537910258
A,S,-43.07769911511584,-62.51098175314133
A,E,-44.3089228963754,-64.21133689857214
A,S,-53.30643355115426,-65.46206142490834
A,E,-48.614881643286914,-64.11414612222973
A,L,-29.115466288499096,-68.97100388947894
A,N,46.49162125968752,68.97094475655965
A,R,158.38127008948015,-73.02838695095431
A,H,125.05292721434873,-94.25564802350165
A,K,149.9594130733032,-85.85996357864018
A,L,137.00891159233342,-122.04995525010914
A,Q,167.99097790657024,-86.99191434705185
A,D,160.38390243007987,-70.12219738931208
A,G,8.847115057672417,77.32432262880819
A,D,168.5913873344531,-82.2804628139052
A,L,146.1636014546972,-99.24165286260572
A,L,146.00798574269174,-124.39310922932204
A,F,159.7674894013113,-143.04466779125678
A,T,117.92178505184626,-108.64552841367184
A,R,-23.167742580081764,-85.54252904098863
A,Y,173.99279807073572,-131.95212644578896
A,N,15.354010773555585,64.59365752644707
A,G,-109.62716790140486,48.52536225893275
A,S,-132.46256683855168,170.92234382837051
A,L,88.9663312996539,-76.0756154871531
A,E,-160.025375424391,48.43217884595012
A,F,102.67671147793511,-52.535438578499004
A,V,176.1796833395956,-163.1774886984084
A,G,158.0557959635959,-125.56541729612475
A,V,153.75639043088682,-132.4365576003896
A,C,168.69535314176096,-145.79201092896943
A,G,161.33482134477325,-168.71581474839232
A,L,134.60178509829834,-123.94002418975683
A,L,144.31895102567432,-79.65611644898416
A,K,140.39269188154054,-114.82689680938272
A,K,150.63004382597995,-161.36908959810404
A,L,-176.53776043236675,-106.0621510201547
A,Q,5.787255993807008,-69.1473970792009
A,H,-39.02539412393366,-80.58616902549846
A,Q,167.52507055081477,-135.7596667890239
A,N,166.25375322206605,-151.7922167320176
A,L,149.6266540234012,-131.9530688869472
A,L,153.29300221165497,-127.94308675747807
A,Y,-178.39223745626603,-133.41494183305187
A,P,-174.90530389771445,-91.6424514822742
A,D,-36.04453027060364,-62.53736082067492
A,K,-26.214095883176856,-60.559598756827555
A,L,156.3690216005165,-106.857653365937
A,I,147.86288373326542,-126.52501444642557
A,R,154.37488324138906,-120.45784874157276
A,A,138.42614440006938,-133.33625599049856
A,R,132.6223324728738,-123.5103854502055
A,L,139.22501811927177,-77.85223011931924
A,T,-45.65275088366086,-68.99222569981703
A,K,-120.08699819728771,-167.7689113568011
A,D,94.29826454744432,-35.45167155076179
A,A,155.95489206871954,-174.74073080576295
A,L,113.64349755083558,-122.30495397541914
A,P,-40.15797267790711,-54.96110878074763
A,E,-39.748909788270744,-64.26951505189083
A,Y,-45.225116943493866,-62.272981142295244
A,I,-40.35757785036447,-65.21026618144846
A,E,-44.501989138096384,-59.89683190450931
A,I,-38.64748476096702,-63.59575108910067
A,F,-44.6530254302562,-60.24199501931319
A,F,-47.537920819238686,-61.75545218723116
A,S,-19.149357256589703,-65.70768424045956
A,S,148.12628332030292,-58.04208488599347
A,P,-22.795492641559374,-67.37751498408124
A,S,-39.48638617918253,-62.14068942358007
A,A,-39.3827587214973,-63.13387086485111
A,R,-45.73968787850885,-60.268789820681285
A,N,-44.836125322851906,-64.68496436575789
A,A,-43.45533434171236,-61.92982100131736
A,M,-43.18745858994399,-63.27403508759083
A,M,-42.150078321097055,-64.44869858995041
A,N,-45.502980070715395,-64.40228449265587
A,C,-49.48656546726152,-61.12291579401595
A,V,124.74951477029464,-123.10440014040196
A,K,176.0330375067573,-90.40642473600309
A,T,126.42890340855033,-62.3570264319617
A,T,-169.13736253128957,-138.78884457593009
A,S,-52.561456248745095,-57.6179462682161
A,G,107.64116922418143,-75.18190483229337
A,Q,166.06784568006583,-150.6775097179551
A,K,32.11225112850266,62.063767118420614
A,G,162.428778028062,-172.75010990147416
A,I,132.1984984260134,-119.1030286431022
A,S,158.16693411289592,-80.20973236147242
A,G,-38.5264867137818,-64.63802253187379
A,K,-41.388360779027806,-62.456514492999425
A,D,-44.80121228299082,-61.66406534549243
A,I,-43.72576613941448,-65.1695630569847
A,K,-43.23424885381645,-63.31224909456841
A,S,-12.917169231178747,-70.22512386939724
A,Q,143.93060909005789,-55.82942873155633
A,V,139.43303818077297,-81.11224112549849
A,V,152.13501083512315,-155.46901294712364
A,L,155.06694622246746,-91.54814612557756
A,L,100.15505371883837,-127.13458835509422
A,P,173.42520978331555,-84.92060899499911
A,P,161.25506204236515,-72.73502695904165
A,V,-48.22161117821095,-60.100105641110446
A,K,-43.340900681559475,-62.9167369367066
A,E,-38.36428074416193,-63.85479468163579
A,Q,-41.84383979843398,-61.805651800423774
A,A,-42.0838650918512,-63.23116565859726
A,E,-44.06524354508916,-63.06971210256194
A,I,-44.506541883951456,-63.80311146475369
A,V,-42.83164477854252,-62.99930670279333
A,R,-42.221691695496936,-61.58138589117101
A,R,-47.20904907110246,-62.61081584619097
A,V,-46.336330104436996,-63.68959216907567
A,E,-39.304177880837045,-64.44901340258163
A,Q,-39.92339578307179,-62.849490142359286
A,L,-41.86639986527927,-62.90098535522364
A,F,-41.03023018616778,-61.077174812499294
A,A,-39.24620532371348,-61.13352793561043
A,Y,-42.327312716323696,-61.307069239594
A,A,-39.80283245319691,-60.424086178295646
A,D,-42.625346386925635,-64.05095050325835
A,T,-40.675250264614846,-63.658584289429314
A,I,-39.538788541759324,-62.810547401197915
A,E,-44.06892471340239,-58.96961257267891
A,K,-39.81128133344533,-63.558008507774666
A,Q,-41.853413515322224,-61.46156013146401
A,V,-41.33261968241163,-61.670286703364276
A,N,-46.943099248652544,-61.62235463839702
A,N,-37.50071253182897,-65.31113687846349
A,A,-40.99814137256248,-60.9629426058475
A,L,-42.572495231818046,-62.09992195030993
A,A,-39.68824059107354,-62.84202874514528
A,R,-41.79906755377837,-60.21647244046254
A,V,-41.88345912734886,-60.27212184198692
A,N,-45.14961738222139,-61.38402602290106
A,N,-45.760079404093155,-66.08567393209404
A,L,-40.2428194132775,-63.80593127301802
A,T,-38.859483720940396,-61.330683994637184
A,Q,-46.7948659363137,-62.077970906889185
A,S,-49.622826296715026,-67.45494825892821
A,I,-32.53156535739121,-64.31006749550852
A,L,-46.90475061781838,-58.687694121708724
A,A,-48.32571998292101,-69.09434791806376
A,K,-39.89570107078159,-70.54068050476613
A,A,-34.522861584613906,-61.417748333181635
A,F,-19.01644361130956,-67.63602842590645
A,R,152.0231814782573,-84.24270886520351
A,G,-29.04357959681588,-62.529464625082426
A,E,-35.31747768732098,-55.28392971977606
A,L,-38.77765739343316,-62.183178466187904
A,T,-50.70954399852123,-61.26842843218472
A,A,147.3479313028367,-71.84808363573084
A,Q,162.12313816454633,-87.61288036189329
A,W,142.37755783101085,-70.01238286071718
A,R,122.83729499794354,-67.7829212612552
A,A,135.95110611601604,-159.781631868506
A,E,-40.572226081957794,-71.36930395820063
A,N,147.1759820982903,-117.16791044798899
A,P,-14.497214683157962,-70.0595112781959
A,D,-28.596909850619024,-64.26169384682562
A,L,-47.46487346502132,-57.737496201071934
A,I,-37.1741567081243,-68.82245452897072
A,S,-48.432904643104074,-52.44369735759024
A,G,144.92901583007088,-64.41924419699828
A,E,-51.36662738395061,-63.976713894484945
A,N,-40.74544842497291,-70.56245436117248
A,S,-40.50077330391792,-60.869083121911515
A,A,-42.865570304407235,-61.66050238416623
A,A,-41.987518645097744,-62.967605379113174
A,A,-41.41603086295598,-62.442194910650066
A,L,-40.17070680791941,-62.75311233425573
A,L,-44.32505770197034,-61.05383425671762
A,E,-43.766110562813495,-63.083396570930624
A,K,-41.991228818231725,-63.37379699011188
A,I,-43.29493590830007,-62.71166646245292
A,K,-46.61125960117697,-60.35089925096586
A,A,-44.48953698048276,-63.477961280610415
A,E,-42.7838979080415,-65.14533348463165
A,R,-42.45081589132244,-62.8744612184299
A,A,-41.34312260444081,-62.298887250685894
A,A,-43.38317845138843,-61.706991439137774
A,S,-35.81780939300213,-65.17410729774475
A,G,-31.40742079759897,-62.67777111427818
A,G,-29.173499625529743,-57.46086314809102
A,K,-47.603596656350824,-54.62821939025553
A,K,139.0113484518897,-123.43312752530105
A,A,-36.269503236328525,-63.8951848230669
A,S,-32.41042137572181,-58.208335150984986
A,R,-51.88393669950579,-59.46677172316387
A,K,-42.60119043835628,-71.78730300791803
A,K,-45.3323091741805,-62.65433239647785
B,N,164.47138010503957,-66.82422864304309
B,N,140.7515813313569,-65.55248554949046
B,N,-155.3490644133447,-133.6617840882144
B,D,-36.74537910025971,-50.74258246481747
B,L,-43.625766035615044,-73.56610287739849
B,V,-36.91697929233677,-64.66920752600913
B,A,-32.88280686553313,-70.94852997405195
B,K,-34.55854043993452,-71.49250175139255
B,L,-35.24421198887491,-74.03951636775443
B,W,-46.76149844571748,-60.91692736353754
B,K,-35.622791869064415,-55.6237896478307
B,L,-36.942145320956065,-66.59906811194011
B,C,-11.48342242861681,-60.2743478917856
B,D,-29.748771141180676,-68.54543653540402
B,N,-37.89459181000204,-75.01889024647372
B,L,-41.22704868152325,-67.08680499348188
B,R,-51.713484840890246,-59.68781488097748
B,D,14.43060859308941,-83.99538749184545
B,G,-4.508479779843173,-113.72237118763422
B,G,-8.564560635632288,110.01207066580741
B,V,140.0558988816093,-78.22500754752016
B,S,163.59913931515248,-81.85755867867671
B,Y,-18.014039781381634,-67.91837532256234
B,Q,-27.964735312119306,-79.37265961101454
B,N,6.006484096674323,-102.38453036203674
B,Y,-62.17839312118962,-49.24927337855852
B,V,-46.63551745250589,-51.52261567148485
B,N,-45.810165617794034,-57.01345539017738
B,E,-46.54199792093746,-62.168668669256505
B,L,-44.60151557306598,-65.62868469074084
B,A,-46.78302252774692,-55.02449810095703
B,S,-61.50270098112179,-55.17745167786597
B,L,-46.322600330989765,-56.675890241577925
B,L,-39.08234709726917,-58.96956257759053
B,F,-50.48577787783677,-61.521420846687214
B,L,-42.748646093144934,-58.72450064369496
B,K,-41.8732427805129,-63.765519156258534
B,M,-37.673558736265974,-67.6829494971263
B,C,-36.42463470091406,-61.27909323743343
B,K,-51.833679788022266,-68.89135549645088
B,E,-23.507188780321385,-53.632839561313794
B,T,-32.27064902103242,-67.31919719620558
B,G,10.417547336266741,88.5101063323215
B,Q,32.37442393761722,-143.29152865127486
B,E,-19.562086841606302,-53.99083710314828
B,A,-21.21874573128992,-64.44821335519083
B,E,-25.243248085782035,-91.62258972374106
B,Y,-53.80691077204852,-96.58972435008575
B,L,147.85965613127547,-102.50990639631223
B,P,147.18397478994652,-73.7268331798391
B,E,145.85192037999175,-57.31014703531663
B,G,-16.11460572226989,89.64423266765257
B,Y,62.41096191684198,-133.25899063054848
B,R,175.53144268170814,-124.49022799875776
B,W,-46.56846110461879,-47.31372233793984
B,D,-35.689749092346425,-62.02455251873999
B,D,-28.044132409093265,-65.79976334716343
B,L,-49.49904297660199,-92.50229577217743
B,K,-33.63013815307063,-58.97849364567086
B,S,-27.996427665957167,-76.62383441938373
B,R,170.4488491451597,-73.40870010844021
B,I,154.3194155353236,-151.3580730295172
B,G,-151.10837811612512,60.96951513536193
B,Q,-31.960068412750783,-59.24246958630254
B,E,-28.642572844055437,-59.205695265224016
B,Q,-42.9676230641604,-83.08383870574562
B,L,-41.77316042108732,-64.03031523766573
B,Q,-37.508144982528066,-70.1960783992604
B,F,-38.717218356515204,-68.34001826563514
B,Y,-42.73542098314201,-61.115208925883714
B,R,-56.44901474178613,-57.904044175539426
B,K,-33.23323780640348,-55.248185199583226
B,M,-39.312088734862606,-72.73475031103202
B,L,-35.57318328710637,-62.83373289827053
B,V,-40.521063648726866,-78.69805586673297
B,H,-36.17644369601106,-63.42271115700352
B,L,-35.94517922713002,-75.09827424309077
B,G,10.717795168034861,-79.81774978966251
B,E,97.56393770004424,-143.77427274739264
B,D,170.3437703272071,-178.03200541546502
B,D,-21.54943282765535,-73.16403341586171
B,K,42.760372352812944,-71.38517475074794
B,K,-19.96370345307566,-33.48561683189202
B,L,-62.116828374251895,-56.781670424880794
B,V,-37.08553120501929,-71.56755943982279
B,Q,-34.62627126807126,-52.05764076111569
B,A,-36.22088649277801,-62.62753230142158
B,V,-18.55786101825693,-76.17791598030276
B,F,14.671495572192917,-121.50786960236425
B,H,125.71161969278708,-73.35202408573679
B,N,24.412697678667683,60.9024822212756
B,V,135.97913519440823,-98.14938720639528
B,S,147.31298053095273,-152.01129631600233
B,T,152.0205757291636,-85.17269300210306
B,T,23.073560859002697,-110.99565552824974
B,I,135.3405070735885,-85.73366474313063
B,T,-30.432829836581057,-122.59436294721313
B,E,105.16676050015153,-81.93669694193657
B,P,-30.423928083516405,-54.91990552630235
B,K,-26.66342713713608,-72.76335824968542
B,Q,-37.955515960941504,-72.50071410531064
B,I,-43.832758259820835,-69.18071938506166
B,T,-38.25049098491206,-58.15872517737987
B,A,-27.036618075211916,-71.9869931728699
B,L,-56.012997732385536,-80.14733247666987
B,V,-44.51693287501581,-53.51615176433329
B,S,-30.560030691623712,-72.08183472770116
B,N,-55.11890534517403,-61.54431902256678
B,M,-16.354057154773216,-78.09608265160828
B,D,-33.723458920306854,-63.188484056834184
B,S,26.839012594689493,-98.61042695627403
B,L,166.16621909733956,-90.38239879466133
B,D,167.04471909761375,-102.74296480518133
B,W,26.39644005345468,-72.65951681525203
B,Y,-49.538695217022145,-42.629517208182314
B,N,114.41254838261108,-89.72999559887681
B,G,-159.1442138739382,-142.2531720414739
B,A,-174.54366713472777,-176.95690345376653
B,H,132.1542142766336,-63.03172855623205
B,G,173.7976854449159,79.7927280904639
B,K,137.26074801772305,-70.98199988635464
B,S,75.69852315631488,-101.9184224348831
B,R,-33.69388369431047,-68.80196813329503
B,D,-38.86269747320793,-60.73660547295516
B,D,-43.32646622735,-63.446195635263344
B,F,-43.71569459088517,-61.521376951297405
B,G,-40.690901736109524,-63.78100312970929
B,D,-43.865370440116365,-65.27358770852707
B,M,-38.052009931995485,-64.83984277480502
B,Y,-45.59073243302381,-59.50230406730877
B,E,-43.691770515792435,-65.97072578346149
B,G,-41.3678033773749,-62.20054518304277
B,L,-36.036877439940035,-65.51205301029911
B,L,-36.936603571989345,-63.97242204432869
B,Q,-40.77395489683992,-62.465012984961966
B,K,-40.70022780509142,-60.56030660098801
B,N,-42.39299394089749,-68.50575617963678
B,A,-33.07939762811243,-59.80836364867319
B,N,-27.221822648164796,-76.69913551052335
B,E,135.20749794995774,-76.24070004651229
B,T,-58.00827288628308,-66.11982765428303
B,K,-38.04369681788025,-44.61711969157738
B,S,-45.432466834283126,-61.55750750338521
B,G,-7.46432406149938,92.17430775289752
B,A,-24.063085612797703,-66.03984460527768
B,G,-20.021069540494366,-56.16852529942352
B,Q,-48.375960080928884,-55.33180124003204
B,Y,66.73894710252473,-100.32827184614408
B,F,134.4124632748542,-131.05294690753698
B,T,126.38797604484894,-136.93217690775313
B,P,118.725171865161,-45.18179713442718
B,R,-52.77151487846546,-45.70915919715248
B,P,-21.45662334456652,-56.518302212560094
B,L,-43.44102984588937,-78.7177626985168
B,I,-56.073285629376464,-61.552989886902175
B,K,-52.57814078516931,-47.069655937489614
B,T,-43.5671858731004,-59.12229203430179
B,I,-48.493889864276035,-61.42644153785767
B,I,-31.43205174787615,-66.7990734480892
B,H,-36.29566044229831,-65.95208336114986
B,L,-19.836965432245773,-83.50104123842269
B,L,-26.967669268249093,-86.26811851041836
B,K,64.81098010841012,45.191796566205646
B,P,133.42359030719666,-63.50161444151884
B,Q,158.52906280315716,-104.43005978969921
B,P,157.4909652906703,-63.89029377901127
B,R,-2.909843800933894,78.69209833739343
B,E,131.76909926473274,-97.66951269955992
B,V,117.24269669311514,-86.94040696691464
B,V,120.07247991237136,-102.42988928261607
B,Q,153.4107701096996,-108.95814746928264
B,D,96.05433745584826,-139.87675484006743
B,P,-29.590275002288223,-55.84678623429169
B,A,57.49615616459961,-124.91916232170024
B,A,-50.97143564657914,-37.960549402521
B,G,-122.05439553617128,70.00839783693209
B,T,23.062998713478443,-97.76920999946931
B,A,30.579674353977182,64.98387947146679
B,G,-46.02135004981004,-58.067340580928594
B,F,-38.05452184344257,-70.63224574749204
B,L,-45.09812062417769,-66.32645616285954
B,I,-45.06310947561907,-58.87706164212929
B,E,-36.3267947539809,-65.92100397906616
B,A,-38.68722590590601,-66.93394294811665
B,D,-40.67190213037281,-67.5384339261525
B,R,-42.19526910430628,-60.7030885509161
B,Y,-46.867180492982065,-63.11775056555274
B,V,-42.058646632314286,-61.291980701558934
B,K,-32.28547734267612,-65.49368242316253
B,S,-4.309430446360119,-72.70121724929781
B,Q,4.193996821119447,-118.11427089118182
B,T,25.508641574845225,-140.7889537689512
B,N,53.50119105327028,51.47742374191496
B,D,44.20414627982667,54.05571509630117
B,L,-5.978711572471462,78.3238941778938
B,D,-15.324513810137208,-68.7046692055256
B,D,-5.820885259554672,-86.60821235687655
B,L,152.4573373627417,-108.83859876025396
B,D,148.24215693411043,-70.76994176042793
B,G,-40.96577805779879,-39.663391494640294
B,D,-38.618940307242056,-65.44569982359143
B,T,-31.739150127731172,-70.80945673239864
B,Q,-39.638145633090744,-65.12879464164162
B,D,-34.78483021408049,-65.48961322619603
B,F,-48.80721164038414,-64.12766416148305
B,Q,-29.340795766701707,-62.994311872893284
B,I,-36.411698781354204,-82.89623033395655
B,H,-20.59940489937318,-112.97167871548434
B,R,-14.843282457377459,-127.95675761316906
B,A,-36.21317485760917,-64.6337881315821
B,F,134.71790582409383,-121.49094244148752
B,I,140.56423416356967,-139.03184350486907
B,G,169.1076937970681,-136.80157739264249
B,L,124.02279784929407,-147.35436232163403
B,E,134.8434670134729,-128.54354971500567
B,L,-48.319913787677905,-76.12504995306226
B,V,108.54272812416102,-77.82999266465588
B,P,-35.82975115153491,-50.34553648268705
B,G,-46.705207019576434,-63.26725410549428
B,T,-42.992231195949984,-67.41338410954533
B,R,-34.35202070787346,-56.49048685946608
B,R,-53.94554836904014,-63.29941594143449
B,L,-43.04818562371399,-54.17341210436771
B,A,-38.14296337266672,-62.07653772434158
B,L,-40.523006302068396,-65.55373260102692
B,M,-34.38804088196848,-68.28792340926705
B,N,-49.73256102852681,-62.17838592184093
B,C,-42.45850463019129,-65.78096238210249
B,L,-49.00180745514725,-54.849144268282636
B,L,-1.701752600107738,-76.03419796779717
B,H,9.105940217086284,-110.30035435573193
B,D,33.44730678804269,67.13826704890654
B,I,98.68515379985999,-109.84464383659483
B,E,-32.20267423542299,-85.01855917664491
B,G,-151.7689425364459,61.737339173540185
B,N,116.18089551806621,-100.95054165917267
B,L,-24.879660698811094,-58.44389010547231
B,D,-25.324896469689644,-64.92315539645188
B,H,10.499865152402647,-112.88713833968625
B,G,-15.668663699931264,94.83298054900777
B,G,-158.06613052856298,145.4499240920406
B,A,-39.06854167761228,-64.26333229206503
B,I,119.73647338577544,-97.44446860630754
B,R,152.73779539799665,-89.9820922230537
B,L,121.26014654649656,-98.5921549657167
B,G,-177.7788441790034,164.2756395145188
B,N,117.24280899744954,-99.61342262252178
B,T,-27.640020457886887,-62.93417521726104
B,L,12.422525656628062,-94.25066744195541
B,G,-152.5364361576596,-119.49992056123028
B,S,-38.889706329549405,-64.9302731668504
B,D,-34.763962464115444,-60.22723929348596
B,G,-48.652438423062264,-60.37775424709865
B,E,-14.000173298882173,-78.21752389780917
B,N,-0.6922740403937552,-86.56745546320141
B,L,141.88030398284116,-78.48055793832084
B,P,147.8506085391175,-72.59998624903392
B,K,170.01335574731004,-54.00283622119027
B,A,153.26966593853277,-147.66718453975824
B,H,-31.68724529439149,-85.48968809505752
B,I,145.28972268528605,-134.40051578157548
B,V,119.04100796927891,-138.47278905137665
B,A,117.66712176022396,-127.78983831935072
B,T,158.4391027207527,-154.46067753864395
B,N,79.59725090377965,-131.03717647223877
B,P,160.8647072388202,-60.00507628692116
B,P,147.07693137220474,-59.10298104876152
B,F,167.2755163998141,-95.94216247177451
B,G,-147.06782829627807,72.89446487549068
B,S,5.492921693092002,-93.06108678250499
B,A,178.93139955983233,62.37101321332775
B,A,-157.85628719279927,-80.671688154332
B,G,78.86868824684375,-68.33574046562117
B,T,93.0826162890633,-126.47921302542585
B,N,131.1146389611053,-77.32884585185381
B,I,74.63830341975047,-81.92527531384295
B,T,43.26824722158617,-93.69089123393162
B,R,141.7686981320415,-140.78217442158348
B,T,136.75039088861314,-90.26076633377433
B,F,167.35128600818192,-119.82864713427423
B,V,-28.354732743590898,-55.13534030333615
B,H,88.1829987974971,-142.66375412625675
B,P,130.8794420634047,-48.22962209921757
B,T,173.15938504810177,-136.50212259881437
B,S,-26.76279414797724,-105.32790178617763
B,N,134.23402619986953,-70.14643312698935
B,K,-34.112424933808924,-74.75901815673706
B,Q,-41.99008280179709,-69.83413868228934
B,L,-17.233043085827806,-67.82104677038252
B,C,-43.02806314188605,-78.62316102012484
B,F,-41.73379405057279,-59.05858249089482
B,M,-44.329754105375095,-57.626719437323615
B,Q,-36.81141689086637,-63.11246696155365
B,H,-50.028101858854036,-65.64220953823452
B,I,-38.19947455019107,-57.451138028921186
B,I,-35.49469649771157,-66.43632331395906
B,E,-50.92926344929028,-70.87230612391126
B,T,-22.452854666928175,-68.19387565984175
B,L,130.85441529490564,-66.1824560754214
B,H,162.89323036471583,-66.84242059968274
B,P,132.90128254020775,-62.93423592367473
B,G,-3.1419143075590377,88.93213109252825
B,G,165.87423515499435,-62.60596190803402
B,R,149.95139928964636,-138.64640638187805
B,A,163.60990759876262,-148.5704467192989
B,A,115.08727569424143,-140.3221019389858
B,V,124.58483040107723,-124.49035847541666
B,V,120.20769359963325,-80.09408953475214
B,V,160.86913465849636,-134.33378806004035
B,P,160.07245700768377,-83.6633970583539
B,D,-30.517650123807677,-58.1275262185568
B,N,-48.132028050023884,-50.60514043140418
B,V,-32.50200377859623,-52.23755430999521
B,L,-38.632117371297866,-80.82837116744804
B,F,8.054810532754589,-111.25343213327793
B,E,137.85300732417707,-74.33063017028306
B,G,-158.4256304736983,-97.82108478271488
B,G,-93.70061321740927,71.42029155099593
B,K,-12.952280274636031,-107.75737627304508
B,G,-32.353432267586456,-61.95476624906965
B,T,-37.50968299114514,-71.65698421546705
B,D,-43.85060516926246,-65.5113014642885
B,I,-31.363234044098515,-69.35881990098972
B,R,-32.64115620848904,-73.69941020458802
B,R,-30.652044544763708,-75.15895036888529
B,D,-43.17652629422863,-70.48608578363597
B,L,-49.816681685888796,-59.96676408466817
B,M,-6.08935216287308,-71.8147154860911
B,D,-56.340062673623365,-93.58641237790792
B,K,-18.76230497056788,-75.60385746466754
B,C,161.10142444671155,-128.34132388814916
B,H,84.9248667972298,-106.4176604025394
B,L,119.76226326273162,-72.79418965068449
B,H,-24.351098164052146,-117.48989038251833
B,T,139.29318002403258,-139.28130975855345
B,I,120.63267851974841,-131.11467208226736
B,L,117.17887266235134,-106.36977580371043
B,R,106.49272597258897,-92.55774911561404
B,L,158.04259501106145,-71.87497803726298
B,P,-171.55469195862776,-72.4377170776522
B,T,152.36004816280814,-117.30976188511349
B,G,17.434812484586047,82.34175337331722
B,I,-11.282329291130539,-99.3098326926377
B,F,147.33017548354223,-106.14001792682778
B,Y,-22.946053749359237,-51.897500140858874
B,A,-127.98380810895885,-71.44746592618041
B,Q,-71.78504846844878,179.06761459155828
B,G,56.04625161590135,-79.90011150812826
B,V,159.1436906395292,-130.31093190998078
B,K,122.54688007463557,-127.06703986259109
B,T,154.08074358773254,-124.83669932815998
B,N,175.1859992417936,-136.82341382440418
B,V,116.1571349601394,-133.11470918786213
B,L,135.06513466408424,-95.2225517677123
B,F,125.50045714622422,-118.46705756481784
B,F,163.41969514326001,-157.4334594640231
B,T,142.94766224131402,-115.98468202190959
B,K,112.63881178154253,-74.96550993971663
B,G,-149.54038929098584,73.5735625215648
B,T,156.8727891417387,-131.04342287185537
B,V,-42.779314009833456,-54.68307596746756
B,A,-39.52440348375087,-69.610567573015
B,N,83.00108115670669,-130.84288968539695
B,P,-15.155416276745326,-52.931539530429866
B,N,2.8245256838407484,-112.88772157582989
B,Q,131.65310477241877,-51.346873246670995
B,D,-21.523435162588697,-95.22886475538164
B,K,163.1434882375294,-140.92058605198523
B,N,33.07537810844692,48.92693837606719
B,C,-36.22614786046508,-68.48096408125043
B,T,134.93438578184137,-86.1615157133094
B,D,-66.44008893183494,-126.13573677912166
B,D,130.41226741890787,-112.11414956425669
B,V,124.11585480560377,-112.81084856731748
B,W,131.9943632786751,-96.13037027319974
B,V,137.24053438006476,-120.50858347173197
B,Y,110.03857555262721,-120.46508660569002
B,D,100.08192062583838,-79.77886822468702
B,L,23.527156146158678,-113.06144138891966
B,R,-60.091821915287966,-113.21041839052289
B,T,136.8897130515118,-63.72612421909491
B,N,50.4355252235228,60.28925451151837
B,M,156.2034405303167,-116.52356616198513
B,P,120.85424711353943,-65.39413052449788
B,S,97.43748227082132,-48.25763130097648
B,F,147.03322669879552,-69.81322275367789
B,G,-171.03749188629664,-178.61527394760236
B,K,-22.709357490576533,-62.90748155531909
B,R,-51.342552037630696,-80.55096254030056
B,T,88.13944939300475,-108.87232316512713
B,P,145.01671644268774,-71.9476403080853
B,F,114.32300822831918,-89.70993389023833
B,T,178.92271833227753,-115.60312075852087
B,D,-23.562094722283355,-65.6814074784285
B,E,-35.27310777553859,-60.81999023521448
B,H,-19.66995462534631,-70.22713706439004
B,L,-13.919973267069473,-100.29128069831025
B,Q,-41.350555745849995,-57.39192592425168
B,P,-46.756023299747156,-60.588447556883004
B,F,-46.58446900437019,-62.263478357324004
B,E,-25.217375259102887,-65.19249940183262
B,R,-57.004752332718255,-68.19095097793549
B,V,-32.134190340005304,-62.05420794545021
B,Y,-45.28805132910051,-49.9665419068357
B,G,168.88620838268122,111.483225452986
B,E,-6.49616215471935,-97.04426641922352
B,D,123.92788022472487,-84.99514315527377
B,P,-12.262588928612217,-63.360316754918706
B,H,11.785630962546662,-103.02471897766051
B,G,37.50209216902626,59.30662101932948
B,L,0.6312395540903729,-106.63915550435864
B,S,147.62739145606258,-66.00305670645852
B,P,135.21847559043837,-55.88027963623758
B,R,148.3993275648979,-131.5565444034082
B,T,124.56247381900835,-143.17530581885805
B,E,143.8483431695023,-50.92421606770894
B,G,93.73566822357007,132.19424745474325
B,E,115.55540184823363,-156.65987707631223
B,W,56.565236217169364,-120.87224604082893
B,S,-178.13914899311996,-84.59494704401192
B,F,50.64612408629614,35.48753610179609
B,N,52.07265213045425,54.559599820995174
B,A,-31.388793547349177,-70.90014710949796
B,E,-23.138465534446674,-70.45532377906585
B,E,9.184543850948492,-97.63917210023614
B,T,144.09405727775396,-91.30742515901494
B,E,129.12745604204335,-70.83245559178533
B,V,133.5961891322854,-85.84333241418764
B,A,150.60509156052595,-85.00294985379362
B,D,96.27936086179577,-98.58785180395087
B,S,170.17610535177803,-152.36649959505516
B,E,-37.28060516069462,-45.914992143222044
B,E,-42.43105358686003,-56.77356821240311
B,N,10.543101252794512,-92.72048488347197
B,K,131.12091452134655,-68.34692110549213
B,N,28.32783385155119,61.143772009915615
B,T,131.97350985662337,-109.783846040062
B,D,154.93154574826056,-69.886635498141
B,Q,-46.66400779274289,-42.70316939521416
B,H,-46.54754627880301,-64.95238255249149
B,L,-40.26110105524974,-68.22161677679826
B,A,-5.414185678306141,-61.34684560378465
B,T,0.867166967267557,-116.07046998419331
B,S,142.87407834680934,-75.63005474875612
B,R,-10.859879298631176,-85.1942282449437
B,W,109.92766204598958,-117.29242751320116
B,R,150.64554275683707,-141.86580426289527
B,K,149.10382380867796,-111.08902225597576
B,F,136.63187817248317,-135.71334215745875
B,S,159.99013800958798,-77.57890091647558
B,R,-43.376820891518435,-63.897592904068105
B,E,-35.153635804547854,-63.8766885167133
B,W,-50.778417171372226,-66.71981301906361
B,I,-39.77525387991181,-55.65588065044438
B,R,-53.032929991023344,-62.78659287353369
B,T,-77.62047182201826,-71.84098986338377
B,A,-56.5719785573499,-53.102849257876585
B,K,-2.5015695137774,-82.72014573136768
B,S,44.20820868468058,51.06599106273597
B,D,53.853066536744166,57.31922800092279
B,S,136.56407170169092,-125.55366035703804
B,L,15.01749445184021,-101.23434257051096
B,D,64.8961664067168,-85.23565191413695
B,I,121.97389681044527,-86.89247904989442
B,S,141.28782446008947,-145.62529223457574
B,W,5.450191575394904,-141.1109678604305
B,L,132.7024421548599,-119.68980867701566
B,K,-41.8898013324712,-76.74019362626008
B,D,56.48817638448182,47.40665650391821
B,K,144.34032882225944,-62.870059249710955
B,D,88.45706408523543,-97.74205264798125
B,S,159.32728439185357,-153.3216419672
B,I,115.50543533068283,-111.80850922792418
B,D,148.901315483703,-137.1310994174406
B,A,145.8404009210157,-63.69138914815029
B,D,72.31932871153188,-104.1107840179684
B,S,115.23680398027518,-123.66115246828952
B,L,159.32667462909174,-153.19761282580885
B,P,157.388810036592,-75.7270569273214
B,E,-43.07787362080655,-65.12260850174302
B,P,-29.442513874965965,-65.41924575453238
B,D,-44.442522487912655,-66.48151261497513
B,V,-37.66651997990962,-65.75344254928315
B,L,-45.16887008770675,-60.06311551691923
B,A,113.8556546982739,-93.30044627238749
B,A,-43.135905455207784,-64.88338996407829
B,E,-36.622889130429826,-65.32775874139956
B,A,-31.06512081710393,-60.479169100058925
B,M,-40.62397090726992,-55.88253775805451
B,G,-44.78405745021376,-60.06756131498653
B,E,-44.60909309137465,-67.6449494998833
B,L,-41.831619259290456,-64.71066002696156
B,V,-35.18155113698032,-61.817283404596466
B,Q,-39.98311813354681,-58.87978653751147
B,A,-37.242835504831596,-62.0178167494494
B,L,-36.662240636658844,-62.587836744561265
B,S,-45.131276412180725,-58.27913042073086
B,E,-37.325397787984016,-66.63470844631397
B,L,-40.24712366415286,-61.03045042338643
B,D,-40.150616466802866,-61.55128334559913
B,A,-43.92920694743767,-61.84024971980052
B,L,-39.33364659708774,-65.3561188818313
B,M,-37.9108599361556,-61.98632399831154
B,R,-43.11133891221348,-61.20591754893122
B,E,-41.28416121030888,-63.92871084577123
B,L,-40.699804778708405,-64.58297436980695
B,G,25.318871205532606,83.64622252265454
B,A,147.2683326338623,-61.861147709637855
B,S,162.6529328243129,-76.5806262241965
B,D,85.70380942331582,-84.97894390437516
B,E,152.09626017495916,-136.1391206221516
B,A,-40.94051087583359,-63.770826645087666
B,D,-41.719152075958604,-61.13636644077803
B,L,-41.1285680783875,-63.26875113106746
B,Q,-41.26769407130399,-64.3099730151743
B,R,-40.8427782918748,-63.037586348157504
B,Q,-45.09018009360379,-62.19734818296774
B,L,-41.70288175043781,-66.20553283129165
B,L,-32.91414834686706,-63.11305416063558
B,E,-48.63397943390213,-57.3506281112906
B,E,-48.78640781554748,-75.31202345429948
B,A,-43.81274342073196,-64.32379198093317
B,F,-45.68182485511208,-61.82519436721025
B,G,-37.66889834743123,-62.91491229043506
B,G,-41.25298334734691,-60.25010584084818
B,V,-38.7268104256854,-62.60636822438326
B,K,-40.21065227349175,-58.84210997997922
C,N,164.48178350921106,-66.74460596237765
C,N,140.78892007623622,-65.58582138595736
C,N,-160.93847639701625,-133.68105721994604
C,D,-36.65144141151842,-44.07640398116432
C,L,-43.688899210928426,-73.52866650218795
C,V,-37.13546129227214,-64.6307790581224
C,A,-33.02663401926516,-70.77018726138921
C,K,-34.571915399437664,-71.48468961983875
C,L,-35.34779211206939,-74.0829972642997
C,W,-46.779344810171494,-60.67397792366812
C,K,-35.70951723884825,-55.59212748862184
C,L,-36.78862893714481,-66.64324990748277
C,C,-11.308311052239398,-60.51619513713068
C,D,-29.68766725993532,-68.56156856488234
C,N,-37.94010287715378,-75.04456398241128
C,L,-41.21825739993514,-66.94694773552685
C,R,-51.68934543351926,-59.93534987989906
C,D,14.629438312720849,-84.05284194277877
C,G,-4.528122592402984,-113.73350382790615
C,G,-8.526286486439952,109.96534894578585
C,V,140.05781278263373,-78.34500431449729
C,S,163.60657490253,-81.90819423866623
C,Y,-18.08869585110613,-67.83226922474768
C,Q,-27.998175387408857,-79.39237381803792
C,N,5.821950798184818,-102.18763722541031
C,Y,-62.177263507755825,-49.160616699210536
C,V,-46.65310175738449,-51.458527939631146
C,N,-45.67148758319822,-57.13883962984091
C,E,-46.552930201007115,-62.301781018366036
C,L,-44.59722265984385,-65.67745043379891
C,A,-46.5265566696046,-54.935088122390766
C,S,-61.531301992815585,-55.30725430962402
C,L,-46.19138565955262,-56.75228114038357
C,L,-39.36732516983532,-58.90444913963416
C,F,-50.537339742820485,-61.35036403365713
C,L,-42.95776094923795,-58.52965391686367
C,K,-41.90972381024185,-63.73560196130681
C,M,-37.513959334125374,-67.66622147624503
C,C,-36.50911796277172,-61.41819216969228
C,K,-51.87946004141192,-68.76586699764127
C,E,-23.31754263543853,-53.71599284375714
C,T,-32.122113299834886,-67.61640967297275
C,G,10.458043851677676,88.51637056853554
C,Q,32.246937146757126,-143.2348092931326
C,E,-19.707261219279548,-53.8792353005965
C,A,-20.970095257667406,-64.51876497997532
C,E,-25.164068316861872,-91.82892870363641
C,Y,-53.66622324955553,-96.6769035002935
C,L,147.78453678471757,-102.41914562799573
C,P,147.26852941294945,-73.67794166295126
C,E,145.78404498097385,-57.287922164478665
C,G,-15.878848369054044,89.58444901957928
C,Y,62.439679737022544,-133.33006785781149
C,R,175.53705005038222,-124.55240437136165
C,W,-46.8639685300737,-47.16663304350165
C,D,-35.64367091503608,-61.89114167921515
C,D,-27.90284058550624,-66.0349615928906
C,L,-49.44736395869078,-92.52363981695314
C,K,-33.4665918460461,-59.07346791935621
C,S,-27.821647511125423,-76.88351975647751
C,R,170.40068222702325,-73.41242950970799
C,I,154.37058694233906,-151.41031361197525
C,G,-151.11566487928056,61.00477123031881
C,Q,-31.73079821454327,-59.411917951578836
C,E,-28.876294050380483,-59.16042380245987
C,Q,-42.97207059118328,-82.97025934393135
C,L,-41.87021788301013,-64.02305553954989
C,Q,-37.472635033556934,-70.14878623678617
C,F,-38.71418127703729,-68.34718849341908
C,Y,-42.85553930661967,-60.99749213540479
C,R,-56.82579120180942,-57.84858455189313
C,K,-33.30707513988221,-55.044581722364455
C,M,-39.34217477712166,-72.49871052355996
C,L,-35.50515932036767,-62.784234231228574
C,V,-40.40930694462939,-78.83204424181552
C,H,-36.10892323471688,-63.409641882577226
C,L,-36.022668129580936,-75.1385955817286
C,G,10.721225032867103,-79.7134775543177
C,E,97.4928609065225,-143.64749285712705
C,D,170.3563367004529,-177.99107473182514
C,D,-21.669805548501586,-72.99146183759906
C,K,42.81031119247352,-71.39808390750943
C,K,-19.902308275405254,-33.629380560518385
C,L,-62.11406107365155,-56.73193669534595
C,V,-36.804984141417535,-71.81050325847251
C,Q,-34.78464532844875,-52.056132439876464
C,A,-36.359199042098815,-62.519645163195676
C,V,-18.681169614047214,-76.01811128955063
C,F,14.868436944271101,-121.55301198367042
C,H,125.71669601852305,-73.34108599503074
C,N,24.38747890489988,60.8354081886551
C,V,135.88565206388205,-98.13206020649609
C,S,147.26233325617795,-151.77949423308857
C,T,152.0715882605242,-85.20756273727856
C,T,22.980298091281163,-110.90475413539652
C,I,135.1769889830886,-85.67356413263198
C,T,-30.36374721732745,-122.41223152157322
C,E,105.31516062191837,-82.0108237529856
C,P,-30.438383378463396,-55.12552063764136
C,K,-26.530811856299643,-72.66861347742726
C,Q,-37.84295105038859,-72.49949778946855
C,I,-43.5351953235159,-69.37949914100885
C,T,-38.11818949802902,-58.3840095411278
C,A,-26.756206021528673,-72.1262943550544
C,L,-55.94686204136159,-80.41415465758215
C,V,-44.49222581717377,-53.47309651882589
C,S,-30.56542848353686,-72.1549439197901
C,N,-55.18176228916932,-61.52945451346471
C,M,-16.497760785380226,-78.05292555556058
C,D,-33.535011635018954,-63.18668064303925
C,S,26.898977076652486,-98.69927277719158
C,L,166.15688846521664,-90.44511534768898
C,D,167.09891234010493,-102.76085121459649
C,W,26.440072948404072,-72.71777392935903
C,Y,-49.61274630166722,-42.5364926108504
C,N,114.39270597546833,-89.76722879920843
C,G,-159.06342826908963,-142.2159363338108
C,A,-174.534298692922,-176.99662739187463
C,H,132.09318615508616,-62.96205690592925
C,G,173.79460949120758,79.7833342846586
C,K,137.10327511516923,-71.00663768411216
C,S,75.80632205662913,-101.91467153494679
C,R,-33.630230332552436,-68.88152014241403
C,D,-38.66127020123256,-60.80945490090935
C,D,-43.210090869316815,-63.62986831251443
C,F,-43.672749301494235,-61.686618498751024
C,G,-40.59518063543937,-63.74996938502582
C,D,-43.621035459807466,-65.34071536485071
C,M,-37.92637135398802,-65.00449127570867
C,Y,-45.61748572276455,-59.57292257054562
C,E,-43.580620548607776,-65.9881406768165
C,G,-41.166581102608546,-62.38707700287834
C,L,-35.87506715887286,-65.63379540374066
C,L,-36.79407673459804,-64.19804041346447
C,Q,-40.98399349309396,-62.34991175289875
C,K,-40.83171796379213,-60.31963966040527
C,N,-42.47972456313515,-68.45741439849994
C,A,-32.91985057812881,-59.85698317635913
C,N,-27.45969158475167,-76.55297257869607
C,E,135.20194047990108,-76.17446020979062
C,T,-57.73240879478554,-66.24421510707732
C,K,-38.05858476602084,-44.774054509433654
C,S,-45.34018386957271,-61.696908200403804
C,G,-7.367202687407393,92.18679647520953
C,A,-23.925394112713295,-66.22040828377352
C,G,-19.953697472063773,-56.2497221842555
C,Q,-48.220031483809706,-55.38207353424696
C,Y,66.62008966657605,-100.39479074331875
C,F,134.41948864824562,-131.00073344517045
C,T,126.19482845876036,-137.05115275075343
C,P,118.63553125853916,-44.94091436922625
C,R,-52.695386172724454,-45.76362437597545
C,P,-21.32303551064573,-56.6225420524676
C,L,-43.60545584768678,-78.69488816929257
C,I,-56.13996096503031,-61.466519535191075
C,K,-52.59035069298327,-46.921978095662936
C,T,-43.42190268993679,-59.257127448306505
C,I,-48.564934103685864,-61.491847157783
C,I,-31.576843523387076,-66.82287987401473
C,H,-36.308506556352306,-65.80914447507075
C,L,-20.02125444810494,-83.37120430945912
C,L,-26.91903802996617,-86.28199022002254
C,K,64.80211334840907,45.199221564102174
C,P,133.41545437801017,-63.29789566009548
C,Q,158.6079409455605,-104.57124612322079
C,P,157.70772775070674,-64.0005163609962
C,R,-2.805374586583616,78.4720941987914
C,E,131.77370358743906,-97.58929867479391
C,V,117.31570250847373,-86.98484628742744
C,V,120.17559468683935,-102.6478013665101
C,Q,153.52018575043218,-109.05613697096148
C,D,95.8994384234445,-139.8639674130632
C,P,-29.47175934090144,-55.87513738576415
C,A,57.426948825805866,-125.03536681217136
C,A,-51.09174682494953,-37.888337170767706
C,G,-122.0981187837702,69.94497786820774
C,T,23.034162123272196,-97.62272457830625
C,A,30.84855683706228,64.73087736890551
C,G,-46.16615158120288,-57.999230093989034
C,F,-38.06762330106933,-70.55055359289321
C,L,-45.23160057373113,-66.32246512311995
C,I,-45.137102450782265,-58.95250924107706
C,E,-36.44805842679798,-65.70953918947401
C,A,-38.61430289522017,-66.94587899811063
C,D,-40.582848916272376,-67.66035611671619
C,R,-42.14943421852979,-60.74491146078374
C,Y,-46.97073917221908,-63.136027689953266
C,V,-42.08436942750092,-61.2958308642032
C,K,-32.23592322933673,-65.40931747140914
C,S,-4.291878665174934,-72.73817334588271
C,Q,4.217567739847038,-118.15308132580903
C,T,25.525362928674664,-140.81979610376735
C,N,53.47285853702496,51.62120970433542
C,D,44.20219848357124,54.19288174097696
C,L,-5.904094947842533,78.28001253541278
C,D,-15.25957968162443,-68.85701653989335
C,D,-5.710811799048043,-86.71203474930444
C,L,152.56407128039484,-108.7251726646616
C,D,148.28463321195576,-70.93835192468163
C,G,-41.146332866693875,-39.53272005873535
C,D,-38.5692072862265,-65.36781097246129
C,T,-31.70105999602898,-70.9020859816919
C,Q,-39.659072665465835,-65.09186725963725
C,D,-35.045612722180856,-65.35746935802638
C,F,-48.81027993907412,-64.06483336205349
C,Q,-29.300462294370544,-62.98917147662709
C,I,-36.320458304042525,-83.01422590488376
C,H,-20.536847679987314,-113.09727382426716
C,R,-14.971116912731574,-127.85900967601157
C,A,-36.16774654146122,-64.78521684710704
C,F,134.65531246343093,-121.41235315715075
C,I,140.69912829568366,-138.90377964403504
C,G,169.0255752181288,-136.91970330967368
C,L,123.98224016553439,-147.24133074613704
C,E,134.84522728911514,-128.60938393905033
C,L,-48.44227999646842,-76.17538143606474
C,V,108.491986729775,-77.79260406706305
C,P,-35.786179486205434,-50.28158008252797
C,G,-46.64974359501283,-63.24821440910691
C,T,-43.090283572776386,-67.54759914825097
C,R,-34.421706256918306,-56.34747179292658
C,R,-53.9523219017641,-63.18574790446337
C,L,-42.90132205856507,-54.31855051679055
C,A,-38.19112698899854,-62.106861082393884
C,L,-40.44589049041614,-65.75786547568569
C,M,-34.160158303624485,-68.49907987850857
C,N,-49.694155911660665,-62.254717116128305
C,C,-42.45777785974136,-65.87418635442427
C,L,-49.07145117836878,-54.74478241385118
C,L,-1.6099215061128402,-76.02392074054774
C,H,9.198717976812896,-110.51205822166615
C,D,33.328476181031355,67.17745189876328
C,I,98.67102481763249,-109.60051411664793
C,E,-32.37987063514482,-84.97091168247982
C,G,-151.73497876322708,61.860880133305315
C,N,116.18205380063546,-101.0421840311876
C,L,-25.050701971472346,-58.30934709888211
C,D,-25.212100239302483,-64.89328536343204
C,H,10.547446674813294,-112.97960438281564
C,G,-16.00423901413119,95.11713978835228
C,G,-157.96140682534295,145.4260330916678
C,A,-39.42549388622385,-64.10452074274332
C,I,119.77104933724435,-97.24060920359096
C,R,152.7098580664154,-89.98356692067883
C,L,121.18631576207335,-98.48717922855641
C,G,-177.8259640371403,164.29814315220688
C,N,117.31725072754055,-99.60907792130645
C,T,-27.695767540814565,-63.058686835973674
C,L,12.413065704517834,-94.08749348219183
C,G,-152.50899872462423,-119.58540786956634
C,S,-38.990150963968105,-64.93808498714678
C,D,-34.91607539674991,-59.8996821794234
C,G,-48.5872639500132,-60.49178534998315
C,E,-14.021710014114067,-78.17928956610976
C,N,-0.7666484074129618,-86.48467520588997
C,L,141.73443510082708,-78.37239868321736
C,P,147.91264976962952,-72.45626813644871
C,K,169.97293267438164,-54.21745414912951
C,A,153.10534879956552,-147.6349551499384
C,H,-31.582249274763154,-85.39010062314063
C,I,145.19540360523854,-134.4255031750317
C,V,119.11333439345545,-138.39870088172108
C,A,117.63615736345794,-127.83045613451213
C,T,158.4754411462097,-154.53335926283881
C,N,79.53517167612728,-131.0271454514825
C,P,160.94619825063526,-60.09537418598406
C,P,147.12179351010272,-59.18511388695465
C,F,162.16198907522684,-97.37921813995402
C,G,-157.4488209044018,78.35992213881741
C,S,4.318224120379391,-82.18235715943565
C,A,176.3663000862089,63.636571945024244
C,A,-157.8693958195984,-80.54518640783891
C,G,78.65282242150138,-68.36188037434597
C,T,93.15022395873717,-126.25670930153852
C,N,131.19330880199544,-77.53556614765463
C,I,74.51442659051948,-81.83737998232071
C,T,43.35815511524419,-93.68601311839788
C,R,141.76526682342464,-140.8088339140709
C,T,136.73158419322698,-90.12988386629996
C,F,167.28244165480672,-119.83526869614866
C,V,-28.327920736003648,-54.965924279598134
C,H,89.5573283097133,-141.65342870653987
C,P,130.94865511908313,-48.27605262787368
C,T,178.23797495934087,-137.84742494933585
C,S,-27.83707029584084,-112.13819439945348
C,N,138.33717566222865,-66.01459200915687
C,K,-36.92814922147286,-79.19207044150251
C,Q,-41.71370138848189,-69.66423124005863
C,L,-17.246633507613694,-67.80773306652361
C,C,-43.18207790124079,-78.51684033583095
C,F,-41.76234612265139,-59.07425418426662
C,M,-44.23117128389438,-57.702502593454426
C,Q,-36.949854415153325,-62.95651277233444
C,H,-50.042711032276515,-65.68396263655366
C,I,-38.36459631246636,-57.24736609691706
C,I,-35.41150359684155,-66.341115579265
C,E,-50.865690241384414,-70.98396915780778
C,T,-22.344930865954503,-68.32472805891055
C,L,130.83653739497063,-66.25193186434336
C,H,162.8289216316222,-66.83175005906313
C,P,132.86340727741992,-62.916383751716545
C,G,-3.1195433243038515,88.96475215956538
C,G,165.82197061348424,-62.5587274235472
C,R,150.03217131073777,-138.52953103717675
C,A,163.60804981643997,-148.7765567588767
C,A,115.04604651187421,-140.30670614904682
C,V,124.58010784656605,-124.5313360115159
C,V,120.30714046353619,-79.9647730603247
C,V,160.9796457011718,-134.37858380006915
C,P,160.06410003454874,-83.95879331577517
C,D,-36.55594776748971,-57.03386607664388
C,N,-47.18661397098336,-45.98267789647934
C,V,-32.66339168622966,-51.90132574618469
C,L,-38.44433438182883,-80.80993029789167
C,F,20.307468608590526,-115.24925124106355
C,E,130.58492537694707,-86.91751460581999
C,G,-158.99708073344135,-82.9317107392834
C,G,-113.39116415748065,70.14486552321239
C,K,-8.993287580705205,-90.34120135858657
C,G,-36.78743175896869,-63.65494773450333
C,T,-37.56571620933683,-71.80071029773993
C,D,-44.132062868851676,-65.31374436062261
C,I,-31.221426058965047,-69.22608164568912
C,R,-32.634038354348895,-73.78253089991114
C,R,-30.63778454800487,-75.25675655141339
C,D,-42.929015748287945,-70.60327263995256
C,L,-49.6191708003401,-60.188246288784434
C,M,-5.988564168429382,-71.97019384943974
C,D,-56.42494503191624,-93.46288856982841
C,K,-19.11554282159037,-75.3813260287378
C,C,160.9107688722772,-128.21023930615172
C,H,84.99996713527464,-106.45547445380527
C,L,119.84390873979268,-72.99544250813763
C,H,-24.241162311317126,-117.58401870452538
C,T,139.32344223311372,-139.4421272022629
C,I,120.6848001187604,-131.0734373872072
C,L,117.10854371208514,-106.49147207128905
C,R,106.42533845298117,-92.49334381649065
C,L,157.9855547234289,-71.7927149829752
C,P,-171.5150510133009,-72.5315174202955
C,T,152.279018400898,-117.19833203945275
C,G,17.48192651170099,82.27302203602667
C,I,-11.222710223992845,-99.33000138503165
C,F,147.36052486863304,-106.18724725038913
C,Y,-22.894322216838678,-51.954957582570806
C,A,-127.95133142721984,-71.36190831725771
C,Q,-71.81375372595137,179.24891906780056
C,G,55.178032210618404,-79.99502942000098
C,V,156.3634980702556,-129.6734344848693
C,K,122.68310505988984,-124.49024485463099
C,T,154.02351982658533,-124.95277701603213
C,N,175.39418234493547,-136.76234563537344
C,V,116.04554237036876,-133.35010496517046
C,L,135.07968393381765,-95.14859909320488
C,F,125.35853090994924,-118.53323276779678
C,F,163.46788831637164,-157.31122310756018
C,T,143.0635692462601,-115.92897897880964
C,K,112.73420044365679,-75.0230294134736
C,G,-149.5326477549725,73.47072505858976
C,T,156.9998663640965,-130.99703626341167
C,V,-42.78074968298945,-54.82741039026096
C,A,-39.541968726032025,-69.62303685032408
C,N,83.17199066303405,-130.81022075551252
C,P,-15.272058673848328,-53.004023486496884
C,N,2.9767406144062893,-112.75188492791506
C,Q,131.45548767643007,-51.50708708125739
C,D,-21.695800826185383,-94.96669225385406
C,K,163.21876710432446,-140.66650029624196
C,N,32.96533615429762,48.917863285857834
C,C,-36.413861337855074,-68.36562251969886
C,T,134.90713878770862,-86.01193664923765
C,D,-66.65503554013382,-126.09791315978474
C,D,130.38380374156932,-112.05045580076984
C,V,124.23979910091926,-112.77268939111865
C,W,132.04561988025233,-96.24397240307253
C,V,137.03614958880263,-120.40155722521341
C,Y,110.17439409320278,-120.4512703611593
C,D,100.19792735580528,-79.82133840059161
C,L,23.52298285233747,-113.1632881180657
C,R,-60.09335359162933,-113.2528447490572
C,T,136.9717758491935,-63.648257261585904
C,N,50.61473806840616,60.005026432490766
C,M,156.28137377332655,-116.57215019457064
C,P,120.69569844949997,-65.47153694761491
C,S,97.50685378175312,-48.076969063479346
C,F,147.01613297162706,-69.92943426446132
C,G,-170.86849816848004,-178.59442055584316
C,K,-22.528582643426063,-63.15673168660615
C,R,-51.30972768534488,-80.60786322299319
C,T,88.31489699480488,-108.8089234527374
C,P,145.1454750731451,-72.06667786389296
C,F,114.37552655102218,-89.74028912856848
C,T,178.87438038351104,-115.45685022892961
C,D,-23.41291022299639,-65.7417596875473
C,E,-35.12316602777506,-60.98579081359107
C,H,-19.622758431066266,-70.28093673826486
C,L,-13.92930143290679,-100.2176401981964
C,Q,-41.42259477462037,-57.52423364720007
C,P,-46.84843887285343,-60.512787416543254
C,F,-46.5858103184976,-62.056479697796895
C,E,-25.380129094938283,-65.25414539930776
C,R,-56.87537727564668,-68.23728443575882
C,V,-32.00900491503182,-62.06178246417304
C,Y,-45.2955344194565,-50.06996096475013
C,G,168.82370911915802,111.45776020216765
C,E,-6.633060221915625,-96.89613616112317
C,D,123.96387944292015,-84.94306541591342
C,P,-12.18601396334831,-63.34038674073451
C,H,11.850436802151492,-103.13343299850254
C,G,37.60542877635281,59.24478860754653
C,L,0.7341589024639188,-106.7534982523249
C,S,147.56492107775654,-65.97993620296161
C,P,135.2840730289129,-55.66598226700717
C,R,148.39581777905488,-131.64437251079457
C,T,124.56893141584443,-143.22297078631834
C,E,143.7637679324838,-50.79385574740609
C,G,93.65206973437579,132.22769526391664
C,E,115.77569028644653,-156.50553245830224
C,W,56.686797158029634,-121.10021082116242
C,S,-177.96223042170917,-84.698787401983
C,F,50.40448897856201,35.69130037382071
C,N,51.99055064551501,54.656231292283664
C,A,-31.3175888290246,-71.02241485704307
C,E,-23.069241561779435,-70.39178227039035
C,E,9.21523995673897,-97.69942671515312
C,T,144.0882677066011,-91.19783841561727
C,E,129.07293657686697,-70.92988219484641
C,V,133.4342851371517,-85.77577517246033
C,A,150.77100426657117,-84.88524490957653
C,D,96.22416429440801,-98.77567554104374
C,S,170.24625255459932,-152.22792113794355
C,E,-37.259092932208205,-45.905642155036205
C,E,-42.39926421722821,-56.8132133870699
C,N,10.561815419628589,-92.69571902835078
C,K,131.16760827704306,-68.48703538312283
C,N,28.18608564273143,61.14018348874584
C,T,131.95552735575296,-109.84300583725427
C,D,155.01256426595447,-69.81279370975555
C,Q,-46.6999717940536,-42.593254081734955
C,H,-46.41601147627935,-65.2807461336833
C,L,-40.19057221604675,-68.17112544761979
C,A,-5.293793016735277,-61.4897036027023
C,T,0.7867573203733604,-116.07763451393824
C,S,143.0005973284468,-75.50614768821976
C,R,-10.738067326952011,-85.41134381761759
C,W,109.89852684722965,-117.3588605896355
C,R,150.60157551680066,-141.8161817445042
C,K,148.92553875440103,-111.01132914482623
C,F,136.782521509056,-135.60117688164357
C,S,159.9887090353905,-77.59239827732593
C,R,-43.26952676776008,-64.02670541545727
C,E,-35.07771398690178,-63.884647425005234
C,W,-50.688406865050716,-66.85450587593178
C,I,-39.660477485293484,-55.82557838446663
C,R,-53.292150166837274,-62.6069006713481
C,T,-77.56362620429744,-71.60010529389919
C,A,-56.594611524394566,-53.420800209322195
C,K,-2.648152614623495,-82.53881198598356
C,S,43.938639020154916,51.28318648885244
C,D,53.882459639325596,57.550794682969276
C,S,136.53431679034603,-125.58819382644585
C,L,14.998547529977946,-101.19538592750062
C,D,64.719420356352,-85.1005364153343
C,I,122.0372280688687,-87.03707753866074
C,S,141.17851423802458,-145.65199338408533
C,W,5.227474598919198,-141.0741717312363
C,L,132.61415052475593,-119.57681723787158
C,K,-41.89938276442642,-76.7126262440632
C,D,56.35856706054675,47.52790151597163
C,K,144.13923437567956,-62.72327582080183
C,D,88.46418125805937,-97.65826108608381
C,S,159.19636178754917,-153.40969526442348
C,I,115.53310023803448,-111.70898071269885
C,D,148.80983699471096,-137.14343578689747
C,A,145.8306398370918,-63.54104350559859
C,D,72.35020118891339,-104.19840118634389
C,S,115.22582000363842,-123.73223282966711
C,L,159.26311586707465,-153.20201605465013
C,P,157.3637927008512,-75.67922112774696
C,E,-43.015557128883756,-65.15677845629574
C,P,-29.434473068052814,-65.45446383647861
C,D,-44.628075386611805,-66.34037074694184
C,V,-37.697173922037436,-65.79376806929523
C,L,-45.16901065512157,-60.09227836605359
C,A,113.78119777116794,-93.32031569006178
C,A,-43.054128095644295,-64.77262605431056
C,E,-36.406512274077464,-65.58456840901002
C,A,-30.692790171873742,-60.76272286856156
C,M,-40.718197203932185,-56.007225069215956
C,G,-44.90184117755298,-59.83916048204148
C,E,-44.74766896213221,-67.45472183841517
C,L,-41.71399602030607,-64.80048578738142
C,V,-35.18799160750009,-61.85105522817605
C,Q,-39.94525358095466,-58.9171794537097
C,A,-37.19853339595747,-62.13421377340593
C,L,-36.699240624078776,-62.52813246964467
C,S,-45.11660175323046,-58.31901007616732
C,E,-37.325253392155105,-66.58679027065904
C,L,-40.37311658741563,-61.027231738032526
C,D,-40.29564008968395,-61.441511863179976
C,A,-43.97643115409136,-61.77190822779708
C,L,-39.347325186174,-65.35943250976565
C,M,-38.047834015388425,-61.93256043544032
C,R,-43.24072027462815,-60.908299688173045
C,E,-41.2943415138413,-63.97185718080215
C,L,-40.69112338466535,-64.54253295913826
C,G,25.18794294084244,83.75616130431712
C,A,147.20025713862222,-61.78587465914138
C,S,162.66131893222496,-76.44454737526249
C,D,85.77513921948875,-85.07381568408002
C,E,152.00216266890678,-136.1714058486844
C,A,-40.85190772641934,-63.57057416086324
C,D,-41.64219160578063,-61.237927858965065
C,L,-40.97963900264784,-63.35463557259672
C,Q,-41.26877686407059,-64.4837725537506
C,R,-41.052763830536726,-62.880233833935826
C,Q,-45.21819426749454,-62.008844979683076
C,L,-41.78138008601551,-65.94191527466933
C,L,-32.95273768302949,-63.11987483356194
C,E,-48.62206960416349,-57.31592774335501
C,E,-48.78287174223665,-75.31388594391929
C,A,-43.662515124081565,-64.45318587768949
C,F,-45.73617403183818,-61.773974316302045
C,G,-37.65912527099975,-62.886053791475014
C,G,-41.14702243094084,-60.321575349022325
C,V,-38.785815115607804,-62.71520618216251
C,K,-40.184971687765135,-58.89994207271478
D,T,164.45115976782185,-117.8730274348193
D,Y,-41.67405587562094,-62.265411429715165
D,N,-29.61808301805868,-60.325020909899585
D,N,-48.41688402771038,-67.57206244604362
D,V,-42.0963712706548,-63.35024900128256
D,F,-39.20333373595481,-64.44539602752835
D,D,-13.479175936664719,-68.23346421130435
D,H,-57.05088763453212,-86.2348820294474
D,A,-36.38571730824317,-58.237858694150255
D,Y,-42.34042832056454,-59.561284941906194
D,E,-28.703710885156525,-74.0807838528663
D,M,-37.11572992524859,-72.74935545330736
D,L,-40.626250759464185,-68.78662346991901
D,K,-48.268309336937705,-56.15637428522444
D,E,-54.81319485507102,-60.1125401452758
D,N,-34.16036524614333,-56.717266179503355
D,I,-46.12088349751384,-62.678724864936314
D,R,-44.8200235356171,-66.83916056083942
D,Y,-31.777281171018814,-59.91251418374346
D,D,11.601791794592762,-110.33304448619802
D,D,58.721334888417424,45.86922866355481
D,I,131.9140306623475,-83.69121618364933
D,R,-9.487182701046784,-124.44118517182196
D,D,139.5541030544803,-134.80069380669852
D,T,-22.065745309432884,-60.09425893976182
D,D,-0.07410692346008838,-78.77344900193681
D,D,16.317397527268604,-122.46399183022234
D,L,-16.04318639463768,-99.98290760151312
D,H,-55.76222730768517,-46.55581811345705
D,D,-35.893614206281754,-67.62689173983738
D,A,-39.3505090984059,-63.45394590998251
D,I,-47.5722513279041,-64.90159778784317
D,H,-36.984247414815236,-67.19381972233556
D,M,-32.636288741013104,-67.64947654555147
D,A,-48.27995482250404,-63.643860596791654
D,A,-45.43634764081672,-55.62406590571331
D,D,-43.22783507330128,-55.68096980230533
D,N,-23.32513978049576,-72.30874538013596
D,A,-19.803914315699792,-98.18602859706947
D,V,139.04613813849957,-61.84305368896311
D,P,155.9188948553596,-70.68584602395694
D,H,-26.345083563614164,-107.74895516647139
D,Y,161.65787877073785,-77.19457394926236
D,Y,-56.50807187412703,-65.18152705703493
D,A,-35.61968393570549,-62.86442340457049
D,D,-42.803194896880505,-62.57435957783521
D,I,-46.97181621678613,-62.66873634088185
D,F,-39.14647205005965,-62.21462167273381
D,S,-35.91249292069325,-66.61566164013723
D,V,-44.661265595056655,-66.61239514300753
D,M,-26.96877738420215,-63.05195790985362
D,A,-14.699893899633881,-77.9724255085763
D,S,176.7429689687451,-99.61750481403041
D,E,138.45710077103823,-66.08797585928878
D,G,-4.69440529679767,108.27531389321064
D,I,130.60618105513677,-147.10791300153804
D,D,169.28526949554276,-99.88829379008097
D,L,-22.3003301609527,-77.0708775740471
D,E,141.33770095146647,-78.42755833055315
D,F,144.8420799302135,-82.10714564153307
D,E,-45.83059257941547,-78.21564764264349
D,D,114.42986416036257,-120.74106070628267
D,S,-16.972175914285447,-68.41854024684851
D,G,-18.4171001014663,-64.22025155304735
D,L,3.870180803169835,-95.62511341730567
D,M,119.03259520955883,-99.12885701424388
D,P,138.1738545675648,-73.30988833938599
D,D,95.14971134709397,-81.07146223445575
D,T,155.11663774792865,-154.6312911383765
D,K,-14.68770689753693,-84.88147150666835
D,D,97.29578477938784,-74.73833678525517
D,V,-42.930857864024155,-52.172473142486034
D,I,-31.216464943028665,-63.83114295820497
D,R,-34.94182453100739,-73.1828921723304
D,I,-47.17089056703754,-62.411210183283586
D,L,-42.66261929141147,-61.793347310813765
D,Q,-41.511625930861825,-62.99485687282783
D,A,-31.128706085040033,-64.09610092765628
D,R,-37.429975705937416,-72.57282272837618
D,I,-48.607100677487445,-63.9029572255135
D,Y,-46.728343350646114,-55.969644104936194
D,E,-47.199459049894216,-62.79473645025096
D,Q,-37.41551179242865,-61.84050276636762
D,L,-47.14221696640912,-59.45716918489121
D,T,-39.42879295926789,-66.7045808836551
D,I,-49.086382652812574,-61.99968696632282
D,D,-34.78976069097969,-67.49626358939975
D,L,-41.09755050283441,-67.65146027771219
D,W,-34.72148579806525,-60.29484358070069
D,E,-23.804181831710316,-66.85938421721944
D,D,3.3323876023368446,-97.39755781992153
D,A,-53.29887785396829,-57.90801227259524
D,E,-43.47617876221637,-60.90151309498432
D,D,-45.039868920225445,-59.379005836447696
D,L,-41.420913705106486,-66.57679484637764
D,L,-37.355418652762964,-65.31569704468114
D,N,-45.62858337096013,-64.69992441229938
D,E,-39.344888661001235,-59.05457731280997
D,Y,-50.99694450432734,-64.88323969392505
D,L,-42.843570038943014,-57.856125526623025
D,E,1.13958205322803,-78.61752622496016
D,E,8.051570940171173,-83.26090876885354
D,V,154.08436607650867,-141.09753271589685
D,E,138.97754838872524,-156.88615944735764
D,E,101.05374212017506,-89.34707629104331
E,T,164.40549962026117,-117.94403281914998
E,Y,-41.6955602313831,-62.201019786873246
E,N,-29.450254427702895,-60.27131976102324
E,N,-48.68558865586962,-67.65859444823197
E,V,-42.13924399537202,-63.18268332462007
E,F,-39.26826728052979,-64.53168901183939
E,D,-15.369701818583321,-67.80451660312634
E,H,-53.42350302959104,-85.02227612937997
E,A,-37.321211726091605,-61.54808506473107
E,Y,-42.1041597808262,-59.63249196935267
E,E,-30.72081407474068,-74.10118855682286
E,M,-36.57517253677215,-70.83889480769213
E,L,-40.56158284587761,-68.69074567391897
E,K,-48.22379131915881,-56.18098175497119
E,E,-55.27467231431587,-59.77337233640373
E,N,-34.000947827897406,-56.631095265870215
E,I,-45.964159188086015,-62.59653206161541
E,R,-45.14993962736429,-66.67962320944302
E,Y,-31.92267320228749,-59.903151983436175
E,D,11.559145492438194,-110.28826380234945
E,D,58.59408038035187,45.94801845843111
E,I,131.89923640652134,-83.6405822665728
E,R,-9.331759948050381,-124.43673023050493
E,D,139.58371214312783,-134.92278218222228
E,T,-21.87344061159485,-60.182185482975505
E,D,-0.17206635764376402,-78.82828234994437
E,D,16.196355878979414,-122.36431664547035
E,L,-16.015441098495206,-99.79994868831412
E,H,-55.69639503602698,-46.71062567109234
E,D,-35.76733218266455,-67.66991821236607
E,A,-39.39612150092987,-63.61309403867344
E,I,-47.63142677156378,-64.64523447374614
E,H,-37.04094925803343,-67.12830639705847
E,M,-32.45033154730187,-67.61033704707006
E,A,-48.27459991332108,-63.750623661194545
E,A,-45.476050666016086,-55.61059895451579
E,D,-39.465675836567485,-56.517766801105275
E,N,-23.736528125610278,-75.53966211006014
E,A,-19.95010986034187,-98.32733011776246
E,V,138.84145028170818,-61.6053099269583
E,P,155.86512163995457,-70.40702635151189
E,H,-17.75077155802406,-109.54894628380684
E,Y,160.02443370960634,-85.14823859999957
E,Y,-58.38739462355587,-63.188784578269
E,A,-35.65891226105385,-62.84360176208884
E,D,-43.00825696848771,-62.87976278463949
E,I,-47.040101370443054,-62.75590525190546
E,F,-38.93942511091891,-62.197164574308886
E,S,-35.81309179442607,-66.88690410741359
E,V,-44.81834108583781,-66.62526583483778
E,M,-26.898088005045366,-62.87669276161512
E,A,-15.011204698305816,-77.94134284733555
E,S,176.6571961236286,-99.55826772264619
E,E,135.8476788954681,-66.33454957548938
E,G,-4.582307022644782,111.00459133558765
E,I,130.67773295658571,-147.0142779823015
E,D,168.62282201496623,-99.40433365894124
E,L,-22.213138130538148,-77.09108582299007
E,E,141.19354556929284,-78.5055489374441
E,F,144.63318587636113,-81.88110219573022
E,E,-45.82791697742976,-78.0486825671946
E,D,114.31125061107534,-120.65385687198129
E,S,-17.050871296541857,-68.40484258284407
E,G,-18.578481899625988,-64.04150434425439
E,L,4.068717319315854,-95.62024640428274
E,M,119.30931732223696,-99.44865255731821
E,P,138.28967481669358,-73.40702259659876
E,D,95.15804144622783,-81.26295712943616
E,T,155.06093145643555,-154.5755085828612
E,K,-14.658305527525624,-84.88836621411316
E,D,97.38170842858925,-74.5511173683581
E,V,-42.9675856580823,-52.16227749423165
E,I,-31.055306188934278,-64.00290120644976
E,R,-34.84435229059457,-73.2609067252818
E,I,-47.145981493975384,-62.58157758289092
E,L,-42.60816155932103,-61.69531883149261
E,Q,-41.30007280438834,-63.249403692653416
E,A,-31.054277246770784,-64.24828420696318
E,R,-37.37510502467375,-72.64887469013826
E,I,-48.56796782822458,-63.71506072220048
E,Y,-46.48961836475675,-56.04707840988733
E,E,-47.05208005524934,-63.05045583762353
E,Q,-37.659918170750444,-61.69744925812542
E,L,-47.177219395652806,-59.37601865756346
E,T,-39.45298826322892,-66.53783339866807
E,I,-48.9862193238673,-62.17593663840245
E,D,-34.91068331917675,-67.31741886066929
E,L,-41.295674803263715,-67.644497192817
E,W,-34.784539177086906,-60.14433432977762
E,E,-23.613259313109324,-66.90993717508948
E,D,3.385467764534742,-97.49456437223343
E,A,-53.37682966421815,-57.90186942211071
E,E,-43.58097363829189,-60.80102091260062
E,D,-45.09304361303008,-59.3672781989497
E,L,-41.307317575933645,-66.59409971105238
E,L,-37.296383598797,-65.40297271498257
E,N,-45.6094747438316,-64.74922641039537
E,E,-39.34573950588666,-59.02008523039673
E,Y,-51.038531547918986,-64.89472257174363
E,L,-42.77909352068006,-57.87076005597415
E,E,1.2651059400858884,-78.74132462808892
E,E,8.138592980939126,-83.41663566990267
E,V,154.13332136706487,-141.1970695537946
E,E,138.87684197445262,-156.85081783351055
