Chain,AA,PSI,PHI
A,T,120.20451393178178,-81.86569874444727
A,R,147.68625683526645,-78.51138468555054
A,R,130.21683678311405,-117.51546864521723
A,A,138.93136571907522,-115.85359037043881
A,E,121.3185513072468,-115.65071165736073
A,V,120.89782763161433,-108.10624873601745
A,A,118.9765505501055,-94.67299318293168
A,G,125.84065992994996,107.84414160252801
A,G,37.972136094116266,-104.14926537194474
A,G,-160.85033480562137,-95.20312361315273
A,F,-40.59378204339041,-60.58287022071617
A,A,-48.13827020536823,-66.56106862910575
A,G,-41.496039766403726,-68.8455835306609
A,L,-40.2886708909731,-64.25430530288659
A,T,-50.155783198750164,-62.19620876294184
A,A,-43.93052331016973,-56.79604562552108
A,A,-43.80361212686891,-67.28235578603979
A,I,-51.18650459964763,-63.684043366009305
A,A,-40.41092996584505,-58.023541982014514
A,L,-44.18341431118185,-68.53674169845749
A,K,-42.45441034808543,-59.40660793576556
A,Q,-28.393694182354256,-57.99533432448265
A,N,5.409656475324077,-91.46173339900095
A,G,13.060728710645735,88.03664949282988
A,W,148.0849850292749,-67.65507619903721
A,D,110.63476639877658,-87.23626788149623
A,V,134.38339165101513,-114.07024983464346
A,R,137.84957407065062,-126.6345983281893
A,L,138.41800339534916,-119.73404395555184
A,H,118.68697437884425,-121.81207112945967
A,E,130.26588169177202,-108.52004175170585
A,K,-38.66950553212919,-66.320457817078
A,S,156.53440105303315,-68.58414122323104
A,S,-5.769656343524929,-78.46841050170902
A,E,165.15682135855394,-140.80245987767012
A,L,116.79620532900287,-93.14943275807954
A,R,155.3158859662473,-158.38157151002227
A,A,139.10570025316426,-122.26960943629776
A,F,164.6740067380306,-107.16557943001858
A,G,1.0068114996593485,114.10397351994493
A,A,-72.04036608054882,70.58869839355688
A,G,175.08220588051324,-138.50035298726462
A,I,148.45637630194008,-159.4565784745309
A,Y,142.04553342675115,-101.3094306436502
A,L,155.51880498183843,-119.67378761586716
A,W,178.70633248865224,-121.09965377773065
A,H,-49.41714841410812,-37.725749821655114
A,N,-47.51858078985827,-59.597306163377745
A,G,-41.397276858780764,-71.74246278953564
A,L,-39.22217877434811,-53.64874156003625
A,R,-34.84861946766846,-65.29811551493195
A,V,-44.244377761173716,-63.58270737659782
A,L,-38.15945914528034,-60.12930544579291
A,E,-47.52770081700448,-57.263053460522016
A,G,-33.36156141588638,-57.88538636998282
A,L,-2.8416311621987655,-91.9368560231468
A,G,29.891282644090342,69.52661880461547
A,A,7.561974183568082,-120.06147441104618
A,L,-37.88076542512795,-69.55507187010441
A,D,-43.74820319734813,-67.42632622949213
A,D,-29.55064126495053,-59.38102115037762
A,V,-46.24334155312219,-80.30216144406633
A,L,-36.854443293147185,-61.39474557936509
A,Q,129.7493135087505,-73.71314432437163
A,G,19.47478130429693,79.40865602978677
A,S,-178.0160375215678,-134.13283644525944
A,H,140.29708906235138,-143.9367593381794
A,T,116.41250140315101,-111.55139157873909
A,P,156.6573703701614,-64.1734848250171
A,P,-31.92456374226923,-61.32238852918741
A,T,159.8044724967971,-158.67931730713528
A,Y,110.92232796591344,-99.65465591881282
A,E,141.5536740709981,-109.08468916044816
A,T,138.16806300022077,-117.66169875267784
A,W,140.06320034466583,-119.21826415539839
A,M,124.5710978628307,-117.53543240662819
A,H,48.99591555787531,43.502335124167395
A,N,6.123389331013889,71.47943415408231
A,K,126.43416874157036,-104.39297243885608
A,S,122.10593238994261,-68.33937468134606
A,V,-14.912948585727996,-106.8410130657853
A,S,155.80881050405318,-163.42774327668667
A,K,121.04727885798671,-142.10538455793292
A,E,135.8360341022785,-120.40871290315295
A,T,-1.9067049806006011,-125.06915111296547
A,F,26.0063857461265,66.74014372586942
A,N,44.855032720981356,53.165109591085866
A,G,-3.465253035060744,82.9934314213861
A,L,124.0555493776541,-59.20936792417251
A,P,150.41173966298462,-60.903384159071955
A,W,171.03467535246375,-160.30627784657835
A,R,152.15648717463634,-165.55393461064128
A,I,137.65404549283215,-133.53363185574992
A,M,167.46566074961797,-154.78376986317198
A,T,161.46903288297648,-79.26250146540735
A,R,-42.68585886423119,-64.53008624797828
A,S,-31.400329157381666,-65.77243527069724
A,H,-51.103168426121435,-59.79839376408119
A,L,-36.71325390372954,-67.96233500928341
A,H,-39.883096882412474,-71.4309401167495
A,D,-38.239268479982805,-65.14999248979751
A,A,-39.604395124410935,-63.82213303380903
A,L,-45.496719765885665,-67.67821570280893
A,V,-50.98367044099352,-56.801185412650575
A,N,-40.35514608403619,-60.33751907444134
A,R,-44.77221687158571,-66.195289331911
A,A,-46.172216592624856,-54.029545638437575
A,R,-38.25458351010661,-66.51415009129468
A,A,-41.87488319825927,-60.80590583582536
A,L,-8.777765306416109,-72.86730309180375
A,G,25.01788303017068,80.98402217666867
A,V,132.63281418835274,-66.0859933655256
A,D,112.36039854874214,-76.01912666536562
A,I,128.39999229849863,-109.9147134165325
A,S,127.28447489025685,-111.94609571673816
A,V,171.11236809493727,-96.01636975540929
A,N,46.96069369430039,50.551991853002036
A,S,102.66284089907049,-146.54365905410688
A,E,127.42188366442024,-112.88964877223039
A,A,132.21962398802086,-78.92586611578187
A,V,-17.07426480889573,-115.09244750044061
A,A,156.11800629502505,-155.51195018440748
A,A,151.44480680231277,-139.52372269831997
A,D,131.03184631588917,-120.60472978954868
A,P,-21.344934130496068,-53.683614279220954
A,V,-7.75739676516956,-73.11299025584827
A,G,46.8800861208593,107.6834180669916
A,R,141.68523006219903,-131.36909475431048
A,L,130.33725948024394,-125.05552478979034
A,T,128.4685218624126,-108.87647430177776
A,L,165.26288072599493,-95.7164473367584
A,Q,-24.31696273612245,-65.28621813774237
A,T,-10.684099833375633,-70.48739797817896
A,G,-12.948011470953542,95.20712909147676
A,E,133.27961481853796,-69.99876468943717
A,V,123.01525765261499,-109.79520108079161
A,L,139.47895821645264,-110.09832443656659
A,E,144.63128667497298,-99.17906112626432
A,A,172.21036015596172,-158.5548836939797
A,D,-18.62872392866393,-85.87186932944547
A,L,133.2721435318361,-148.3403406456437
A,I,120.52143157161174,-117.21248237461329
A,V,119.33000968557492,-105.19815494686522
A,G,90.54912007300291,-88.95051908246803
A,A,39.42671697503043,-114.33139035878908
A,D,31.26763554413111,-105.6472720576267
A,G,-179.14829085658386,78.96208993872028
A,V,-26.57964338716555,-62.75927456667289
A,G,36.4566595722829,-99.57779906099344
A,S,113.10811296534446,-42.921886635886224
A,K,-25.929820896401285,-74.50295112902003
A,V,-46.430408254008505,-63.464025759593625
A,R,-51.26174418728938,-64.95334019699973
A,D,-22.143431552691077,-79.20840381953684
A,S,-32.89563182125497,-67.63751378305884
A,I,-40.77554861765721,-83.14220193224367
A,G,108.56937848197433,100.34011499094693
A,F,130.74015643075273,-127.96060024103443
A,K,138.54695395981886,-65.67709937279811
A,Q,158.66211018980104,-156.30513575055545
A,D,124.76429770120589,-111.7061063865963
A,R,126.41286184858396,-139.84165340809133
A,W,172.42493315177734,-157.93792348386648
A,V,136.97048346884785,-124.45325502067011
A,S,149.60884728489344,-58.3767090954284
A,K,-46.653709041492135,-64.06985671044289
A,D,159.43655404146995,-116.72409450925268
A,G,-153.81796926698777,-143.21793252538
A,L,167.66162639918784,-160.11982596726966
A,I,122.59151829514072,-112.66635589798521
A,R,131.08154166748974,-109.5933789223428
A,L,155.64663302843064,-143.84317711380555
A,I,131.1439749689905,-110.59975148533283
A,V,166.0076143681549,-132.71983721002056
A,P,150.66017041383927,-58.14708293465421
A,R,-36.327014047810664,-62.35757985447391
A,M,40.80078861055159,53.23227973793088
A,K,-43.26697333589537,-65.30547890089605
A,K,-41.22341243569292,-56.467184595632396
A,E,-20.73730162145504,-72.0701585149257
A,L,-20.1111321676813,-77.99384497129984
A,G,-158.20635793168827,72.7804576404965
A,H,144.4416927290674,-60.422266577608916
A,G,-161.92684496282186,150.01977944274003
A,E,65.45002238334136,-119.4104892128207
A,W,2.795663047431849,-80.98154039954407
A,D,-16.02720980831552,-85.3215026825727
A,N,161.20472589574774,-65.92307463120275
A,T,135.66226731705936,-77.91498000818717
A,I,113.3670599821425,-134.33805940352414
A,D,106.32227312675984,-96.36720493543238
A,M,92.97899153866042,-99.92994999600738
A,W,151.7946598773798,-92.42833454170598
A,N,138.72141590718715,-152.60357129758043
A,F,-22.028423570314782,-110.97447858997944
A,W,139.87333379446443,-125.04141855423592
A,P,-14.979453744432934,-70.95552780971923
A,R,163.53933895958065,-152.04935805222541
A,V,103.33529130614168,-84.2372421782829
A,Q,143.1852494253412,-145.33556561033015
A,R,142.91419156043403,-146.41140548605887
A,I,122.4165679354422,-125.29743976240475
A,L,117.89340172886828,-89.08853285377666
A,Y,113.43504997425325,-102.13326263956229
A,S,89.6745575902088,-138.04715323906828
A,P,131.6442882961143,-64.67350009253218
A,C,-29.86755110369145,-98.50071093029412
A,N,-175.4462260915825,-175.11516152928024
A,E,-17.60217309339628,-62.14318858674583
A,N,-27.255209420275303,-108.89520119685486
A,E,135.95351038860213,-126.7529362201262
A,L,130.68429864828215,-121.55160190730881
A,Y,124.53210879562049,-100.30395183560614
A,L,137.20385173946477,-115.51282241473359
A,G,119.19813865974939,-118.48857468323767
A,L,110.74419357345401,-106.8574306590682
A,M,125.69937229674964,-117.9726005264503
A,A,161.9452057360928,-148.578288440257
A,P,150.3961778396331,-66.12097106014959
A,A,-23.527042938841625,-69.15805309410939
A,A,-3.050770572020439,-79.91721900179432
A,D,108.20096329709475,-89.13386871529195
A,P,-9.26149172367064,-76.32391262480047
A,R,-51.88116544874043,-96.20541484770371
A,G,-29.916529897382013,-58.81837082278499
A,S,-3.053329472803587,-91.63896981971614
A,S,145.8763131207143,-71.36337551771928
A,V,140.0700853950313,-133.14234234990715
A,P,154.76329530680744,-53.191198625528735
A,I,150.0164228690362,-59.585115856616255
A,D,98.15895680110708,-84.13575087275085
A,L,-42.48318165007065,-57.46320537446464
A,E,-42.86043364380601,-63.26032302962352
A,V,-27.602334137388937,-68.99796067547999
A,W,-49.37957646914554,-79.50963350686436
A,V,-35.68976070378867,-59.20618428253131
A,E,-39.22784254731343,-59.08319431492571
A,M,-13.527716433712555,-99.39962219864358
A,F,57.34093896012603,-133.2831319037054
A,P,-29.941451717304755,-67.32612385435849
A,F,-6.463877218855211,-64.00815309192578
A,L,15.705186639599324,-114.67119334214532
A,E,-41.0119760505576,-52.31343875544077
A,P,-37.116299364835015,-63.792701469800946
A,C,-38.33908905121729,-69.85645652371085
A,L,-31.507072188417695,-67.62169282232483
A,I,-43.14253593495275,-63.099492070652595
A,E,-39.86724059610873,-64.51775622204673
A,A,-34.56155783385203,-64.14993351691996
A,A,-20.303895010132663,-65.60838879513432
A,K,-17.808183923911507,-77.9030814598532
A,L,124.1263193788725,-74.85411196119486
A,K,-13.466348867559033,-87.7471728590672
A,T,-0.7432029354884089,-99.77840669367782
A,A,147.2292459355547,-68.37560816827234
A,R,152.20269141162254,-142.41282580467998
A,Y,111.64219845669898,-95.41195554738638
A,D,136.84293484366185,-113.03195479277588
A,K,139.19438154412927,-102.56468972649171
A,A,140.48593107903255,-73.27140329876553
A,E,134.9209422944835,-119.68075982295164
A,T,163.04913846078762,-116.89446686719053
A,T,138.10241859901726,-146.3665844510924
A,K,122.713814603461,-134.55644217313036
A,L,159.41998753871692,-111.78365625713259
A,D,-29.274825255127215,-70.2213626104479
A,S,149.2328789029305,-153.00107030192834
A,W,5.168161905264571,-111.01310667831363
A,T,150.52210005634083,-143.9130092795057
A,R,109.17765223945734,-151.26634075296582
A,G,-119.77744517634838,52.61654914540597
A,K,11.296941265408828,-87.9793240328234
A,V,124.87355096504737,-104.76311365060945
A,A,134.07750030100124,-115.93534715743833
A,L,132.50610807357904,-101.92307576357533
A,V,145.0110534453983,-136.5172979848941
A,G,-143.1123513578584,79.29467133895066
A,D,-28.962338053093408,-63.435628919663586
A,A,-38.3439250766357,-53.3504105846419
A,A,-34.37513844989728,-99.8442356095813
A,H,44.768292842074494,-153.18019047316682
A,A,144.7327857146585,-62.512258967595244
A,M,170.1561896256647,-143.72504986066156
A,C,151.97376211752302,-64.32433847137847
A,P,-17.782566635642446,-68.2044451292133
A,A,-41.396880763588804,-47.7785907079394
A,L,8.81510458860507,-98.91846746190562
A,A,54.413144810173314,53.841980285521394
A,Q,6.201334829979027,-140.36005759948983
A,G,-49.8419954836845,-64.71711984349155
A,A,-32.55409792184773,-74.34082409524528
A,G,-51.5206327256478,-62.054651821248825
A,C,-39.43089848584883,-63.23442687120173
A,A,-51.10245569965389,-52.56119020805985
A,M,-42.04944181423974,-68.5377542721607
A,V,-46.08416634676041,-61.757322105335085
A,N,-44.691486334566335,-63.37288031980272
A,A,-42.43218247305831,-58.82088124158316
A,F,-38.615562352602296,-69.22193242415585
A,S,-29.40577362780901,-68.33857418272295
A,L,-46.57022211651369,-61.08746584701717
A,S,-36.74191172015403,-55.36052279079277
A,Q,-52.834127217274684,-65.73647397144245
A,D,-29.541586224345423,-55.504192882601004
A,L,-7.155720501370469,-75.23177772923015
A,E,5.864909727575343,-90.96295170561278
A,E,-5.707787080433332,-82.57703607053067
A,G,-13.116676000783452,94.42024156264733
A,S,165.72835156111242,-69.7956680179118
A,S,148.6818680746166,-60.481396725546915
A,V,-43.37674814834931,-51.59170761480618
A,E,-45.92514742450327,-56.68534144704793
A,D,-35.84121997407443,-73.11935244063994
A,A,-37.093470337953335,-59.23931959092568
A,L,-43.119516858241006,-67.51624034617534
A,V,-44.90412342712139,-61.33073445800441
A,A,-44.341480398575364,-63.489519146805705
A,W,-48.444705741135515,-51.553441422312794
A,E,-39.36558604664506,-72.35942657413011
A,T,-44.9581538600163,-58.786163193870166
A,R,-44.49945250881316,-66.26219204445226
A,I,-23.44874819850744,-110.16964642866284
A,R,-37.6942990951113,-57.35358634433742
A,P,-37.0075714194612,-56.533651149669
A,I,-44.815990380238624,-58.427273257216186
A,T,-37.01108762350057,-69.210600705844
A,D,-43.53994187588351,-67.05061811065023
A,R,-39.646103501694604,-65.72569002833761
A,C,-47.202420599326146,-64.49851208704523
A,Q,-40.84991280936901,-62.17313769830915
A,A,-48.14081176691136,-65.191049234072
A,L,-38.432250730227395,-65.54301319056451
A,S,-42.070418195906385,-62.827412155574905
A,G,-45.774419740379116,-58.8965201072573
A,D,-50.42072950343216,-58.020066797689715
A,Y,-48.978533006601666,-58.50409366247429
A,A,-48.29796372839103,-61.15156933128529
A,A,-33.32197559744378,-67.72480860453777
A,N,0.9224287088467775,-93.0879379658369
A,R,34.31276822872128,58.012389762951834
A,S,-31.317164418132233,-67.42539873887
A,L,-16.819354263122015,-63.72269102374448
A,S,-20.18891005499144,-63.2085917995523
A,K,-17.84737103664873,-83.17865705780143
A,G,171.38052749945265,68.95086927524412
A,N,29.25897827810533,54.26700692028824
A,M,-0.8676743609276272,-98.94139678948831
A,F,75.59212377119351,-85.7543965078565
A,T,170.86200241327936,-74.73056300656425
A,P,-36.510044373279385,-58.50244740192239
A,A,-40.46171004267503,-69.00516272023461
A,A,-39.46616347795052,-62.4001011930296
A,L,4.573650668816007,-79.29816040183591
A,E,-51.575724484559956,-55.55487383258094
A,A,-48.20333039985067,-61.09274670800279
A,A,-43.0301385769608,-52.75844104707502
A,R,-16.432399352910863,-71.20993265775878
A,Y,128.0854474106015,-68.87988899420787
A,D,106.18374332868508,-99.55999013001087
A,P,-19.880197003966504,-66.73073877548484
A,L,-44.10102602366978,-70.37137625772671
A,R,-11.700110968046516,-101.84364566380134
A,R,44.763382310978905,66.15249520184898
A,V,164.26145866425318,-138.31094377571844
A,Y,135.70097028731436,-87.81199557768744
A,S,-169.73093560271644,-121.38737961469295
A,W,55.34134739100446,48.80175438405687
A,P,152.35069137673213,-64.42001797730651
B,K,-48.57702834467114,-159.35253026321334
B,T,112.14125622299943,-106.27405719611738
B,R,147.26386854591485,-69.23361290153952
B,R,137.07420989248075,-123.2905344828666
B,A,140.04668097677978,-130.6606398956892
B,E,122.34915480896694,-114.28581323546872
B,V,128.88212189570598,-111.71318007508809
B,A,110.58125754128669,-99.74480601350716
B,G,127.72805203841199,115.8420765798684
B,G,42.27605673528986,-111.96135746324555
B,G,-167.62322300737037,-96.89765399781993
B,F,-39.78455427003403,-54.032665346725956
B,A,-41.909187288562826,-71.94063473273845
B,G,-41.826835409820866,-71.28178633295379
B,L,-44.24550144179677,-63.55394619146272
B,T,-51.61911143518531,-58.92571088037114
B,A,-42.174294636557306,-56.07926781143609
B,A,-44.72700853580577,-67.28400856154768
B,I,-44.707142911472864,-62.23762836026907
B,A,-43.47906775719701,-66.22516762857927
B,L,-50.242184754779544,-60.19155239811128
B,K,-37.12035296216788,-57.713121664844444
B,Q,-30.85419176570082,-64.95284087282174
B,N,3.561947934585869,-83.55167428889092
B,G,9.83211815302393,93.04676201629556
B,W,148.9192970091282,-69.76166107881951
B,D,108.54564403360548,-88.13879897136349
B,V,130.89085011435188,-112.45415601679126
B,R,126.37820433284939,-121.16861776786303
B,L,144.5354565481101,-116.23403772653016
B,H,115.17988281398445,-122.27649953728805
B,E,122.53809578643808,-113.53579813985796
B,K,-33.78471004145126,-62.70696065005573
B,S,158.5478711153859,-68.69961407961216
B,S,-14.14422235141349,-68.34429534397945
B,E,157.91372609017395,-154.6120763920938
B,L,110.44599408085226,-86.61436564313999
B,R,159.13842937593188,-144.46847030253647
B,A,164.08502499132942,-106.7519964931125
B,F,173.06569485647177,-88.09723147443404
B,G,96.08566901765683,-80.95579363874765
B,A,166.9807560622253,-154.41583930963202
B,G,171.1398580536283,-95.11846674488955
B,I,147.96552851258016,-151.16272641536514
B,Y,139.51963896670293,-103.54340207738923
B,L,156.08046669808138,-123.83688967569914
B,W,-178.40476420037342,-124.88141147097473
B,H,-44.31995040126494,-44.42878890749446
B,N,-45.08666424700594,-58.50192272192947
B,G,-41.173677288960775,-72.95824895439365
B,L,-39.462869077536325,-59.232982355009305
B,R,-32.78916581314558,-68.93996924919466
B,V,-45.85109714049928,-60.364925683988155
B,L,-39.94260704742,-58.4479659698237
B,E,-48.138999774335474,-58.923874818592196
B,G,-21.616231253522262,-61.56899524500702
B,L,-2.0499296383194836,-95.07086833748258
B,G,25.373734865263522,69.89281308299114
B,A,11.18794696813442,-123.4768454795433
B,L,-41.85540816271898,-66.89668417995819
B,D,-43.883855609585076,-61.08069172284276
B,D,-25.211633814897894,-65.1745039171901
B,V,-41.35601216085364,-85.72507817696923
B,L,-32.28924797462989,-70.99157651956152
B,Q,128.24254867637228,-65.93903927320888
B,G,6.9861190845563215,72.63320078790588
B,S,179.35686527174448,-120.47967492277242
B,H,154.73003686878556,-145.5165399682165
B,T,119.48867629041095,-99.73881355030949
B,P,153.13454629429057,-59.05667414566151
B,P,-27.924553833007305,-64.79981115631767
B,T,161.46428747039798,-163.70561486683644
B,Y,109.09532768028076,-109.77892078439055
B,E,142.87655680487777,-106.51551726765742
B,T,131.00025259754327,-119.43476430982646
B,W,149.9383421943746,-111.21019018657705
B,M,117.67729763484442,-132.20563709776914
B,H,45.98172659317421,48.60453241695486
B,N,5.619899652516621,74.3191437719811
B,K,129.0805541107566,-104.71687575147908
B,S,119.46775144297555,-73.352732856728
B,V,-10.163164321608798,-106.28181938560037
B,S,155.21914449047418,-167.65674449196402
B,K,123.29748857549954,-138.70940718713726
B,E,140.36237027840136,-122.00260604957174
B,T,-1.2210095206497185,-131.6889756262616
B,F,34.73389479724265,68.30439522305328
B,N,45.7156706683037,45.2504820310983
B,G,-12.925743699563064,89.49508966376135
B,L,124.44789820178887,-58.680791741289475
B,P,147.83260203448248,-60.857941212684395
B,W,171.4058477834292,-159.69668987230955
B,R,149.74280777563473,-163.97511666007412
B,I,146.83272692547882,-121.70938537098107
B,M,163.9098344801155,-163.811782400865
B,T,157.61389885470783,-78.97275387781977
B,R,-44.871802290038374,-55.85504674602285
B,S,-41.208530702233745,-57.30600334594029
B,H,-43.192495360264495,-59.69742315689469
B,L,-51.16844472172426,-73.91097085200663
B,H,-54.65908719844596,-50.123341634573386
B,D,-39.74791870130767,-57.731578469626434
B,A,-40.85437795871132,-61.74590177302509
B,L,-44.25212996727255,-68.40724890851854
B,V,-49.67770778857162,-60.54926441065815
B,N,-41.08165743974098,-57.122512311528965
B,R,-42.46830892503054,-69.69274238420563
B,A,-44.451563008139566,-57.50120144805026
B,R,-47.197638159020975,-63.36831891767253
B,A,-34.54636620760901,-59.837104437060674
B,L,-9.375009709470225,-79.0353857312287
B,G,28.760288223150802,76.49620944856535
B,V,133.15038745338413,-59.952013744063194
B,D,122.54740083602881,-81.3618599395701
B,I,121.2430045486803,-122.18399808635401
B,S,132.40296400469614,-110.5215446811936
B,V,169.6704328399278,-98.38141639650637
B,N,35.69736810033589,60.617522784950125
B,S,96.16280879676647,-137.31934079479166
B,E,122.18354050490017,-107.13948140614588
B,A,130.12408334630638,-77.27229830197001
B,V,-11.3164224227615,-113.61621511380957
B,A,158.64544386557893,-166.9171291508854
B,A,159.31513816560374,-136.58041460513022
B,D,128.92079577895382,-118.20193257084414
B,P,-26.387704730665558,-50.38319332247075
B,V,-19.893130225777256,-65.70473510035963
B,G,51.70068163483812,118.09605066350584
B,R,151.09620482703377,-133.4342343008077
B,L,128.38744207297665,-127.73834253669631
B,T,128.51083629713597,-101.63600466407723
B,L,167.04426822342535,-83.1459121464372
B,Q,-39.82632489628251,-60.28796801790464
B,T,-22.17862633680377,-57.1229797312639
B,G,-21.871698228933596,105.26557061683286
B,E,136.19336397818333,-49.071497134858966
B,V,119.22893700774554,-117.62242018582171
B,L,131.14619452829567,-104.6775076306263
B,E,147.84586258984694,-102.72587581833619
B,A,179.61050236674686,-161.84578615178197
B,D,-18.12194726873764,-83.94168063845792
B,L,131.62192021842463,-150.39517022180888
B,I,126.71033240630018,-115.14937930440735
B,V,120.16291599725204,-113.290302316683
B,G,105.70829109289977,-92.14176037841382
B,A,38.225398425311994,-127.41383842534471
B,D,13.86107786440603,-100.90652139146735
B,G,-169.4453816662899,85.99953379163227
B,V,-36.065020440947485,-58.48814041437537
B,G,-15.178360194949356,-53.61861662582096
B,S,99.78824233238127,-33.755388923416355
B,K,-29.21798803529878,-61.500210080294394
B,V,-51.09981524508769,-69.54810491761398
B,R,-49.819086013002895,-55.00530819938493
B,D,-31.681596831397805,-68.28395470799614
B,S,-24.419688550354703,-65.54003992799308
B,I,-30.45729057064686,-97.26533578708127
B,G,75.58722983612968,88.09381057874064
B,F,148.00873944692268,-93.7905094813176
B,K,121.22484845159428,-74.0540984891052
B,Q,126.17615753484391,-110.10234065435407
B,D,122.53779153741299,-94.45654591245491
B,R,132.53284221802713,-128.07778502678414
B,W,151.8156054269964,-124.66306833133854
B,V,138.89574701161627,-124.33967107070434
B,S,147.4751139900089,-72.22145966254737
B,K,-11.48513881581157,-81.61050930272167
B,D,143.18600971392993,-103.11485172377351
B,G,155.0488756858444,-118.76457642155667
B,L,127.23852748633709,-129.1840527611845
B,I,122.2116423139273,-88.75672782409237
B,R,130.82124149372729,-111.73755805425569
B,L,166.10107652030538,-156.52101470992503
B,I,135.41610544679287,-120.89463923331354
B,V,174.451947100767,-134.3053140865743
B,P,155.63564310062893,-70.04022976649003
B,R,-32.41528503039145,-57.25338258287823
B,M,46.678122595631535,46.456252817106154
B,K,-49.69230129913072,-63.55965953257709
B,K,-42.13099330891191,-58.07447414551002
B,E,-27.762188600488862,-64.04182439535128
B,L,-24.436581754323917,-72.62340010046222
B,G,-146.89962627113937,65.34143896311161
B,H,132.20111371913126,-66.90117130799011
B,G,-169.13561025204731,168.8928311702691
B,E,68.73829481616579,-104.5178036375465
B,W,-0.06416018940106774,-80.64063619668994
B,D,-5.686111719863375,-90.36285396079509
B,N,149.6081502413243,-73.62741471281653
B,T,128.3785509925644,-67.95801901374465
B,I,111.43310622684295,-128.37768379275167
B,D,104.01116140330508,-89.38323603307882
B,M,98.63195377629137,-97.16832132167539
B,W,150.65955773861066,-97.63722476148067
B,N,138.67082620951146,-150.81473384857398
B,F,-14.806877815043933,-102.01849999241378
B,W,134.18722444002285,-127.23614193044395
B,P,-18.885451369800524,-69.46105070255206
B,R,163.98756349562018,-149.84533342416267
B,V,105.7904867207519,-67.14236681054572
B,Q,140.32485187478656,-146.92245297592996
B,R,142.6949479870584,-141.76055511768766
B,I,123.17937519888189,-124.48786172924
B,L,111.85591183006356,-90.29647120002626
B,Y,114.5843791817968,-94.4462610157336
B,S,84.62220579027041,-137.19622389916148
B,P,133.48402075096948,-57.70062539413214
B,C,-38.596250291431446,-106.77157086389873
B,N,-178.77017605734036,-172.33139564714418
B,E,-19.826953799398662,-58.780434705858575
B,N,-21.655320976658704,-101.90356071981348
B,E,120.44362322896644,-141.7135548888007
B,L,124.55150062385675,-110.08801155430206
B,Y,129.99127623216913,-88.45694492239649
B,L,133.39611790534448,-117.43991165718906
B,G,111.24792900765189,-112.93651308895532
B,L,106.1050697541385,-103.36499525379901
B,M,135.69595226986291,-101.64177102561321
B,A,158.070444329356,-149.00772542755564
B,P,140.4330230475418,-53.57551829881561
B,A,-29.788008799293472,-58.4876885690758
B,A,-9.925850900043878,-66.51001034307149
B,D,112.4699750340079,-91.87019671400374
B,P,-18.218145340136942,-72.31662605367404
B,R,-45.851542563425355,-96.50877309236273
B,G,-18.075070411919818,-73.53545140970228
B,S,-2.2995411299424338,-89.33816827514987
B,S,146.40186423070776,-75.62951705668156
B,V,137.8038414648729,-140.73975081244453
B,P,148.90128376907745,-45.152860512425946
B,I,142.9857369452639,-62.675738217354144
B,D,93.65159442532446,-80.56648252749912
B,L,-43.78840159951421,-54.746900161174196
B,E,-42.17009694939842,-59.401838703817376
B,V,-27.60608159475964,-70.5068158007577
B,W,-45.1864371071266,-81.23710378734143
B,V,-41.69139234066586,-61.25752785189592
B,E,-44.181490688517876,-52.30727980087892
B,M,-13.765383413646536,-94.66440508788651
B,F,57.11016400010423,-135.52788971658933
B,P,-27.860622301428887,-62.311608127740584
B,F,-10.137707861489197,-70.56026420465349
B,L,7.955271242944045,-107.46919561525108
B,E,-43.44422038585245,-45.04716121712433
B,P,-39.02010418868627,-61.02437929904921
B,C,-34.54184046608531,-71.71618846832605
B,L,-30.771671025621416,-69.52585550431716
B,I,-42.00146914920959,-65.26450927752161
B,E,-38.56362022462342,-66.69675186240694
B,A,-37.07489992917738,-57.657389441137255
B,A,-18.209365400012857,-76.78783092407436
B,K,-23.45670013801444,-69.41514781293125
B,L,135.67561784499333,-66.78936159245222
B,K,-26.25966022169683,-90.23856440260602
B,T,154.64166355211674,-133.8205018319017
B,A,150.09444022335398,-157.46940665596813
B,R,139.20973129721472,-61.611990646978846
B,Y,134.0292767818816,-132.21934649239884
B,D,133.68375639121493,-138.28843124573643
B,K,103.5760683866614,-102.38959401795793
B,A,150.03474400175023,-59.159101301808306
B,E,157.34613088448668,-124.83957846361427
B,T,131.31897936939902,-106.37382332759111
B,T,117.74897800878072,-116.7499995800112
B,K,121.35917516888857,-115.80843926601946
B,L,156.68457068694957,-92.53842241007922
B,D,-33.620104730699786,-62.74462777803412
B,S,168.04278181073187,-158.86137505978905
B,W,7.515606161933169,-109.04221621859863
B,T,152.13926091790748,-140.38416940417375
B,R,112.55820432664197,-151.55051402149493
B,G,-116.35817948993362,56.324001089413635
B,K,6.6285827313125765,-97.92629056233956
B,V,125.40426880204116,-99.48802865451121
B,A,136.03624670511255,-114.07882645985421
B,L,136.25944157575648,-99.2091686923939
B,V,151.54314408940462,-135.60891570048628
B,G,-151.44434072447194,79.43461589530659
B,D,-27.350006202483776,-56.66454699944288
B,A,-33.9749289778741,-59.08649624100057
B,A,-40.424190845758844,-95.48644593710468
B,H,39.80453298513808,-151.10369575040124
B,A,138.6308653194693,-46.812059148086085
B,M,167.79606241709595,-138.78421717490536
B,C,148.61077563263908,-73.47373746384748
B,P,-4.880946595995895,-68.06127401418537
B,A,-39.81531510810134,-50.83327241724446
B,L,3.816519212791269,-97.9203396288646
B,A,50.68644289405672,56.98782262326827
B,Q,2.6456187140149505,-132.98098214182602
B,G,-48.76500947831736,-58.337767387071864
B,A,-34.84911104451647,-75.44589280584181
B,G,-50.26687604771517,-62.55110264012305
B,C,-37.29997795744157,-66.45510605911362
B,A,-40.01165127774096,-60.3349565923411
B,M,-43.40389648965899,-74.98131805121962
B,V,-48.57497224204121,-57.22449624542376
B,N,-41.3618222787051,-64.75063800590478
B,A,-36.81656736142852,-67.05895876282943
B,F,-36.03875649305717,-72.61988783796987
B,S,-32.55750795390916,-70.0917756339409
B,L,-48.67373105167057,-54.659102952902295
B,S,-40.444974593915134,-55.39017670425657
B,Q,-48.89324275656593,-61.146559102519205
B,D,-32.71952542046186,-58.415931113574906
B,L,-10.767765781027782,-71.68424588153609
B,E,5.35856007294233,-85.44061426148222
B,E,0.30675436795412286,-90.7414497575931
B,G,-6.821058234331555,86.52714182618436
B,S,164.3378732502747,-62.64347935597606
B,S,154.11416677012855,-60.258211908918504
B,V,-46.0626684336518,-50.92012642789293
B,E,-38.692080913374724,-65.01057095200586
B,D,-36.59738281640068,-72.40418936500043
B,A,-38.40464061798802,-67.50939132317198
B,L,-45.38281329405145,-61.106557594882105
B,V,-50.41892903443489,-59.701228997172855
B,A,-43.359494971552536,-55.88711652329183
B,W,-54.71638666925667,-57.19021813032113
B,E,-40.17855447838804,-65.05172526350957
B,T,-43.00894445231153,-55.2546701784795
B,R,-50.91331670736131,-68.79095452982595
B,I,-25.66097325618639,-100.57503335858361
B,R,-42.984845580077476,-54.50550978308736
B,P,-32.75314838467513,-59.63104004447313
B,I,-42.42450244294075,-58.94184247864851
B,T,-43.33841329493733,-70.22373255628482
B,D,-44.87798573439186,-59.50298836411682
B,R,-37.963964480346256,-69.00955540939108
B,C,-46.6809307461113,-66.5815610540027
B,Q,-46.26365466222059,-53.7332968768162
B,A,-48.21044708911768,-62.24009245868502
B,L,-42.23541915094941,-66.6258475255213
B,S,-41.53240332748108,-60.514685167065636
B,G,-46.728355048991354,-61.0725081785134
B,D,-48.43637353338724,-54.56181868258801
B,Y,-42.54310291820265,-61.39305448288036
B,A,-37.43734768187742,-71.62306424782936
B,A,-34.414371658302315,-64.33156889223878
B,N,-1.848677568454346,-101.91492567506077
B,R,29.77910320184518,55.79641674089183
B,S,-17.521893325980876,-61.34478955555873
B,L,-19.663210859640564,-66.35814118226466
B,S,-22.47567144534527,-64.05317849378874
B,K,-18.81873249221861,-73.94010672184693
B,G,169.82263750788002,72.31586851752562
B,N,30.147342091019468,51.46774359234637
B,M,-8.052048493414855,-88.07794803013746
B,F,77.25198597132055,-86.37245052708845
B,T,176.40039407515877,-79.68249550472659
B,P,-38.223954519112496,-56.52271678824912
B,A,-38.53501116737021,-71.94209629936589
B,A,-36.378596674007554,-64.06851835577135
B,L,8.936609575522244,-84.01430221722316
B,E,-48.40283682747872,-53.960639649752935
B,A,-40.756231821747626,-64.18627119037214
B,A,-37.334233550452,-62.807422421045885
B,R,-26.457369369931477,-74.1827282692488
B,Y,128.3375025926127,-57.48119150537566
B,D,110.07643443837068,-104.79811381350888
B,P,-21.96159074773496,-67.02225226809264
B,L,-47.68742351421715,-77.39909633032971
B,R,-9.764924715533635,-92.30623595174458
B,R,40.085409895170976,60.72616220026714
B,V,164.62209234811505,-137.52975769093965
B,Y,133.61129474919161,-92.0326318297233
B,S,-172.6755098605432,-122.77159503432031
B,W,60.79450175495269,44.30451616907925
B,P,152.87279070706506,-65.9810283979789
