Chain,AA,PSI,PHI
A,E,-50.67771844119694,-71.23451898315881
A,E,-42.06688589982168,-56.40793595311868
A,S,-64.40893561482761,-59.57445493024014
A,S,-36.30237125682329,-48.23167292753299
A,A,-36.59340229536177,-68.57737260377415
A,V,-51.48454777777947,-59.45470328543477
A,Q,-35.93766534696818,-64.58496289644226
A,Y,-55.6433084571951,-60.848444610125334
A,F,-29.27009660448062,-67.47310334494951
A,Q,-38.610160399002105,-64.90746716586231
A,F,-43.125001215535185,-56.67221190325865
A,Y,-7.71481198470177,-83.64305987117436
A,G,-12.10953896161035,-74.32007037714756
A,Y,125.8172206891933,-84.13677656831638
A,L,-29.106892222296246,-59.275603578039195
A,S,-31.217183959396525,-68.97715187710743
A,Q,-34.93667176996397,-78.90841750607035
A,Q,-47.49536773735342,-62.57178665643977
A,Q,-42.948656417665696,-53.4467014872495
A,N,-49.91362547704148,-55.8644286325153
A,M,-43.52817592769942,-66.40301435650674
A,M,-40.75893046417816,-60.71983349237629
A,Q,-23.182016284516667,-65.93987145913115
A,D,98.9246270312377,-66.3494761303159
A,Y,-39.01169779720086,-69.08264090934786
A,V,-48.484449796645116,-55.61749328068882
A,R,-54.28587843078543,-69.74014619730994
A,T,-43.238832192129344,-70.35752383145298
A,G,-41.6672790059459,-61.52109416930903
A,T,-39.618100016606654,-64.24210027229032
A,Y,-47.69960179206807,-63.34472676462303
A,Q,-49.385551639545845,-54.3564439873754
A,R,-45.87760143663613,-61.874971430707234
A,A,-44.7321080889454,-55.119323896516484
A,I,-55.51352545105757,-70.66335401580218
A,L,-38.11151846459188,-62.84941455860107
A,Q,-14.843525629905649,-73.66340695287465
A,N,46.52709022321751,-114.05119777037633
A,H,-31.97514057200935,-56.34160601138149
A,T,-24.124335058192862,-69.87686206254303
A,D,-6.946194437576648,-75.25529480640354
A,F,-34.40488383964105,-118.13092214942881
A,K,122.58943371929264,-57.425984410103034
A,D,19.5356775981059,62.80534583417076
A,K,164.88001174910835,-98.80404588735257
A,I,128.8924123986328,-97.20094720890582
A,V,147.70546386660016,-124.70645745280754
A,L,124.8033059143029,-122.68462104595757
A,D,110.27562780905674,-103.32039021350758
A,V,111.25968559440254,-88.13199939389297
A,G,65.50780058819336,77.24208657024856
A,C,-20.320424084162568,-69.01663502350608
A,G,-126.93039181727873,54.36402067047943
A,S,-23.587110134959506,-58.353386809182204
A,G,-7.544872452760697,108.56607923241276
A,I,-49.23961260066688,-42.06744557164958
A,L,-35.67771815772319,-68.32026243098205
A,S,-37.920353347956926,-61.475578578205734
A,F,-34.42223054746495,-64.29045142712746
A,F,-37.678035086220504,-69.4461769009333
A,A,-33.200584133495376,-64.64661187248892
A,A,-41.5509306156195,-69.73172620368733
A,Q,-36.2160237920722,-58.01081965339379
A,A,0.5815929623516516,-82.32678539109396
A,G,16.810815438515213,97.91492539085205
A,A,142.5960233936936,-60.460191966277065
A,R,-43.24153044068286,-75.31340922735114
A,K,126.68469914399039,-148.27840747473007
A,I,116.63624792768792,-125.84218835476631
A,Y,113.1963437867383,-93.3211332443549
A,A,106.76428640148632,-105.4371140655255
A,V,131.74055083060483,-100.92458673696773
A,E,129.10904377121915,-149.82774588799288
A,A,-32.5072607672739,-90.19342983038518
A,S,174.76187473482602,-74.48693411610955
A,T,-4.888227001041208,-70.55548108372246
A,M,-23.908439506662244,-59.15185224949664
A,A,-37.89358596120163,-54.92824712640195
A,Q,-38.31211696697264,-66.27521055308563
A,H,-40.62653471336564,-68.75314219450898
A,A,-43.45962778627645,-55.74045016555311
A,E,-41.50698551262803,-62.396895143663336
A,V,-42.64339642867291,-56.73806855717028
A,L,-41.12677339173867,-68.27088280396647
A,V,-43.34101098282036,-57.31459260925731
A,K,-50.98185618701605,-66.30476434231362
A,S,-26.53712013716164,-64.53162587055068
A,N,5.109590327657287,-88.71554586182918
A,N,45.870704053270494,59.11168748340317
A,L,19.867878331326473,-123.9756461235906
A,T,-31.621291094725585,-55.794742792856596
A,D,-29.3263741834814,-63.273901548738735
A,R,-31.18972273084894,-117.36557142539583
A,I,125.17892564640422,-114.40676065122919
A,V,111.25115562230806,-113.7907380624719
A,V,125.30462701896131,-80.95041752851974
A,I,106.9666275559151,-114.84927832984461
A,P,141.66181942802515,-73.88144001802598
A,G,173.74685897120497,128.299900514244
A,K,143.1570935947834,-80.19014998958647
A,V,-24.528499669165594,-61.31595383851841
A,E,-18.660531515358045,-75.0628856534001
A,E,-19.21935840641168,-115.9281576593162
A,V,169.72925354605653,-78.01896322981916
A,S,141.09841495358737,-120.51667479603644
A,L,144.66018369899803,-102.10324461602421
A,P,-8.615348729906616,-69.89205529150567
A,E,164.74893723850812,-168.53612947263647
A,Q,155.81136549833067,-78.95239041028198
A,V,156.81218368320754,-115.280482608263
A,D,-31.597117354332696,-79.0400293451211
A,I,138.25447015592087,-152.3186521941479
A,I,127.01869842791035,-107.2107101545706
A,I,148.60349087506452,-113.7172809452504
A,S,153.74141586924944,-167.92800931674978
A,E,87.4264462667462,-120.0609190349043
A,P,9.848166747072387,-100.73529041204962
A,M,139.9809609161738,-83.11464694968514
A,G,-174.8086232905984,-117.15179231598445
A,Y,139.3801909623755,-43.833197837740805
A,M,46.820373051960736,35.34783115595368
A,L,-52.186924508295405,69.47506591812277
A,F,-18.80282726757643,-91.46829143280233
A,N,142.47139832695228,-52.25400033699782
A,E,-18.52645984750345,88.75979866500717
A,R,24.122539540070935,59.77292211603769
A,M,-22.850057514550738,-73.82250438957335
A,L,-26.476955826085774,-59.38214230686717
A,E,-40.083473516216394,-69.05451313358155
A,S,-40.29817392472801,-65.19506516107484
A,Y,-47.48175303624934,-57.117486909040494
A,L,-39.88177151047636,-67.55720366733246
A,H,-42.304498822923236,-56.52712836950853
A,A,-19.738698122735308,-56.77154346175229
A,K,-9.39222913861611,-62.05457339410859
A,K,-21.284368799104662,-60.43626618125542
A,Y,-1.8184586014195367,-97.58464970977839
A,L,128.992152761894,-91.51035657921281
A,K,151.41493999451444,-59.47159669017092
A,P,-34.21991353769085,-56.9494033610363
A,S,-5.306803208895122,-72.7838169000828
A,G,166.99650280531944,-71.37093439566506
A,N,167.37665748074116,-120.14871457744356
A,M,131.91679591141005,-131.88354144751918
A,F,103.78806045345382,-124.00013060570633
A,P,156.6588311834623,-74.59875780445
A,T,-38.353576884561896,-93.02510898241846
A,I,154.44408062541282,-144.2401120771936
A,G,135.02119099105246,-133.7153407491169
A,D,122.86267859525607,-116.46740533547455
A,V,130.2542166216629,-100.75914665296602
A,H,138.52386321933744,-103.73377256927749
A,L,138.7940372092167,-126.89474698833386
A,A,140.27729378767324,-151.22576935307774
A,P,144.38455830603192,-75.05967733507772
A,F,158.15751170277431,-125.37304094207131
A,T,125.03416190002817,-115.10990584846225
A,D,86.71952725592041,-151.75521525302244
A,E,-46.19691137070442,-54.557211560857844
A,Q,-43.84928684094767,-62.44423569553063
A,L,-47.55625243288624,-59.88626912101557
A,Y,-50.50711738871388,-57.97268654769811
A,M,-35.88584731135107,-67.43624489548749
A,E,-34.8145125332562,-47.70842633777202
A,Q,-40.22660101201987,-62.50936753020401
A,F,-32.673007874483005,-77.17938320881413
A,T,-43.166557707723285,-65.76018539801782
A,K,-48.0541103017318,-67.56868658135382
A,A,-25.032044985214394,-65.25688323857132
A,N,-10.767339126562513,-72.29389412897397
A,F,-44.755556740165154,-40.27228021779323
A,W,-17.537817235572103,-75.62150888283114
A,Y,64.97535214290343,-87.27024646084169
A,Q,140.73027158494705,-142.20654694791625
A,P,-14.608633746388504,-81.97884753213219
A,S,66.21625767438462,-153.14793683424705
A,F,102.08841190822358,-76.42438079585665
A,H,34.615294581635304,55.3837714323015
A,G,-3.227445737490537,91.2813193675413
A,V,131.1444597400676,-107.95496794841374
A,D,110.51933392999076,-81.4210619502124
A,L,-5.621906084869702,-97.49989872402867
A,S,-27.337374664617535,-66.44807463646525
A,A,-17.480578664749373,-57.18920258125765
A,L,2.192417472985011,-101.30017576644087
A,R,-45.576422653386835,-59.92749764993785
A,G,-44.89136202789901,-55.82935386880701
A,A,-39.18442450199283,-64.08913781431585
A,A,-39.875845461927966,-67.0022126019468
A,V,-53.60376661626431,-55.130511788078294
A,D,-44.415502258981,-52.60859853081027
A,E,-47.219823849884904,-60.90079819749226
A,Y,-36.79836524343001,-65.40749751105977
A,F,-23.698386949713058,-71.09774382824752
A,R,-7.692666736265485,-74.45926224365925
A,Q,117.91955872388425,-97.81488703857534
A,P,147.33915413509996,-59.495853888204984
A,V,114.33919102046633,-102.81847724035644
A,V,119.59857968690811,-96.31592293902503
A,D,162.47925126883908,-178.76691637483216
A,T,177.8739747614889,-104.73255063266144
A,F,160.1185455900863,-163.60970953858592
A,D,131.2730022429707,-70.09239785133988
A,I,-12.554621332451436,-61.998503128538445
A,R,-15.582356690299418,-75.80168758427672
A,I,-14.856126605346788,-68.8447052921765
A,L,126.90281959931622,-79.73622836572963
A,M,-1.153078437766232,-102.35234556673593
A,A,160.2990492101177,-158.6106218077492
A,K,140.26870099146996,-59.30705418021092
A,S,154.1328878239746,-68.46452244236131
A,V,142.30473001617386,-100.67690791719674
A,K,134.03383135766083,-115.63053019678361
A,Y,121.62668732129859,-119.07948941937393
A,T,128.38647593539707,-106.06618039249256
A,V,125.3665683075198,-105.28316634985124
A,N,109.40054493182737,-98.12396378920558
A,F,-21.032496984735204,-71.19337003977692
A,L,-34.71852699845276,-68.65637263823237
A,E,-33.301102703499915,-99.18182841201835
A,A,153.44657808259808,-70.75433258866993
A,K,155.16493264824993,-108.79780966114282
A,E,-48.465701544937495,-48.999074471764686
A,G,-19.01826274386142,-59.412385497899265
A,D,-21.07749648336044,-67.74369956256344
A,L,-0.2615049675290091,-97.10074230334348
A,H,-28.240407157494367,-74.6152819104035
A,R,109.43310627955627,-145.61858148374327
A,I,109.35400722005451,-111.38870775712725
A,E,116.96494786729268,-102.7538550285968
A,I,90.50833454509653,-117.09941490048759
A,P,149.66460617841682,-68.66352054508964
A,F,150.45374651858359,-143.26749480832837
A,K,96.97318546075753,-139.611793281246
A,F,130.38195644826396,-90.07379796355227
A,H,113.7258383763457,-100.43267313131484
A,M,118.62248751706052,-69.53984000004695
A,L,-22.312919019771773,-74.68673465082583
A,H,154.3761498107851,-141.09989171629118
A,S,131.2384328469074,-92.05212347437943
A,G,-169.4687871381591,175.8849986826819
A,L,124.03395241865293,-94.63845967307782
A,V,117.02448471113472,-84.25509310608089
A,H,-17.040338823312275,-94.65909975574264
A,G,-157.82791574315715,173.21171693326292
A,L,138.03072535256328,-116.88676013940899
A,A,146.5437262001549,-104.74211361418067
A,F,134.67573094360176,-129.97853876040068
A,W,177.90534740989526,-148.23777274845435
A,F,157.600705712739,-149.33703608158334
A,D,149.2474157331179,-129.8873042312229
A,V,148.25129873360765,-121.78446668323542
A,A,137.1014234938606,-114.720321199079
A,F,100.88173566588374,-101.75237879360628
A,I,93.93719941345995,-90.63376319349476
A,G,179.27387401803298,-99.07207430444865
A,S,-31.41180324353786,-66.51621246304909
A,I,-39.560767929571625,-95.02204866234311
A,M,167.30388170663332,-164.94031924963878
A,T,125.04181842550068,-101.57451416264276
A,V,134.18300777649108,-112.10660719000501
A,W,136.6583268586637,-105.55614470368926
A,L,117.15751677212617,-107.77386049264854
A,S,137.48580151375242,-115.9029511180834
A,T,23.457890477922344,-108.43872350303803
A,A,149.70872391911155,-68.28255253711978
A,P,-5.961635800935267,-67.28138188026308
A,T,-3.6997682372891254,-90.88381678629209
A,E,161.92843899716755,-109.37486061229555
A,P,144.08822531967667,-50.17256038231946
A,L,141.10448720022532,-70.18110428423061
A,T,174.9398587977396,-120.75493438559857
A,H,-8.725663300398963,-70.2979948728452
A,W,-13.098055183617987,-86.15628194899372
A,Y,-134.05812207978266,48.861435006276544
A,Q,166.25079031693613,-140.69981657215112
A,V,136.28198530297146,-124.99282309235974
A,R,132.12289253779124,-126.6465193613331
A,C,113.3027896875321,-113.21251734639287
A,L,146.99548122761357,-73.4543666694738
A,F,149.16878817413144,-80.40930211092471
A,Q,-39.275720441370716,-62.44887969372193
A,S,132.48801196529672,-127.3756026869053
A,P,154.26327142786334,-59.294163500356376
A,L,123.9375261719108,-119.07190408640345
A,F,130.98882372212861,-78.72471505090668
A,A,130.82744590755934,-141.08817020483926
A,K,153.41136255048983,-88.28472270574173
A,A,137.52939453505408,-55.5047551591453
A,G,-15.529885374983222,91.55863518170935
A,D,165.18672843372943,-67.97934583113846
A,T,118.27769821285723,-118.5995915375102
A,L,111.40439148018126,-97.50221767678033
A,S,156.6736064773146,-119.9159881901453
A,G,-158.86168241906572,161.67599104711817
A,T,137.2274605186818,-142.90948249114564
A,C,117.42120994036947,-107.68639058336305
A,L,119.7797892660125,-111.47260605863075
A,L,116.61315895069967,-106.38913148096383
A,I,114.14416191149645,-116.6431865983247
A,A,140.43129968236335,-59.21036676400617
A,N,174.8423719569893,-122.04361265398899
A,K,9.760807563288806,-81.87225639091416
A,R,29.765984702139395,-105.37478371834871
A,Q,40.454040801365366,54.642896463008334
A,S,-157.48582227598988,-152.96536992811443
A,Y,140.4049809676514,-140.02470715566125
A,D,130.52441824304958,-85.01371350997076
A,I,123.89982923924731,-108.53747716604055
A,S,117.36796460332289,-119.58415732742606
A,I,128.3704274969127,-119.86878377499504
A,V,131.89072979340472,-127.56737457254819
A,A,154.33446755582688,-144.11084400076447
A,Q,153.8999337618117,-149.44480621640298
A,V,115.11445235517652,-91.99019497126493
A,D,-44.66434202587499,-58.74967551722265
A,Q,-22.077749964601697,-62.14710653796516
A,T,-17.749216394752654,-119.15407640048326
A,G,-6.555454293670579,74.71384877386376
A,S,128.193088484665,-61.018286050289696
A,K,155.1444852353567,-122.9433500573024
A,S,164.34240541744074,-157.15513231407888
A,S,175.45836330710034,-150.2526729887441
A,N,154.35331050141508,-161.81029015751642
A,L,121.81896683666648,-122.27759686567222
A,L,152.114372354161,-120.49683003321712
A,D,103.81899321822357,-105.30011277479439
A,L,-21.984736823876037,-66.12887562424837
A,K,-29.560083831101732,-60.158558175305274
A,N,63.619239466928754,-123.91296848764594
A,P,163.993981197559,-76.62595689505865
A,F,114.46367651919259,-96.116244109676
A,F,103.86983162786538,-83.648411025365
A,R,-21.79809711724068,-102.47099416846713
A,Y,127.92157127093014,-49.72741984489626
A,T,65.5621289085097,-126.10849538107429
B,E,-41.48723857155335,-68.95006459285739
B,E,-27.820029011332515,-73.75394052621786
B,S,-47.5983721427161,-66.38459398693647
B,S,-43.58219704895239,-60.508133038848094
B,A,-35.74964446749487,-65.83382084106712
B,V,-51.990240517416595,-67.75018830938946
B,Q,-39.07694426258756,-55.097457815937474
B,Y,-48.969369439359646,-64.3239083738236
B,F,-26.653964903021638,-74.98206812772838
B,Q,-42.30344098967224,-63.57567788228925
B,F,-48.644175031588404,-54.555145396508394
B,Y,-11.882269262417397,-77.92297143791258
B,G,-13.434568332491185,-71.78411561130625
B,Y,126.81690610176403,-82.1781939811333
B,L,-40.641057908762015,-57.647780350496404
B,S,-33.80728205960277,-54.02689876730173
B,Q,-37.97169211531273,-79.76935443204268
B,Q,-41.576852083027454,-62.01262507816561
B,Q,-42.04665953630987,-61.721350539257635
B,N,-43.316239695778584,-58.101901598582096
B,M,-44.4728713722152,-69.42913640373472
B,M,-42.11935176712737,-59.37237931721202
B,Q,-12.259428109510218,-72.86194459757655
B,D,96.18901408547613,-65.63569272126105
B,Y,-38.25603769626831,-67.7678603683326
B,V,-47.96946183186475,-55.527993630667474
B,R,-58.51733295576473,-66.9392082925737
B,T,-42.93919801580154,-63.818323957177434
B,G,-36.437789499599226,-67.68092321637718
B,T,-37.493816063423374,-69.97926810426739
B,Y,-41.889651211044345,-62.866604542022685
B,Q,-42.24363946149968,-65.36926178862232
B,R,-51.51456396633445,-60.68013059797257
B,A,-51.322738471376866,-44.39372758693478
B,I,-51.300138769235396,-72.87952206402211
B,L,-39.668442544847615,-70.05318907484767
B,Q,-15.879329163435468,-74.62823856463005
B,N,40.88894929574383,-105.82209495163578
B,H,-30.569578489068675,-57.656709625578976
B,T,-31.147736633243387,-62.29746737111223
B,D,-15.898471846925197,-65.73088128292815
B,F,-31.700661067273927,-113.12956762003347
B,K,114.78872276179288,-55.15907760605611
B,D,17.54196876976503,64.9465053959236
B,K,164.55437932414898,-99.31934483504881
B,I,130.95767800625808,-97.29567041815719
B,V,146.61478142907276,-121.73287885014683
B,L,123.27539352316737,-119.23526288863009
B,D,109.1624206688103,-102.27117765292968
B,V,113.51285813831763,-86.78848641255317
B,G,64.26092973428955,77.6635736398615
B,C,-18.897740673374713,-71.67359716302782
B,G,-125.50173828574628,56.92552469793623
B,S,-19.53746077179313,-61.02557274591057
B,G,0.5963948142489107,98.8934627294849
B,I,-44.229969978017294,-51.05030309647486
B,L,-30.589373110391723,-71.4689030962471
B,S,-36.05148159935423,-64.00750387239742
B,F,-37.69022976492696,-65.95240354831222
B,F,-44.51462283283127,-61.927186531666045
B,A,-41.952427271037,-57.17537487316976
B,A,-45.71123425702772,-65.50310676071135
B,Q,-41.57222158805447,-55.32853430425114
B,A,-2.731778264652115,-72.23413780921688
B,G,16.965098867244922,100.29199120589547
B,A,140.99463633959468,-62.191173285994786
B,R,-44.42312635097897,-72.14485877930517
B,K,142.13497175583493,-151.64055979204545
B,I,123.10634812455982,-128.14210088018442
B,Y,114.01588480906756,-95.78339215381176
B,A,101.81431139083095,-105.39337491380118
B,V,129.09634581755859,-97.31310962749004
B,E,132.30584632691023,-146.44343853012114
B,A,-29.07256351825903,-97.51494681207177
B,S,170.4421120802582,-73.2053274656356
B,T,-14.207284638451503,-62.34843654552189
B,M,-25.74518331110314,-51.92907491836803
B,A,-40.876238842463955,-51.46853043868071
B,Q,-30.02750549517455,-73.70321927229762
B,H,-40.680277422179614,-67.90085132339675
B,A,-42.88185801108856,-58.52069774156921
B,E,-36.46235953120577,-65.0793638574032
B,V,-45.54695360809449,-57.61931652589543
B,L,-39.31384568789307,-63.24403334062181
B,V,-44.966292269585125,-64.09772868223999
B,K,-50.57556600672496,-60.790645928578606
B,S,-18.764091026023063,-69.43772923002896
B,N,4.743320990330969,-98.29465651800446
B,N,42.215928368597694,60.331863526620836
B,L,26.523783118933313,-119.35450919931539
B,T,-25.84634338334602,-67.45397325135508
B,D,-13.181588612326339,-72.75042062575427
B,R,-37.13953121360011,-127.68690777098595
B,I,123.96767325109315,-103.86949270102558
B,V,105.70977641072113,-117.23588312747509
B,V,130.56162498137542,-75.81263802535659
B,I,102.4280659277702,-122.3207099294224
B,P,131.7079821407648,-72.74748230005966
B,G,171.76249507143956,136.53115363607785
B,K,135.93535680865182,-74.01753382043786
B,V,-27.101081052275553,-55.68411546567621
B,E,-20.678197272096327,-68.43779782407049
B,E,-19.20877126316453,-120.29447197451563
B,V,170.42807642713714,-74.69134601753014
B,S,116.64345463560385,-135.0454111266404
B,L,149.43151274361705,-80.54695545881475
B,P,-18.471208450763893,-64.17036398140473
B,E,161.96286733201657,-167.5867080088693
B,Q,154.55298687631878,-72.1869292179962
B,V,155.1729964369147,-119.33475516903268
B,D,-27.71776371669983,-81.82421249883534
B,I,141.6633580372486,-152.19578117549463
B,I,132.68795627520836,-110.7779850219858
B,I,148.227291418474,-117.257188759908
B,S,161.93290788972368,-165.6077367895555
B,E,80.42885368782231,-124.70370668455905
B,P,9.676154090074599,-95.72600273268401
B,M,131.60410632018463,-85.46971077842251
B,G,-172.17894280847526,-107.91039430597048
B,Y,141.09519157795856,-51.92313346340236
B,M,26.5819264352845,54.90648424001101
B,L,-51.68229197324473,72.26884488135708
B,F,-15.106413376505069,-88.06563981482284
B,N,138.59125600728103,-55.314825757846926
B,E,-17.14351333377729,94.14101651894067
B,R,23.483974733905185,59.6377100917031
B,M,-20.2791499309655,-73.16237883755939
B,L,-34.899691725824134,-54.56809511196736
B,E,-37.25397714033454,-69.31308371349483
B,S,-37.88342251758788,-66.775647036248
B,Y,-46.622890397870364,-62.47719310383262
B,L,-38.19258047409571,-69.87663493643306
B,H,-39.52205690979748,-52.62713114663868
B,A,-13.81022892985464,-65.2802527947752
B,K,-14.681329844482518,-64.62608610678569
B,K,-19.1391109526828,-58.012978292181046
B,Y,1.8784648011392049,-97.15122366165781
B,L,130.1268877826175,-95.29641296109892
B,K,154.66547926462314,-58.415383606921544
B,P,-38.12789352941981,-54.91551500561361
B,S,0.16283177581103375,-76.56922906610951
B,G,168.26019653410012,-70.68377266372738
B,N,163.3422169668332,-122.92814693523114
B,M,133.51158917418883,-129.43466390221835
B,F,103.53349508575268,-124.53324893358324
B,P,154.70898425507593,-72.68759206154158
B,T,-41.18670997222057,-89.69836139941658
B,I,160.77726259531508,-135.5350540484877
B,G,132.75429103379585,-133.6513634459968
B,D,123.05567551109229,-114.47566045293095
B,V,126.18198695519024,-98.97808510838878
B,H,152.413282540148,-104.25267663898862
B,L,127.85098686408891,-149.42510733748813
B,A,146.2742655148054,-148.6023198662335
B,P,142.07823794892786,-75.80168041340178
B,F,162.05885900646913,-124.22122165034517
B,T,126.26795615933453,-117.44464624115726
B,D,83.15978364301937,-159.78684878215614
B,E,-38.176688985606305,-66.14280340372518
B,Q,-51.52419017216777,-59.62498379611935
B,L,-50.52518025448517,-55.135813650811144
B,Y,-50.99576717940894,-56.91743895712389
B,M,-37.96282546261596,-62.48174783222929
B,E,-43.18133818376682,-62.07257290545789
B,Q,-38.088751552724894,-71.09488279789392
B,F,-40.3504518522495,-61.758139335888934
B,T,-46.048501818759604,-66.14521727850682
B,K,-50.35881165928814,-54.47091926218552
B,A,-34.39215835215984,-55.17545234356982
B,N,3.9555532465159886,-84.3868201451038
B,F,-37.87421701542109,-53.23315662264156
B,W,4.708320317283891,-83.66467448028251
B,Y,-10.641159302447118,-89.23467322740652
B,Q,123.36283550131583,-64.51566445803049
B,P,-6.066876648731291,-79.05048630966485
B,S,38.99509164628056,-156.19622779793133
B,F,114.80218540681986,-56.892124152738546
B,H,35.29747562761601,39.60858524865541
B,G,4.89964283387097,90.51925637291049
B,V,128.9414799455248,-109.88031959543319
B,D,114.24553880696915,-79.85525907805044
B,L,-9.119728048310607,-96.58453649858842
B,S,-21.91574791831945,-63.8105820647712
B,A,-13.84064686967115,-63.028419783319535
B,L,-1.6097985119530862,-102.73843866146552
B,R,-43.490736469310875,-57.062605888876206
B,G,-35.76037192695292,-67.33458849516398
B,A,-35.69921559971037,-65.20663683340875
B,A,-50.4074945083181,-67.77151006928337
B,V,-47.29787426256428,-53.837318599615216
B,D,-50.223433586347895,-52.65288481337932
B,E,-51.0760472084001,-64.80469577132418
B,Y,-36.55996394543055,-59.65736086450106
B,F,-5.367307789667003,-85.73057116148358
B,R,-17.3857722211828,-73.75658979516314
B,Q,114.58448229298591,-84.47469134859044
B,P,148.20238641732212,-70.64834082764705
B,V,113.07461043537046,-98.5970925578877
B,V,114.006790861601,-94.1859419725888
B,D,167.89121815869177,-174.44915182728812
B,T,173.75883133287573,-108.47897163921311
B,F,166.75542528470163,-160.32644268288072
B,D,129.73185914141703,-75.0346735961808
B,I,-10.30122594945124,-64.17958313396738
B,R,-15.917598098765776,-73.18344896009779
B,I,-10.518551212637995,-73.51763112151345
B,L,139.44951978869727,-81.6801333937964
B,M,-2.0268709721182767,-115.89280802986598
B,A,154.85798789493435,-164.03311960758967
B,K,137.18966480911806,-51.67140101708914
B,S,150.57834338073064,-64.18318806522473
B,V,139.11069800454197,-99.85899136740572
B,K,130.932093849859,-113.05279285854029
B,Y,123.92685506978344,-118.46697985828601
B,T,129.6980947055357,-110.58444853068956
B,V,122.98790320338824,-111.09247983471221
B,N,111.61694649980974,-94.34070089067471
B,F,-29.000961992340578,-73.21818192929169
B,L,-32.717674837448186,-59.34271935739403
B,E,-31.38109075588465,-107.13185539946072
B,A,154.77367012317066,-64.98961988691006
B,K,152.0923695990301,-108.26188755826995
B,E,-53.417320850868116,-43.06872890486824
B,G,-23.368130881281935,-59.57257945648567
B,D,-25.248354217899205,-58.210812039632955
B,L,5.040506467982288,-92.28444016737912
B,H,-32.59652263612618,-75.68358448897526
B,R,112.52493481620398,-136.8182543105918
B,I,116.55297182612442,-116.46516764001208
B,E,115.12977411473868,-112.14038031899544
B,I,96.47488076719843,-115.84608920024739
B,P,154.7943582030167,-76.91413227534989
B,F,147.55650866862072,-151.03502476455353
B,K,110.72536370132579,-140.9022628482157
B,F,143.92426292500406,-98.98482815758301
B,H,109.22796950551388,-102.83289502948297
B,M,128.49090044555382,-70.92687069411814
B,L,-19.14944111710291,-103.13328673105103
B,H,144.8027176717853,-134.1120292591555
B,S,150.4319613502906,-77.44471569349321
B,G,-177.89932877503244,152.62035851264554
B,L,132.47982082079204,-89.1804186407472
B,V,109.8292025895403,-97.24036726268722
B,H,-13.864362716999135,-84.1846008473029
B,G,-161.3238283893821,165.48400892786364
B,L,131.68483481120884,-115.80207809001669
B,A,140.65805840601675,-91.60411193935731
B,F,141.33174889502558,-125.34104392089382
B,W,178.1476601806622,-148.53349350614212
B,F,153.76280805198076,-146.69656150639386
B,D,149.48301840913868,-123.24817646176479
B,V,147.2474466015165,-125.95250244137358
B,A,136.80568854796803,-118.14739014832132
B,F,102.99542657253268,-104.13440740047947
B,I,89.55441873123124,-94.90059772706512
B,G,164.3543649977915,-91.90277403207176
B,S,-29.902166579953423,-58.685675036005605
B,I,-43.18231446775386,-91.19398647891231
B,M,155.609840419442,-165.1023523802203
B,T,128.45971983898298,-91.64425139769077
B,V,134.64646088362747,-111.83999685704751
B,W,141.18050982821723,-108.05742372155196
B,L,119.04517347442813,-119.43511411538923
B,S,140.50419920871911,-119.36798860628684
B,T,20.80532906329957,-111.03427969139393
B,A,147.9529558770574,-63.097167203338074
B,P,-10.015442123319422,-71.81934261303172
B,T,-9.998320854482982,-79.35392781206178
B,E,164.53976459535127,-112.8930100049364
B,P,135.60972276206135,-58.451096833144476
B,L,136.5258492940493,-59.524891556638735
B,T,175.23696147561597,-115.83526383875504
B,H,-2.7603729488766966,-70.88020885511534
B,W,-12.48780031905247,-92.5518506241633
B,Y,-135.79122867142277,45.892239638114354
B,Q,171.47894996567854,-133.1398232815664
B,V,131.1912163126082,-127.38273422814494
B,R,134.18418281713065,-119.18907348248688
B,C,113.00074086783779,-104.42526660381291
B,L,143.1146731554485,-77.75721062534616
B,F,141.27343896366642,-83.0666266594695
B,Q,-28.43272204266888,-60.280243789716216
B,S,130.1113911556394,-141.55262272721993
B,P,153.4833313989691,-69.41219211986197
B,L,131.53658583894233,-100.05017299725178
B,F,128.5928434093611,-83.29194638853764
B,A,141.19073942839,-137.34431353181074
B,K,150.3136771708629,-99.06291588762313
B,A,134.84689892208252,-52.9309894410457
B,G,-16.387107186341268,99.16891726499342
B,D,165.68226750393714,-69.83211821405159
B,T,137.46786218624285,-112.84848359019472
B,L,112.86418455941421,-116.7975608753099
B,S,155.88764341924244,-126.15236842492227
B,G,-149.3838581813874,167.31172290189224
B,T,139.71698501169357,-146.83605677920139
B,C,130.8230984569016,-101.49091409764667
B,L,121.24004606550076,-123.69640972029629
B,L,124.21876646705458,-107.7649622487552
B,I,115.53152803693558,-113.97850311225393
B,A,128.78738099752692,-55.74980241108724
B,N,177.03545770267803,-111.61465054426061
B,K,9.310250092349719,-79.71538437055186
B,R,35.31068202206529,-116.4325795316712
B,Q,37.32589121925132,54.16191143401809
B,S,-154.33006909635688,-152.05418945542485
B,Y,136.6344314758216,-136.54374266738668
B,D,119.25935416228356,-80.14254978328286
B,I,136.016127546485,-106.35969591407034
B,S,128.6951078203939,-125.65911367641803
B,I,120.58765018617471,-123.15354058121805
B,V,124.02068418312848,-118.95874813360547
B,A,143.47526433418392,-136.273194641357
B,Q,138.47250022228272,-142.15381507007424
B,V,108.59303313106572,-84.22355218061153
B,D,-37.76347255866474,-57.03053078107971
B,Q,-32.90370659726317,-65.64779746498627
B,T,-18.52736473756381,-114.0761907393994
B,G,14.712964563776463,77.04815982815644
B,S,124.24665239532663,-67.21983833069606
B,K,139.66813292270356,-123.91427400834064
B,S,133.8066817549967,-126.09870355954521
B,S,130.55581922805362,-128.3225875121753
B,N,145.91281899419232,-146.36707570822585
B,L,133.70540638749983,-122.43380125485847
B,L,142.95971660370267,-131.21409833483162
B,D,97.15025505953191,-104.00561765958396
B,L,-21.035859304267387,-66.04634908503702
B,K,-37.17048424807469,-59.06794772803945
B,N,65.19072735491856,-123.49927761750939
B,P,162.7616130860229,-70.86059574549685
B,F,108.57404151054276,-92.39748108057731
B,F,95.50269623644469,-81.43972984474748
B,R,-19.171088781682673,-86.27371351440817
B,Y,137.69220311458997,-61.29504855890445
B,T,50.76516358836134,-132.49522908728994
C,E,-42.82224151035318,-106.75585530251705
C,E,-19.767892672193543,-72.02088949042901
C,S,-27.33482776916012,-94.83760755688817
C,S,-37.26614009969746,-63.093403404943864
C,A,-18.001021439508808,-73.0028563464479
C,V,-60.25256853419733,-66.17830948781582
C,Q,-39.188599946949196,-45.59488354690087
C,Y,-51.09632976304529,-72.69313523987061
C,F,-24.32078816052844,-77.60426496069097
C,Q,-40.094452016199945,-61.89715062932591
C,F,-47.433242218836604,-57.819626960192345
C,Y,-11.866456914039627,-80.88311474078624
C,G,-11.761171918219159,-73.38399366024076
C,Y,128.7996484531293,-82.1246661231605
C,L,-39.87380697068369,-58.03900028535694
C,S,-27.207942455290077,-60.63955464616216
C,Q,-36.904452798914285,-82.22362374878647
C,Q,-47.47067933155318,-62.472970620751816
C,Q,-44.33697026535997,-54.187530153944486
C,N,-46.85035531963596,-53.53937063291802
C,M,-46.20067055744916,-68.00854877661322
C,M,-42.84626586610123,-57.72790300051385
C,Q,-14.790639152165793,-67.85470392077039
C,D,96.4580940211089,-73.69503281939794
C,Y,-41.13295285122051,-64.65753904710284
C,V,-48.231021912601356,-55.288701351531756
C,R,-56.37392709215617,-69.24781322063009
C,T,-44.161679211936175,-63.40502530358599
C,G,-39.981495214907596,-65.77089502343237
C,T,-44.51136909755975,-66.27865846354302
C,Y,-48.906764213759075,-53.519425886373796
C,Q,-47.3577405681297,-58.23095887012475
C,R,-50.48549541902387,-58.244363601711065
C,A,-47.54134765286655,-52.365082934346354
C,I,-43.644667380861456,-73.4193386971734
C,L,-36.808629650262276,-75.66658944856243
C,Q,-18.487013513252506,-72.25026252718975
C,N,50.51823290872961,-110.90735370512779
C,H,-33.09723761988387,-61.48240267818061
C,T,-21.0835671872278,-64.04409831599129
C,D,-6.762798113955984,-79.44356008269908
C,F,-32.68761795802392,-123.97790588513972
C,K,116.36363996594672,-52.1385304553548
C,D,10.421465675335966,71.18984685117222
C,K,168.7331196794486,-94.02861983423391
C,I,123.27661265820697,-106.42207367472828
C,V,150.10175235258308,-120.68604419532352
C,L,126.48169673129429,-123.52076316144044
C,D,108.96791087389772,-102.42114563329332
C,V,107.62789632433997,-87.54046833279718
C,G,66.57149943277388,75.53398775190999
C,C,-17.50115564185972,-70.29989262084831
C,G,-118.45690836198561,52.04476825376067
C,S,-26.047970470589853,-61.62600231670246
C,G,3.2878291286381427,104.23941165920861
C,I,-41.84058851982383,-53.4417071759861
C,L,-36.86448615842057,-69.33297984763021
C,S,-35.4431567887734,-65.67599033100629
C,F,-39.37340448715313,-62.61853935761658
C,F,-38.8573277725402,-63.788937177170084
C,A,-37.14122529050199,-63.138100478730664
C,A,-43.3866835349124,-68.31201712475934
C,Q,-33.92763556423133,-57.24693246562701
C,A,-4.516485559887413,-79.04743275274058
C,G,19.737343460438517,94.66772864504861
C,A,142.33220564768783,-57.99701266902441
C,R,-47.12025961496549,-77.85692192910857
C,K,134.8287593002353,-143.96776773695797
C,I,117.78383655757513,-122.7790703663067
C,Y,123.95253250451435,-87.7671665249464
C,A,100.22705776296097,-114.11010199939004
C,V,132.76615185180475,-95.40692785285505
C,E,122.93916083657794,-150.68631625368135
C,A,-35.955869400884836,-84.92065154895238
C,S,176.8727129099531,-73.89413669478057
C,T,-4.831235863377999,-72.62373516942364
C,M,-26.41528535673117,-60.38134528342092
C,A,-38.468602506141394,-50.764576682702476
C,Q,-34.28961386376994,-70.34114532574203
C,H,-41.49320048296269,-69.26421534863536
C,A,-36.117996681013146,-59.76190670537327
C,E,-48.09209071891266,-61.6713470659806
C,V,-34.61448344519999,-56.74927692182884
C,L,-35.73793330146951,-77.83253461773431
C,V,-36.39270733848443,-64.2172054599533
C,K,-49.19136488542603,-68.35333765853508
C,S,-20.87141732314703,-75.16249319425012
C,N,8.638627962403566,-94.33483054019688
C,N,47.531533326718694,61.058811786306954
C,L,19.317110810245783,-131.6316787786431
C,T,-25.608409197742535,-55.59179852697113
C,D,-16.327154881246564,-83.76532967161421
C,R,-36.90059854569066,-114.82916954128221
C,I,117.01776406909278,-106.20789587016496
C,V,123.34624619957098,-109.06553527843658
C,V,116.3678186177735,-96.3992879824328
C,I,109.60358375108198,-107.88238024967575
C,P,129.44936723726687,-67.44182604247773
C,G,172.51914859453603,132.52942007642685
C,K,143.3716697964411,-75.42236679105137
C,V,-22.370063056246398,-63.76510048890811
C,E,-15.777916608101231,-84.36150686064279
C,E,-26.746879375041843,-111.66855862506756
C,V,166.33972073633606,-74.62484870906921
C,S,135.09769018672105,-114.6711612735809
C,L,128.95623530988075,-103.13833335408465
C,P,-10.030330703775066,-67.84450395918805
C,E,138.80711031727427,-151.1258438634611
C,Q,147.69962241308602,-71.23289218063312
C,V,155.56212489077726,-110.0141192634681
C,D,-38.610537058562755,-80.93956061606632
C,I,134.565593802761,-145.00758292568352
C,I,127.31898861931235,-103.47361751275061
C,I,148.5657907800821,-109.85642895674641
C,S,154.621454072011,-168.6393168765616
C,E,87.96786649402775,-124.46123170689657
C,P,17.292359593678196,-102.2781023880854
C,M,138.88438538631397,-83.85572260930037
C,G,-173.7992406039428,-119.47455986803318
C,Y,136.8824377619305,-45.220294091958316
C,M,29.942062795738572,52.82815574483371
C,L,-52.32267673292788,76.3704576681895
C,F,-20.08332104382062,-90.87238329027076
C,N,141.3202005083505,-51.825788422616746
C,E,-15.555532356705095,90.70303136469231
C,R,26.177512186271056,59.91850664997681
C,M,-22.72477901238822,-75.84178940833054
C,L,-28.827211244893682,-59.65950456542848
C,E,-39.686211549308304,-67.01876201024866
C,S,-37.19595183430681,-64.01271054468747
C,Y,-42.77770368977207,-66.18701690351374
C,L,-44.293912849806624,-68.68910492696037
C,H,-37.32811180373309,-52.800342866987535
C,A,-14.35460468623443,-65.19855659442608
C,K,-16.87731236973652,-57.170739392334056
C,K,-21.353505082923416,-63.13990869019302
C,Y,2.2516188207276757,-96.56214521598258
C,L,130.16771842027197,-92.30725050274567
C,K,135.6244827926074,-60.760657013340854
C,P,142.84181560979252,-52.72882241201154
C,S,15.826644991537108,61.7783138108658
C,G,-178.71703407868858,-76.02179088683712
C,N,161.50228312727603,-127.24284756145569
C,M,128.7765326481165,-118.03511105563085
C,F,96.81775724763584,-127.09374512728881
C,P,159.03934434818134,-75.58009504674389
C,T,-35.290331431939606,-93.95918463095548
C,I,155.6561781299821,-141.58937341427284
C,G,135.04951973835495,-130.00192145187356
C,D,124.6900970933504,-111.34880916052397
C,V,134.90611272293128,-92.02581421933921
C,H,148.77625563457795,-110.99400764295137
C,L,128.35843717991207,-142.137340464303
C,A,141.40697902908948,-149.1886843439325
C,P,147.35025344621258,-77.96419810110118
C,F,160.67884568284444,-127.89241445062964
C,T,129.95842815358353,-118.30776722728434
C,D,83.11303939558056,-157.7486206266479
C,E,-40.64895953943632,-55.73759355791095
C,Q,-42.45403433041551,-66.70551457112845
C,L,-46.23142438079411,-62.11498937194033
C,Y,-53.48027597981108,-57.375854539995906
C,M,-33.08275585586421,-62.356899644641224
C,E,-24.51524016374021,-61.661755552035316
C,Q,-42.49659631629419,-67.87632167957626
C,F,-35.3335666526179,-68.56446675276067
C,T,-47.13880948968082,-62.277093232977066
C,K,-48.71542781655345,-62.573235389660915
C,A,-28.788627465575814,-64.75204635895194
C,N,-10.606778435112192,-66.71801687686543
C,F,-47.75288783856233,-44.51737859770868
C,W,-23.052652179343035,-70.3915303987578
C,Y,65.73140000244368,-82.44821496222708
C,Q,136.79025374511133,-138.92660623824176
C,P,-12.803685691712998,-78.43098905199983
C,S,64.95054130417245,-151.73966719737334
C,F,104.33366372704351,-71.64099737074532
C,H,37.91189083961202,45.92852189672988
C,G,-1.3559287882642217,93.49810705098716
C,V,128.14305266116463,-109.28543554081355
C,D,108.1859169182218,-76.5663793392437
C,L,-4.8623727180129,-92.54636746981414
C,S,-38.89487082245426,-52.103052965729034
C,A,-18.011736021476207,-61.10805684185167
C,L,-0.9901975278323706,-96.13857915766476
C,R,-47.310129988011184,-60.11338065713395
C,G,-39.619916941320035,-58.03824567895825
C,A,-40.46222132051277,-66.75213701341697
C,A,-47.428809284206956,-61.405955563245264
C,V,-52.43374748204236,-51.452599454089444
C,D,-42.18758925358972,-57.84518885512266
C,E,-47.4016317184543,-60.83325047348473
C,Y,-41.765688920273035,-60.89632079967481
C,F,-18.086976576714736,-68.72850708294162
C,R,-9.547909340524736,-77.44348526553965
C,Q,118.2430120274175,-102.98892891595811
C,P,145.63082547226372,-60.018596219038635
C,V,118.54981913136963,-101.03912433357854
C,V,116.18666530251468,-99.09669472297212
C,D,163.84576453093172,-170.80074217541818
C,T,171.69687953890605,-104.92254392565557
C,F,166.63312244379705,-156.52348445766486
C,D,129.93619379088625,-69.98743161613517
C,I,-16.50433060572204,-61.01129735957538
C,R,-18.47953350648312,-65.4166017553929
C,I,-11.462625381234767,-74.93107887504478
C,L,133.10561768319144,-84.4958679045927
C,M,-2.328742360061928,-109.93042039365203
C,A,161.20939200883637,-161.99170538232653
C,K,140.52157033481535,-61.21324697475454
C,S,149.64472646365806,-63.08564440442083
C,V,135.41128050053865,-98.90338588973341
C,K,129.37987695478836,-109.64043611593159
C,Y,119.61330259948868,-110.31657188216795
C,T,126.56648159453978,-102.9519547642263
C,V,125.72400195316108,-102.58277595117872
C,N,110.07022998608728,-95.03795839551874
C,F,-27.273980088731875,-66.70171405499917
C,L,-27.58029508259195,-65.2218679577009
C,E,-34.84619208862319,-104.81282410540193
C,A,148.32439241033322,-67.32398466322435
C,K,153.31979336354092,-100.2873551783846
C,E,-28.591280002494322,-64.4816565352462
C,G,-27.306145435595344,-58.97328802588126
C,D,-25.397256103259977,-60.41576622824819
C,L,-4.25599558742033,-89.63301552091616
C,H,-32.763183333223,-68.00386404994302
C,R,114.36868106023009,-144.3716181944881
C,I,108.86266196986683,-113.44684904396493
C,E,116.75773866215106,-99.66436601527877
C,I,99.57588774869286,-115.03399280567527
C,P,146.62022661153378,-77.31008618431727
C,F,148.48129210883786,-136.84844441008036
C,K,101.2604699928438,-139.84147802325344
C,F,135.4371160754251,-86.89869213174993
C,H,109.99465808792014,-98.31517103306926
C,M,125.30514285397844,-66.72739977557899
C,L,-16.076462568940574,-97.6120544422383
C,H,145.56263853003546,-136.97626400695475
C,S,147.2407438982304,-88.42607963177785
C,G,-176.32468754881552,157.33820405196423
C,L,127.49504634974775,-89.99297538158321
C,V,116.04773236159339,-92.64145509246558
C,H,-14.894005565669868,-94.50139748777623
C,G,-163.99806481560498,171.13308702008624
C,L,134.37485928066303,-118.3238449743409
C,A,145.82294932196552,-98.870240241332
C,F,137.20261203892073,-128.480916103982
C,W,-179.17793740842367,-145.5371535025447
C,F,151.3076024910074,-145.5394165382373
C,D,153.45318693927794,-123.53560354762337
C,V,149.09009235121118,-129.8275657154215
C,A,139.2354485503519,-123.67556151347893
C,F,101.76154723395999,-104.90712229089218
C,I,93.0467682993112,-89.25742378166112
C,G,176.63346846534785,-94.22236000417588
C,S,-35.832831246882286,-70.70474911872292
C,I,-55.038197836304505,-87.10006614223941
C,M,167.13058157551163,-148.8236910005635
C,T,127.49117033668733,-104.84526627090115
C,V,132.41138750431347,-119.52909856316793
C,W,138.51696416734322,-101.25721371124577
C,L,118.86096120712769,-111.77874804557646
C,S,137.19955345916244,-118.09980116679786
C,T,22.261249042377404,-107.39704515778989
C,A,149.89325726831854,-61.866632487660056
C,P,-10.316261080404468,-70.49494353770837
C,T,-1.9613515669156547,-83.68773180831806
C,E,155.73980120996188,-122.23260659934047
C,P,144.06575234482276,-50.16232423119872
C,L,137.77593329407978,-67.45701203960348
C,T,178.21576765888503,-114.35109325992084
C,H,-13.157176033414567,-67.95154667881263
C,W,-12.829292485228034,-82.62532870405832
C,Y,-137.95319667707142,46.47217472514175
C,Q,169.1463776551862,-138.70144910785493
C,V,131.03725371521332,-125.0505243530396
C,R,136.53476227276371,-120.09319486541409
C,C,119.45604263432399,-116.40077331067125
C,L,142.3307409944084,-74.53275234593167
C,F,156.47194029763332,-73.73496205947923
C,Q,-34.53807763722921,-64.18529043608525
C,S,140.57310218332373,-138.13773980254055
C,P,148.56957925686615,-61.28813812369192
C,L,130.52319397269432,-111.26297791010968
C,F,127.12147959218784,-79.11445925606353
C,A,132.61075350934783,-134.80340974451332
C,K,152.28521971269183,-84.06168017489217
C,A,133.98666222079152,-53.562046198060834
C,G,-21.32981142814917,93.47262745035023
C,D,159.89303458500947,-66.72132021685037
C,T,136.92008112248118,-113.35348208669902
C,L,117.96893785084872,-111.52005537513111
C,S,155.78865306069187,-131.43699460473383
C,G,-157.9004130180099,160.5881752648948
C,T,145.36133784725877,-144.18869102642404
C,C,116.26404623236452,-107.86325519049801
C,L,115.81488449754427,-105.96131404095846
C,L,114.23998434342418,-98.71777590427804
C,I,118.16020656920044,-107.60731297134328
C,A,137.2795667218807,-64.83528745924342
C,N,176.9022796703764,-117.4511183712667
C,K,-7.033687348222729,-72.05339668952378
C,R,32.25352932689116,-105.54893053844151
C,Q,33.65571127642471,55.850579844201405
C,S,-158.74342908780426,-145.49683066994973
C,Y,141.47554111121093,-135.60569723319168
C,D,129.61872905096166,-85.6046563846678
C,I,117.79180805089203,-107.54303378645378
C,S,119.67813322623711,-114.32606520785764
C,I,135.4035642062068,-121.76621513717791
C,V,136.2017388213601,-137.38270635951073
C,A,147.6551695367415,-145.38003938737054
C,Q,143.01593833411098,-140.07799760340063
C,V,112.47007625455399,-87.64265101151699
C,D,-42.16828483399801,-58.60575473207094
C,Q,-18.311895264977835,-70.00948884276453
C,T,-23.823393704567955,-120.32228116363036
C,G,-3.2474674055260913,80.87246872796942
C,S,129.1222560323988,-60.33854965585013
C,K,136.11145493163332,-133.83935354381086
C,S,175.43391369633187,-149.40118384118836
C,S,173.14616021938875,-156.94394596859948
C,N,160.97765883982842,-161.25407977721113
C,L,122.31650001211814,-128.1565655925368
C,L,154.71597576868078,-127.55790430114584
C,D,110.30449679443431,-111.7314845290208
C,L,-22.45013816804829,-69.42059356592468
C,K,-30.64223319311948,-61.21447298495995
C,N,65.9369442571799,-121.28382282354406
C,P,162.03237320079052,-81.67969051717127
C,F,113.13348390500937,-96.68590302224185
C,F,102.6996543940169,-83.65777078117105
C,R,-13.340583213424805,-100.93700547294179
C,Y,140.0092045088888,-54.27969477484333
C,T,-52.774737962545565,26.620342279787486
D,E,-42.305686004679345,-106.23557619277076
D,E,-39.278794937263946,-58.488283260731635
D,S,-48.86133297564912,-63.03663987399284
D,S,-37.22307912160183,-62.465092810992964
D,A,-36.9144504245899,-72.72400665391804
D,V,-49.780788224391195,-63.17247069876528
D,Q,-37.34482649735601,-58.47013001204482
D,Y,-49.57058371794589,-66.10891504982598
D,F,-31.32182586973163,-71.98749051930297
D,Q,-52.047940673652235,-55.075196980297804
D,F,-52.86677499345309,-47.04732433555013
D,Y,-12.908259666309425,-74.12250332774637
D,G,-5.847707721696733,-78.59469500079427
D,Y,122.66260586900103,-83.40395208477493
D,L,-42.15912889761846,-52.651752697407
D,S,-34.5989754892674,-55.20537809821849
D,Q,-34.777315830624346,-76.78115652730301
D,Q,-43.44627614661679,-65.82525508850026
D,Q,-46.27067711128557,-56.52334882080731
D,N,-44.0204093223501,-52.38508455438022
D,M,-41.53805946808758,-73.62729024959363
D,M,-39.302291186348654,-62.535262857722365
D,Q,-7.448377738644879,-76.95158603697212
D,D,97.95151316129775,-71.84889078088065
D,Y,-35.42153161935114,-70.21703946180133
D,V,-44.11511122328678,-61.41021247397358
D,R,-57.26255115219123,-66.16573650757567
D,T,-39.81060855882538,-69.80534770291501
D,G,-36.7061659698517,-66.06673348572035
D,T,-41.35684442548892,-70.35032867647719
D,Y,-48.78003034276706,-55.79204592198174
D,Q,-42.68244032685256,-62.025742346908444
D,R,-45.76063272050955,-61.77518656936282
D,A,-44.04817928574499,-57.053560659176675
D,I,-47.88216119533625,-77.49141262571105
D,L,-35.12036173838525,-71.73680054617485
D,Q,-28.1824525538329,-70.30229873119139
D,N,48.440420288527115,-104.53848601448568
D,H,-27.647347477754668,-60.87983519228601
D,T,-29.215351798010957,-67.23035657178869
D,D,-10.01553892386081,-70.22802206723298
D,F,-31.419329441008617,-113.45971338337665
D,K,119.22932935791064,-53.72589089257404
D,D,15.724527445959867,64.76472086559035
D,K,161.38903547100327,-92.2195486196275
D,I,130.15499112301492,-97.59528486940076
D,V,142.58185699575176,-122.21362225290456
D,L,125.74110543205539,-113.0534770753111
D,D,108.86535088780965,-101.56858520867053
D,V,109.16994188098225,-84.32882656764406
D,G,64.34926321771562,81.80046453499628
D,C,-19.531838855404033,-69.99140351231136
D,G,-121.82493804560934,56.04690339133142
D,S,-18.363777278600967,-67.39939241291698
D,G,1.8137325127451096,101.2755680660044
D,I,-47.44572626048094,-48.89003025762178
D,L,-29.799994835921133,-69.43416200259337
D,S,-37.79754377706712,-69.04139557508444
D,F,-37.565736447602404,-61.7775560738833
D,F,-45.41213831856464,-64.83596801610248
D,A,-40.71553906603602,-58.53858004056395
D,A,-42.56751454513241,-62.27648093553512
D,Q,-40.76643747921198,-57.18006525813365
D,A,2.9073434934088715,-75.5323573718351
D,G,15.961808519000071,96.44035792197067
D,A,139.99122447508046,-61.213340608511494
D,R,-42.96196061262355,-76.01579459883641
D,K,133.08253087361044,-149.33763421103416
D,I,118.49686865689753,-125.05650284523486
D,Y,117.6428304630486,-91.34255860939356
D,A,98.95540166148997,-110.98315911686737
D,V,131.74076728313523,-93.15484925257907
D,E,126.69840382360815,-151.89614193425638
D,A,-25.876580588364575,-92.1222626217047
D,S,172.62741474201752,-80.30544742434509
D,T,-8.346762760503829,-65.83581788738339
D,M,-26.57514078641163,-55.02355644749349
D,A,-41.65065339520794,-52.50438949075085
D,Q,-39.40178495479768,-61.397883329489204
D,H,-38.20620786104775,-71.27133304108993
D,A,-40.57988273859096,-59.588213873034235
D,E,-37.504472409643036,-64.24800142650763
D,V,-41.5075517715418,-61.54159174286194
D,L,-40.12360228929807,-66.04980647783898
D,V,-45.75818118232454,-57.12643138473008
D,K,-47.641774293624465,-63.391055327522096
D,S,-18.626112860676443,-72.44734129478898
D,N,8.590476005174503,-99.28095429116179
D,N,50.611344308139145,53.57250137656717
D,L,22.287545473754097,-125.14309298020737
D,T,-30.262040705461118,-58.0875769185221
D,D,-10.604287339519237,-72.06013789026426
D,R,-32.52736845826358,-129.28654216050904
D,I,123.29370654804286,-110.01311205624337
D,V,107.70509453248518,-116.34831522774152
D,V,131.4607594577339,-77.37691678743985
D,I,100.11885105185873,-121.94510447825222
D,P,136.15223130157665,-68.24518717597174
D,G,175.71855866233454,134.41164474354593
D,K,137.60674201668007,-79.37028468047974
D,V,-24.233537941672783,-56.850704779151776
D,E,-16.191709325213576,-74.17117450394727
D,E,-26.024729835061926,-118.01131421605393
D,V,164.0474640239065,-71.47773869993983
D,S,134.6659311827165,-110.78910112399451
D,L,147.15834378730034,-109.12571837860617
D,P,-14.734554235525593,-71.95994004355006
D,E,166.47407062328662,-157.90582920848541
D,Q,153.21847489028968,-74.28031158366221
D,V,157.6971731878158,-113.60404289587186
D,D,-24.526683452172797,-82.94433333310032
D,I,139.41503648788697,-156.68813372875115
D,I,133.49201484923233,-106.51900673023302
D,I,152.6697750028351,-120.33216068507859
D,S,156.53567725320727,-172.9813848947124
D,E,83.23020303345872,-121.944069055812
D,P,11.925428969030616,-99.27310150180328
D,M,135.9369849471659,-82.77246519585613
D,G,-175.0453548195224,-113.75696349745475
D,Y,139.08214624157768,-50.3366206794629
D,M,24.298447693068525,62.44767526172432
D,L,-53.16841458226856,75.28098640712824
D,F,-17.223272323355257,-91.93357421713704
D,N,145.7696552945174,-52.39529507381534
D,E,-15.824334998666377,87.40869437279291
D,R,18.36062354013902,57.30480960120999
D,M,-22.92745529038022,-68.78658383139242
D,L,-34.336809411036135,-56.26530381855614
D,E,-26.487383280531496,-74.53767641264095
D,S,-39.73539207576016,-66.81813600997036
D,Y,-46.848488054375075,-60.849365886955894
D,L,-40.0207523009644,-65.52575686254463
D,H,-43.6160198670068,-53.59778559103169
D,A,-18.435026312177005,-56.71968932992296
D,K,-19.867503724276897,-60.53654582794017
D,K,-23.380888168264555,-53.42008141688362
D,Y,-4.6407901341906435,-95.71413557613627
D,L,125.72888156121597,-80.94425512184452
D,K,149.5167270675939,-56.101580512113905
D,P,-50.579068197982856,-31.884791500869447
D,S,35.17766673717389,-115.60799701332309
D,G,164.0892207047676,-64.4482729110794
D,N,168.6811304451081,-108.36939979295896
D,M,132.856500508253,-139.61937170450796
D,F,101.26831610645495,-128.95104953624266
D,P,161.4656139054016,-75.1239031018713
D,T,-46.890409956786044,-97.72250864256849
D,I,157.69594977983235,-130.19201824607975
D,G,133.26346566775703,-128.92102657178572
D,D,125.7643784617367,-112.0270913927435
D,V,130.06681140949433,-97.01325013146187
D,H,138.65912349419645,-110.27330089373285
D,L,147.65529298677518,-133.84697449762876
D,A,140.8030125198547,-157.68172294773595
D,P,144.91808970027176,-66.04702017298257
D,F,157.51814609475355,-132.4325247956273
D,T,130.73934015682582,-113.1200482267248
D,D,85.30212190202836,-163.3335765030016
D,E,-36.33896352182548,-65.90223231101155
D,Q,-50.96885056804303,-58.67981488764474
D,L,-51.73291887627149,-56.66843300068787
D,Y,-48.856055711079215,-56.476098192455446
D,M,-34.84801631154739,-67.23516162452411
D,E,-49.59607993907972,-55.463396159097115
D,Q,-38.30923014669969,-72.18215582672093
D,F,-41.14057145460933,-58.8392393665855
D,T,-45.68957207838905,-63.54086563272322
D,K,-51.30934512940315,-56.41959667444463
D,A,-33.765072989637964,-59.74761282199607
D,N,-3.7507309076092064,-72.72465698129307
D,F,-36.649719799517165,-52.88465860013087
D,W,9.67074874320488,-85.14279340256068
D,Y,-23.505267727825995,-97.13721186066421
D,Q,122.78985855677843,-46.94229096584908
D,P,-2.6510546809340405,-82.52035114800036
D,S,48.03305490044158,-156.52021435642507
D,F,108.39725960842145,-64.19751173880653
D,H,39.33295389356001,47.68199669587509
D,G,5.723630496566631,85.19524393590092
D,V,127.5114148172936,-112.30163741305402
D,D,110.71296718431599,-74.73112083649924
D,L,-12.706634431645456,-95.41170126201845
D,S,-27.719724751900486,-55.509545798637305
D,A,-21.313731122015835,-58.32584490411292
D,L,5.417403991303791,-97.48663398457172
D,R,-36.8599868891746,-65.3756444915377
D,G,-44.416953788836494,-65.37133439442282
D,A,-36.00276285773461,-60.045340667481156
D,A,-41.70318546602841,-72.03171340601239
D,V,-49.26970040712608,-59.945001139126965
D,D,-53.98711649983017,-49.33466804018325
D,E,-51.15749450607844,-56.897004102195716
D,Y,-39.28253293460717,-67.97515237884657
D,F,-4.381613505807095,-79.14878877382705
D,R,-17.653255346870857,-75.47696629526487
D,Q,110.84459047351254,-83.88527080881927
D,P,145.44021829071536,-63.51926613495319
D,V,118.37919092196799,-97.77417271535452
D,V,109.5464960605051,-98.21623119636071
D,D,176.7397491345042,-173.03318157474612
D,T,171.3626364269669,-103.75509480848024
D,F,163.06219321318747,-158.5992326905846
D,D,129.33366700536513,-69.01767101761307
D,I,-18.43462470271469,-54.38996894113427
D,R,-18.82794793560761,-71.72482073134093
D,I,-14.322473586592684,-71.33837762565113
D,L,133.85492451672076,-75.53318947011054
D,M,-3.6050484665302154,-111.32755024690562
D,A,164.06075232695858,-157.69222361522753
D,K,137.20556963639882,-60.159943064895735
D,S,148.4357508690234,-59.43085004586871
D,V,141.90411196916338,-99.13409314724706
D,K,131.34994453225866,-112.8557847708882
D,Y,126.15092620069439,-113.02706425469394
D,T,131.4410934640444,-110.97352510303999
D,V,121.57002080463458,-109.93009809236044
D,N,109.11080388139106,-93.93144657586127
D,F,-26.218404399679148,-68.28714223797182
D,L,-25.795080570221465,-63.60728402991
D,E,-30.34054713758294,-113.68787870331406
D,A,146.345517535398,-63.46800764711578
D,K,144.9107930491823,-108.35868265226738
D,E,-54.531100050627344,-31.869131383900324
D,G,-25.103649386040004,-55.24294263972776
D,D,-17.941962932047726,-65.34856473087122
D,L,-5.683315603246285,-95.6794781055331
D,H,-36.5663585904097,-67.89689967196533
D,R,109.92290949609794,-141.85497407219674
D,I,116.70464846092219,-112.06984769303106
D,E,115.59750235378046,-110.24156504842033
D,I,92.66409994866413,-115.91202940592292
D,P,151.46096169140515,-70.61699777262929
D,F,151.5119814454667,-143.58244276110636
D,K,106.7541797997127,-144.12220561661718
D,F,130.769786364384,-98.37705022854685
D,H,111.24259579626562,-92.52736552002982
D,M,130.06626715446242,-70.41143688894044
D,L,-19.094935498562055,-98.81229653845212
D,H,144.18899644562032,-132.98407648783416
D,S,140.72700287977705,-77.891905673416
D,G,-172.94297218510638,158.87773765679023
D,L,131.68645806850682,-81.318985874721
D,V,108.12398638546819,-99.90364011155282
D,H,-11.901117822024224,-82.71825260569621
D,G,-164.85365486937678,162.3041956812258
D,L,133.57853355896887,-115.51899175190276
D,A,145.18307839258222,-91.74264670729029
D,F,137.7957164098982,-128.89156418459456
D,W,-178.52173754227542,-143.56530495298776
D,F,147.60313735329726,-149.96524445570745
D,D,146.14750836711417,-116.8013138949647
D,V,148.2644631929551,-120.39827727660816
D,A,137.93484262119065,-119.11840035436077
D,F,100.2466579382384,-102.44920362915492
D,I,92.13807739035857,-91.70382766495288
D,G,170.3937244828746,-102.3264952080474
D,S,-21.38305299536671,-70.5784044878486
D,I,-44.72588139876477,-99.43414899847363
D,M,163.6965951523397,-157.75868511288988
D,T,124.88096975190595,-98.86310605387006
D,V,132.83884617835756,-112.96011905021538
D,W,132.06358878302575,-103.62417230245102
D,L,119.96491004923674,-108.93097540549505
D,S,139.79004008133086,-114.72346549346659
D,T,20.862144629107043,-112.82941379414797
D,A,149.10525606813883,-60.58266324605653
D,P,-5.983021983859202,-72.18545904018688
D,T,-7.1872779966541565,-85.54265322954473
D,E,159.68214719192432,-114.46386722618242
D,P,136.75904275504524,-50.44045368949336
D,L,140.15847036723864,-55.48614894239432
D,T,173.30872158744762,-119.04476665320196
D,H,-8.194211203839243,-70.38549450877437
D,W,-17.267939798260127,-84.86838023239791
D,Y,-134.17746203220727,49.892936107668106
D,Q,168.96150538408617,-134.9695164258397
D,V,133.74621831898438,-124.9477051717743
D,R,131.36832161195275,-123.46584966470056
D,C,108.69212361758476,-103.93894488143843
D,L,144.96399878271123,-74.54321408227116
D,F,147.09172014144164,-83.52813592599915
D,Q,-24.345881007960266,-67.31647682204895
D,S,126.11028233520776,-141.67323251058832
D,P,155.71458648018913,-66.05191604940657
D,L,130.16483601081688,-104.1239426295495
D,F,130.23558737017154,-83.6833301567629
D,A,146.65977953600623,-138.49679969174608
D,K,150.58683369927743,-99.5576756692911
D,A,126.00477225777634,-46.12669977934766
D,G,-16.56600750874645,100.80216965882194
D,D,162.385972307029,-65.39258978662185
D,T,132.32256326138997,-118.66807074015874
D,L,115.49922995304371,-105.54324639844491
D,S,148.97252621818325,-117.54489301703586
D,G,-158.755486651826,170.00526680303287
D,T,134.06521072350316,-143.72297102986903
D,C,117.28168069803975,-104.79219407136269
D,L,119.77542649756481,-112.61691284050913
D,L,113.24383283300465,-107.2535300568825
D,I,121.50811707922048,-112.24198116640972
D,A,139.0061881088408,-68.93377972489495
D,N,-173.67425038989288,-117.19264980016729
D,K,-3.8620308471737452,-93.53217233356415
D,R,28.133863515144867,-99.15787201124132
D,Q,40.91783081163663,58.665008922171026
D,S,-150.04581880952614,-151.25022309739902
D,Y,139.80888490608078,-142.77603800718813
D,D,126.68270395388609,-86.24777464917345
D,I,124.49900753032213,-105.00061993877894
D,S,123.35532096052884,-114.50179715477066
D,I,119.04829916167628,-120.89915416748468
D,V,127.47873714559996,-118.16031067712944
D,A,145.04805553485807,-138.89788601321357
D,Q,140.18413383328166,-140.4579146587243
D,V,110.33533662551696,-87.58758711934705
D,D,-34.909748094689604,-58.618980000480356
D,Q,-19.47968293916304,-74.46388699011344
D,T,-12.954078401363454,-125.81811241534126
D,G,15.94216133629216,71.30229739378792
D,S,124.46651986785383,-71.41581818785541
D,K,141.28579941014772,-127.25229417715016
D,S,132.7588594351223,-133.31202388130356
D,S,129.54250374665907,-125.77981435718742
D,N,147.64298953512767,-141.85356197529586
D,L,117.87291791067136,-129.21413233011285
D,L,152.5665732593946,-119.87729209880325
D,D,95.05521329447923,-110.47521725529275
D,L,-24.612070264445773,-60.249119271094266
D,K,-35.58006388934412,-62.61160794483738
D,N,69.67466759827307,-113.93161094860008
D,P,162.66509140705315,-82.17523668290467
D,F,108.96105688184767,-92.54542035422514
D,F,84.08940959474039,-81.12748878413653
D,R,177.9654784456049,-75.52577443141483
D,Y,128.78472562578855,106.58618159412548
D,T,-85.47671810551822,65.2466570499657
