Chain,AA,PSI,PHI
A,H,30.440065599072366,60.81194904372603
A,M,151.60690156132506,-120.0032477958559
A,T,-19.830669157091528,-126.50563814076354
A,R,134.07478038606365,-104.44471748280547
A,Y,153.21550469925813,-134.4020254010442
A,D,-1.5378414997949716,-85.65848771561254
A,S,161.8012841816896,-171.49950145641284
A,L,-41.51440646364959,-63.5273338084099
A,L,-30.04781692988791,-65.98484130360133
A,Q,-19.720423325673316,-68.53855091171546
A,A,-0.3220722903052648,-86.71466276948452
A,L,137.54021250849317,-46.48896056305502
A,G,-154.5439873650327,72.82625558124079
A,N,45.486100798474375,46.196993866544666
A,T,155.83275037601823,-76.65268369378279
A,P,151.06156116062553,-70.31656464428093
A,L,119.04834563766563,-117.12601697451278
A,V,123.8642991075026,-120.89248725723884
A,G,144.12725889863722,-65.08806191734952
A,L,77.25142568891211,-109.53149466510135
A,Q,-32.5867812075319,-61.09354464845114
A,R,-38.64692986892169,-84.92139180861595
A,L,-23.25837235392498,-78.9834509514781
A,S,138.83718943211184,-57.70179255416158
A,P,-37.82972058567502,-55.51985565538146
A,R,103.41765264508648,-156.02240648777436
A,W,-48.153469346488414,-61.61633256355725
A,D,150.51828583499332,-113.57239535246272
A,D,129.44447809689646,-49.542428844516735
A,G,179.93631149692922,-128.11401906874858
A,R,-22.422177384435876,-60.60441939571532
A,D,-4.99918453250048,-87.4427840944707
A,G,-179.92252711522835,140.29901298172786
A,P,163.24799824519425,-75.48756659455587
A,H,156.30783624143,-62.00547391880067
A,V,97.00827325070051,-139.47839927256354
A,R,138.10291311506762,-103.50127037397098
A,L,137.57299891865463,-104.09918263631413
A,W,130.79831199504846,-127.07309097478586
A,A,125.88997163481741,-106.63715139034497
A,K,115.98891032976518,-92.41270237197624
A,L,82.78787631429374,-89.25278746522045
A,E,-2.6888159775715863,-78.98544336485847
A,D,-10.50871714750147,-71.11897752774524
A,R,57.448164776872815,-93.835092813592
A,N,159.58105268207774,-134.52819151883796
A,P,-50.142930251744986,-39.96313507834303
A,T,7.012471455039493,-107.09845134792857
A,G,20.72758627648861,91.67998605830178
A,S,165.95340415617787,-152.8571355647255
A,I,-22.817980755504653,-60.32894211703804
A,K,-12.812373170476189,-69.24973112015645
A,D,-28.964680879599285,-57.79718939179348
A,R,-58.37203774102666,-69.74762067115532
A,P,-32.24630075877045,-67.37302226353339
A,A,-48.09518919914946,-65.87723157561062
A,V,-45.05843106828011,-61.676388402624085
A,R,-45.668620005006076,-62.13881667318174
A,M,-45.94582453229408,-59.38495564826771
A,I,-47.204232708529275,-61.8709062912059
A,E,-39.00154622664401,-66.54898575314249
A,Q,-46.95623056328284,-59.923808175110544
A,A,-37.78678820947357,-63.190714122955015
A,E,-45.26252649121269,-64.22844621172602
A,A,-38.909688584658994,-59.41462296069176
A,D,-11.24270239004958,-69.91820637971645
A,G,16.334979685202285,76.7497752914629
A,L,-28.453972244790844,-81.68567473349263
A,L,119.44981240804567,-112.74333420298983
A,R,164.39248634002695,-129.95995532345046
A,P,136.98033409529015,-50.00341357242362
A,G,0.7706426497851673,77.88575942763448
A,A,152.72325362787205,-58.80455634362309
A,T,128.28305470252832,-101.1262087776326
A,I,133.01198953959744,-102.59099342725779
A,L,129.7513706313214,-120.57988115618824
A,E,132.66849964209453,-147.25948960224946
A,P,135.94241228393557,-81.30284167054836
A,T,155.1852955307964,-155.00314752224705
A,S,5.081234842883375,-98.01754640154931
A,G,-56.879389957194405,137.7228380393795
A,N,-46.55621318492911,-61.83062319185537
A,T,-44.127322434556625,-61.892583446974875
A,G,-42.64609882519567,-61.0448316270312
A,I,-43.396412387263716,-61.552301486512775
A,S,-44.464535598952686,-64.17373015050948
A,L,-34.09630833610732,-65.56670912581195
A,A,-40.92025684339268,-65.59048512110988
A,M,-51.77457100031608,-63.66583206997041
A,A,-35.99369988442262,-65.90752814030675
A,A,-36.489458812719676,-70.29533943976367
A,R,-41.09817263446045,-61.587528566751786
A,L,-28.647800366014156,-77.60432811456873
A,K,-4.763724809570292,-96.89656591474646
A,G,33.7758541286621,77.84739669415345
A,Y,149.98960377803473,-105.25333734572715
A,R,145.15822580102923,-86.6204507483255
A,L,131.74016707276783,-128.77523515023287
A,I,120.35987581469965,-118.01775820489286
A,C,137.12306668342856,-106.94151692866028
A,V,119.63502796332342,-103.27209741387861
A,M,138.50173195987688,-137.29626129731983
A,P,142.96329147576364,-61.50162490526297
A,E,-23.524987263186535,-62.506145789173175
A,N,50.8647724817746,-97.8152767341983
A,T,164.39197251184663,-114.52918995383303
A,S,146.24092717615605,-70.35725759373207
A,V,-33.00682626894504,-57.059288720777204
A,E,-34.38597531145035,-58.8604111911088
A,R,-45.56538840821536,-62.15921072673561
A,R,-30.136280806778036,-72.37635021988919
A,Q,-41.98520588384908,-59.02747649615407
A,L,-39.79270949495246,-72.84542250936323
A,L,-45.40875639699592,-59.167829790215364
A,E,-42.44945819424984,-64.11054007506912
A,L,-40.977887008738,-57.679030678196156
A,Y,-4.550946524333791,-81.1288712952266
A,G,25.799544177408904,84.18244016574215
A,A,144.067843537641,-84.24080899210199
A,Q,141.15621461062682,-80.04347800714474
A,I,129.93351843808995,-112.09201564921824
A,I,108.11639552185827,-102.27566669735026
A,F,123.68699356829009,-80.61945809578864
A,S,156.89120205023593,-96.9374865443502
A,A,146.47622952262057,-59.84631147128233
A,A,-35.81173772615473,-64.01483132978093
A,E,126.18179432823824,-65.58688876136159
A,G,-7.738007882617797,92.30435207810532
A,G,-134.47629871291468,52.71855685460825
A,S,-20.88450062624957,-65.61040158079653
A,N,-41.6655253295547,-60.242738928851075
A,T,-41.30568283658613,-70.81630381634648
A,A,-43.939390842707574,-62.51769452282785
A,V,-45.86394509210282,-61.044121482620604
A,A,-41.742865584888456,-61.743726342235014
A,T,-47.5397032538598,-64.65497779436443
A,A,-45.209608010878526,-59.066864054465164
A,K,-36.732991936041245,-60.77340732266522
A,E,-46.81720577685921,-65.94195985151093
A,L,-40.01869964439019,-62.40417307871221
A,A,-42.36446004468376,-60.41290562389483
A,A,-37.96400566032069,-66.5584542467513
A,T,-31.40005927508931,-71.60958219224173
A,N,73.39992628458054,-125.97608712258092
A,P,-18.802199210233216,-62.74428062632711
A,S,-19.348021708737345,-72.0477025372288
A,W,158.72719625014142,-74.2690181506116
A,V,110.72686951612265,-106.7347432781036
A,M,105.55514607466448,-98.87366155407459
A,L,-36.12260921433716,-64.60519669455036
A,Y,79.30637793566696,67.9730538644407
A,Q,-20.621012243900015,-64.25228768533935
A,Y,-13.009024510924961,-78.08222546579435
A,G,-10.29719936408811,-133.8123305178532
A,N,117.01633016752446,-82.24809278997384
A,P,-14.377267085082853,-63.7952523886652
A,A,-28.71118684227997,-64.02608087625151
A,N,-57.74746752518912,-57.80861786488637
A,T,-44.553418845931304,-57.665442859799825
A,D,-39.28721517832671,-50.60855784164694
A,S,-30.226831668384506,-62.70838536718133
A,H,-38.09718289250614,-88.3567446295642
A,Y,-36.84083077130615,-65.01927808803673
A,C,-11.928115092873448,-93.58191081267383
A,G,-76.74603715748617,-120.44231330284153
A,T,-47.58141014589405,-57.65453795482557
A,G,-58.200457297452246,-61.72034943995034
A,P,-41.85130188823737,-53.2799574132606
A,E,-42.136704184963534,-67.13161871989865
A,L,-43.711123236059514,-60.77970225321261
A,L,-41.64592086695162,-68.12334908686091
A,A,-38.921549586464856,-59.00350828925464
A,D,-24.729674183880135,-83.84431948785571
A,L,63.29126208594048,-139.00381619334
A,P,-16.768301375483,-62.35618057532219
A,E,5.573860830553692,-84.47690938198991
A,I,136.0747151496555,-53.40933646557026
A,T,-27.527133036065642,-113.66147716096171
A,H,149.2434457392108,-145.68762142161611
A,F,127.11202876070841,-125.68386407898443
A,V,131.03910721738106,-118.5113493716576
A,A,173.71351821475702,-149.29864793895896
A,G,177.53749994411473,-74.48901202925767
A,L,102.87418428031245,-143.95462017131905
A,G,-86.250800058156,-128.52448879521182
A,T,-18.405562158242084,-73.54769891870762
A,T,-2.1013153522740704,78.09528276871222
A,G,-41.96316301084056,-56.10155965538726
A,T,-54.19043922281745,-63.85567767919014
A,L,-33.45316152676214,-70.47012334701948
A,M,-44.87766994995487,-72.69691877347867
A,G,-47.7445381199503,-77.68674022890134
A,T,-40.77670695002307,-65.05278846777134
A,G,-39.42362104618932,-69.88818338274648
A,R,-45.52672499235842,-63.358053297452386
A,F,-50.9452579080378,-57.4725413977227
A,L,-44.276140301332795,-64.7770306624895
A,R,-36.61591173267828,-61.543218678340295
A,E,-31.34509437133264,-71.62758006260087
A,H,-4.6109668114256035,-107.60655689205736
A,V,104.7666873287748,-135.62142355359475
A,A,130.44618190821538,-43.529102979056056
A,N,9.75902366373188,68.22275281508318
A,V,148.94584389472473,-69.2278518529841
A,K,144.37028945980398,-117.39947028655504
A,I,123.11486984742876,-118.65244918857559
A,V,131.05245631911336,-125.41014674920159
A,A,144.15015303329395,-96.69778429612246
A,A,104.17301029439115,-126.71526755720465
A,E,129.73494070309602,-98.88314685733857
A,P,151.56249755773834,-63.27269588138496
A,R,115.27817526771669,-117.3133617180068
A,Y,173.1539420865681,-88.92866581223575
A,G,167.32684875806746,-64.4992997047232
A,E,-33.846774219825996,-60.65087027535764
A,G,-32.48000961599426,-62.81705994276881
A,V,-31.63774971601862,-62.330689255280305
A,Y,5.794445312897222,-95.9374141811559
A,A,64.95511123398227,-81.58754733452018
A,L,160.41144197387007,-72.61645749791785
A,R,-20.840369506172035,-86.38944875784084
A,N,143.7829187258567,-144.53164012804038
A,M,-26.113958119061863,-63.37110190858565
A,D,-11.38049556470592,-68.99497964822208
A,E,1.6306418676249634,-83.0816568385534
A,G,160.65961155667736,-61.68813731472388
A,F,131.72488929010632,-153.97656431618574
A,V,122.22330794485767,-120.55246661131157
A,P,143.06213425921703,-53.33693708762249
A,E,-22.2133014662377,-62.253062652724374
A,L,-21.71607511521506,-67.83001354834677
A,Y,134.68837868691236,-75.86477187426169
A,D,107.55451889117138,-132.3715591731305
A,P,-20.03512251975964,-65.3453059758789
A,E,-17.86777090326908,-60.29026842167161
A,I,-30.003687439130758,-77.77396523277842
A,L,146.7493413784175,-84.2846340003462
A,T,-35.29730032766877,-92.46040726312967
A,A,163.8806728630431,-154.46278489813704
A,R,121.95161260603872,-144.77793442672524
A,Y,143.66980169429382,-112.46619756291174
A,S,121.18004496673846,-105.46361113610209
A,V,119.98454372979796,-120.99584276652992
A,G,171.3887232591937,-77.49896314148084
A,A,-38.926209321818575,-61.22630616221066
A,V,-41.409678791712366,-67.59140685585544
A,D,-42.18644011198492,-65.12090906064128
A,A,-43.43590369461692,-64.87760187177977
A,V,-41.36505720229634,-64.16972224026307
A,R,-48.991671571153915,-56.53762075515731
A,R,-35.006468071298926,-70.88207838260591
A,T,-45.01015552019344,-60.52822659064662
A,R,-42.1338844163902,-64.01629473024114
A,E,-36.94272545415005,-58.16145979055809
A,L,-43.12098543195254,-68.04055828794166
A,V,-36.650983081206995,-74.27670793102824
A,H,-37.207175913419796,-65.47126571727351
A,T,-38.6438299063907,-96.94256347682901
A,E,-2.2846869600935302,-118.06369372342422
A,G,4.673781029449677,82.75463704852564
A,I,125.69627472696426,-98.63922859000176
A,F,95.92700087783108,-104.18600476513481
A,A,163.92615967024872,-113.70029945205778
A,G,169.07623697083054,-66.33163156976713
A,I,-26.76399899779593,-72.83992509659811
A,S,-28.398745708543306,-64.51719821235491
A,T,-36.4124277706406,-67.14763426760243
A,G,-37.74362890800216,-62.38640853150161
A,A,-41.64575214093151,-68.24776206980647
A,V,-45.810719059033396,-58.05951539607686
A,L,-40.049723093552025,-65.06251437456952
A,H,-46.65006947698588,-61.12575671910919
A,A,-47.779836709811114,-61.01096772329773
A,A,-38.50288286281013,-61.960900625667655
A,L,-37.14680726307966,-64.85237155081988
A,G,-47.147308859012035,-60.69388015597587
A,V,-47.42040161175397,-62.819992130704925
A,G,-46.143046488016886,-54.186305801889695
A,A,-40.90030202633255,-60.99071287137307
A,G,-49.11088795002714,-59.462245750231595
A,A,-40.23174604384475,-62.230538149217274
A,L,-44.553802905625666,-65.13092624548608
A,A,-35.5569945876306,-63.414958208025155
A,A,-2.7141491559428235,-81.73589669843665
A,G,34.98978901843421,59.04956882097764
A,E,141.01917889159736,-103.06813337394289
A,R,139.8656688094144,-73.53331369541797
A,A,146.51275271016382,-142.4318318691385
A,D,102.8790773873736,-133.2917019181655
A,I,113.92247755473869,-108.63950677170011
A,A,136.77344164158697,-96.39882745465162
A,L,144.66551053628683,-134.43299418457636
A,V,131.58179240005202,-84.9485596281826
A,V,97.16384054547805,-102.42911090792722
A,A,-30.66218669926148,-73.561580389181
A,D,166.58105683816484,-159.3677641480358
A,A,174.5732669116772,-85.7784984095751
A,G,-14.036769259850479,-71.37415971292322
A,W,-42.09983708284641,-55.86590709544699
A,K,7.299667558657408,-76.80062395774938
A,Y,2.8261003644022566,-120.07807074014931
A,L,-38.9779635438953,-63.167352982848065
A,S,-21.118869257242665,-62.720916325949695
A,T,-19.351932873372906,-69.16766954904759
A,G,-10.30003772555788,91.92950487671658
A,A,-19.803850557103914,-66.21659255663187
A,Y,5.028495543661952,-93.79686114283744
A,A,169.59421071721775,-133.85484869944224
A,G,-169.83335687316682,72.08575307872773
A,S,146.38930714448153,-79.86229965896123
A,L,-40.50527492227839,-46.37697922733441
A,D,150.24892256493692,-77.06139554822064
A,D,-27.573631216425422,87.61247492154433
A,A,-41.17114066399734,-69.14094642159851
A,E,-50.91446621412497,-54.55174134156528
A,T,-40.874128922162775,-63.628742351651006
A,A,-38.86991741870012,-55.531994921842625
A,L,-4.8833493172538045,-92.52083103790812
A,E,-43.418733978539876,-53.529711500367966
A,G,9.102251584875297,-89.2898127613569
A,Q,152.23187848222184,-119.60829054975923
A,L,149.32153074951108,-85.85707666193144
A,W,21.04498824346952,-139.7810946507657
B,H,21.083418037187155,58.9325211156634
B,M,155.95128798220176,-105.0026954262586
B,T,-26.991933998371756,-128.84896913001418
B,R,139.2266268248338,-113.10213740803107
B,Y,142.44239614889378,-138.69116164305998
B,D,-7.837249761110141,-80.96231422146043
B,S,161.26640981970473,-160.37185391583256
B,L,-39.076349993217285,-59.1654996043362
B,L,-31.561206538902734,-61.641784005019296
B,Q,-14.22796668126513,-70.84355081230704
B,A,7.195009899380325,-91.72668904849871
B,L,136.9799583462984,-60.34092658248444
B,G,-157.04322116560735,75.50093315227005
B,N,48.46733754071829,47.89164420178847
B,T,155.03662196514492,-86.22882746500804
B,P,149.97146463339274,-69.79958827269424
B,L,121.14863103151849,-114.62261185425749
B,V,127.28383475614193,-119.60252579001927
B,G,142.95193760260247,-70.96102949792707
B,L,80.27317674191012,-106.78630960933558
B,Q,-27.312713275782418,-63.819065281850115
B,R,-37.406048036928766,-91.93084676374475
B,L,-22.32389670721093,-79.45118896024307
B,S,137.42815965252564,-60.853604716293695
B,P,-37.347080837378556,-54.98352943462617
B,R,97.78946976935067,-155.6235734304036
B,W,-41.42238896024277,-67.31101441305778
B,D,133.04164528873466,-95.33548667307397
B,D,145.24687392648866,-66.51395923647273
B,G,-159.889032304319,-168.64027999133964
B,R,-29.72101596258774,-59.97055423406903
B,D,-3.716020386486774,-85.37357770306022
B,G,-176.14635368649527,130.72691028807537
B,P,161.4380260392979,-70.84939238470044
B,H,152.12118151253614,-65.42655284247823
B,V,103.78786223063908,-130.45718746314873
B,R,140.4431301719814,-114.09349779615486
B,L,138.47469643223195,-104.94504392819618
B,W,127.79835647260992,-129.37547628133396
B,A,123.85725053908654,-100.03471883729709
B,K,113.86987078190978,-93.44084585533881
B,L,82.47031342783049,-91.549833267684
B,E,-7.486264270414285,-78.09436823556888
B,D,-9.240279010540547,-70.9710317197939
B,R,-7.632337521840705,-78.19176718951906
B,N,162.81232956180384,-65.51549989820441
B,P,-50.38962604128782,-41.58592853982812
B,T,6.0346515460273125,-100.09277117476509
B,G,20.882419213320293,87.23079774461006
B,S,167.66087846472013,-150.09058064034846
B,I,-19.06535439424937,-61.18936352141862
B,K,-12.831220871142637,-70.54307532826492
B,D,-34.150734608370485,-58.42021013898315
B,R,-60.20002459294981,-65.20391873158964
B,P,-33.76898464360509,-63.989901867804576
B,A,-47.517510813980564,-62.6711852034569
B,V,-43.77826989543261,-60.97109621981687
B,R,-42.15221865388204,-68.55967844212644
B,M,-44.47944243825073,-60.33253112433874
B,I,-50.14589413437966,-64.07668560143323
B,E,-33.515569431380435,-60.06168840682068
B,Q,-44.43033165201362,-71.06897326180655
B,A,-36.79190341509745,-61.36304778015194
B,E,-52.50479404601057,-61.958068540115924
B,A,-36.188272592455384,-55.74529002033392
B,D,11.479559587052062,-86.95664970774403
B,G,15.088674109898312,61.953405426642405
B,L,-25.802997305545677,-80.98910646485425
B,L,122.57557505080361,-116.12615278753837
B,R,159.66732452735496,-120.22542576317919
B,P,129.24700586111084,-43.65807216618295
B,G,5.445912689871337,77.28012823279711
B,A,158.7683885280754,-60.15980247484243
B,T,126.57115695117344,-97.68249394807951
B,I,137.01507919607587,-98.70913825732242
B,L,132.34306771493587,-120.10846542893582
B,E,117.36568999420076,-143.01190839775217
B,P,46.78026856766838,-82.74470274327146
B,T,150.90349383631286,-126.9314166614183
B,S,10.292850935662374,-128.03674141277676
B,G,-148.2654772686823,-112.97862636492023
B,N,-40.88478530850557,-59.158180408989935
B,T,-39.779851362432424,-65.42033227384539
B,G,-46.307165969750095,-54.72138864208696
B,I,-46.59807864984773,-65.4557978003564
B,S,-44.1043133575244,-61.162562974793666
B,L,-36.37563199209212,-65.55935576387594
B,A,-46.52626168445978,-61.267752736913145
B,M,-47.22981370734515,-61.962333605467315
B,A,-41.84339520661179,-68.0161684353181
B,A,-42.364310566530605,-61.13576949703067
B,R,-46.49208770020612,-60.009067283795446
B,L,-22.889763594531434,-73.32875506029463
B,K,-6.949088095739083,-99.25041126868875
B,G,15.404813924426378,94.35288789536426
B,Y,158.07760843497795,-95.34801319384918
B,R,145.15199285230014,-93.929984334397
B,L,129.067410865049,-125.37809028679791
B,I,126.40863145496083,-115.36578996420397
B,C,132.43296422362943,-113.25559473217844
B,V,128.91699685137655,-110.89749268942131
B,M,150.34383578847581,-151.7855725110179
B,P,145.94478965753913,-49.53367406039638
B,E,-15.774980206249733,-71.23257444263666
B,N,17.9914248118907,-99.92623414222935
B,T,138.62604870417732,-61.48820238668696
B,S,145.4338174527283,-53.279747143933264
B,V,-35.44299789203952,-60.94568707423651
B,E,-41.771105655817074,-63.43764369383311
B,R,-46.20249956101001,-63.60456225504271
B,R,-45.9388817275597,-58.99679627768933
B,Q,-29.652461685984214,-68.37286052977237
B,L,-44.35643698575117,-69.40427999515896
B,L,-44.857523988382454,-56.267473126889975
B,E,-36.32047517274898,-65.9261885086292
B,L,-34.14050448509784,-61.35332050485224
B,Y,-8.751354112292782,-82.84680979200681
B,G,1.3441069080677002,117.18417395721778
B,A,142.71605127343523,-70.94441972032102
B,Q,140.74295927199,-98.94509975448815
B,I,137.9600064078918,-107.67567997319281
B,I,123.6261468455272,-121.55981043031687
B,F,143.1685323630111,-84.62465302551783
B,S,169.16454273557866,-116.17410078779754
B,A,127.43526876029529,-58.889752977442846
B,A,87.59156651501539,-59.49596590538911
B,N,86.57653506136253,-2.05270708860938
B,T,-44.33354510960558,178.22046037650924
B,A,-44.21291280620239,-63.76408079979434
B,V,-41.904829981910126,-61.73660902680597
B,A,-40.11727584518724,-62.14212363240844
B,T,-43.163061649389,-69.02700179527615
B,A,-44.90507899894272,-55.133876212989975
B,K,-43.87609341730802,-61.68300208192393
B,E,-42.01404073651814,-60.275979540438954
B,L,-31.924749671881195,-61.60049793570849
B,A,-49.16496887293186,-64.74694879964078
B,A,-73.02792264612025,-50.01938199032892
B,T,-11.197468411437946,-56.09444251162896
B,N,142.04453332969385,-124.91619562522459
B,P,97.40083452630216,-75.9114056291403
B,S,40.616184136584955,51.8596777513956
B,W,142.73893308019208,-66.35672255731683
B,V,119.55476625105051,-104.62208500957385
B,M,143.29577179314282,-92.88603670952197
B,L,-23.606930659175607,-110.79891559816255
B,Y,86.14709044307573,47.86401327801996
B,Q,-29.29233836293402,-59.9914541801389
B,Y,-52.94851463577825,-67.57650028308443
B,G,1.8914780915271818,-84.22620255625235
B,N,119.3525580010509,-74.98865397361833
B,P,-25.688966479841607,-63.080953881170814
B,A,-25.422729024169147,-71.50390658512862
B,N,-59.19972142002509,-64.37583318242132
B,T,-43.66383835745378,-58.633062087896384
B,D,-29.526187745537875,-58.19495652631371
B,S,-33.77112424369391,-66.23628074847696
B,H,-33.63803277894506,-81.78136673962176
B,Y,-37.426604823795486,-63.27245055845065
B,C,-16.21592069527876,-95.57865495203372
B,G,-78.54832509989089,-116.78609040185145
B,T,-48.76314922743994,-57.44127834910071
B,G,-57.08552817672243,-59.281506923383205
B,P,-38.72987392623203,-55.42976291673918
B,E,-42.026219711027245,-64.36299886786092
B,L,-43.84683410093636,-63.33071358001291
B,L,-40.01873401962074,-63.90500712871954
B,A,-41.05559069959096,-63.477761358690586
B,D,-26.753355544202837,-84.18578087543925
B,L,63.07211733150519,-137.19254631449564
B,P,-22.44881979314945,-58.075666986897836
B,E,5.05727486558437,-84.00160979160857
B,I,134.36360445848456,-49.067061003642024
B,T,-25.214930584614915,-113.7867459298431
B,H,145.6709874711014,-146.38829987608136
B,F,128.06083010039865,-125.59678719624439
B,V,127.73116778999164,-122.20986673949875
B,A,165.16061961167534,-148.26333014922375
B,G,167.29051555868944,-73.42927115229057
B,L,98.44965955160646,-127.60291210662587
B,G,-96.15542822258459,-123.98184336108619
B,T,-15.730308047400634,-69.66055640475518
B,T,-2.0425558368494117,76.91083295302288
B,G,-42.5169471963108,-60.77287082093148
B,T,-52.35160020575696,-58.28201804218032
B,L,-42.40688825293845,-67.91509802728838
B,M,-49.78311173510395,-66.08561764686353
B,G,-50.716653570308196,-69.95702937845742
B,T,-37.775430756454725,-68.07376157663353
B,G,-42.67673462129971,-64.71445637998347
B,R,-46.140684249627924,-61.60926469393184
B,F,-46.85202169249375,-61.62255527268937
B,L,-40.48188014397332,-65.42101594558274
B,R,-29.85117633645125,-65.90832447552424
B,E,-22.286669309189204,-70.99749768206706
B,H,-15.603955716105206,-118.55951743554043
B,V,105.11150099949477,-129.78946470418273
B,A,127.75658335136447,-50.47022600710409
B,N,11.564988616657264,68.01121433588162
B,V,145.94372709381292,-58.86731308190041
B,K,134.01442787023416,-112.03375113478423
B,I,125.6996398057822,-111.93517251550074
B,V,130.581676991769,-128.45957150679848
B,A,142.41751165795242,-98.2501190408752
B,A,113.00569992635897,-119.67631074602139
B,E,119.30068376626564,-113.96095837484334
B,P,129.84538061664188,-59.716070987804926
B,R,54.354241962034315,-95.98078183376971
B,Y,165.56666241898438,-163.54759654366774
B,G,-161.83688403950728,99.20653506786326
B,E,-43.22262652955471,-71.2351421863333
B,G,47.14476269484266,80.49909787875998
B,V,-51.17684274538466,-55.31669756883534
B,Y,6.144045325908427,-105.54129027461745
B,A,-43.81937950454976,-64.14616604778344
B,L,-44.6966745074995,-65.98751724255078
B,R,-46.602303766144786,-54.09912700664339
B,N,-6.4942713358746635,-76.71220182210993
B,M,-7.8702632955754925,-84.48882429149623
B,D,112.95568048922811,-113.54680508407577
B,E,-21.18935885755366,-60.61046216708692
B,G,-29.61874064589564,-63.947754824688644
B,F,-37.06676353958405,-90.79077107884623
B,V,63.03618281284939,-136.07788482249504
B,P,-33.57500557235142,-56.88792433831865
B,E,-28.558061724496824,-64.03378360245912
B,L,-21.286803138927098,-63.54939470961241
B,Y,12.732772550548018,-109.21234222498215
B,D,113.40035882961374,-98.71639133146007
B,P,-16.394415765528308,-61.27248097619507
B,E,-8.514003186137218,-86.85650364382022
B,I,-47.21854635106229,-106.86290020970375
B,L,115.73346544496646,-120.04127240918012
B,T,-44.371622978710235,-69.98473661667387
B,A,161.3114882666798,-158.2082636498094
B,R,128.4853254301417,-135.07003711999496
B,Y,130.73638034890448,-100.6993897029743
B,S,116.91471489062772,-100.65420579140974
B,V,121.97729082299902,-116.22809055846825
B,G,165.50097686714665,-74.42860708283554
B,A,-40.174089469143674,-61.98914722234408
B,V,-42.87815933460559,-63.6381045702662
B,D,-40.9469078451715,-67.27629402967892
B,A,-43.0396657048786,-60.62056684279994
B,V,-47.599357602750345,-63.40028386611906
B,R,-39.89977809379433,-57.977027218266834
B,R,-36.01969638318484,-73.54000863972793
B,T,-34.4146680848647,-70.63330906221051
B,R,-40.587927919767175,-62.58012417303656
B,E,-39.35038053467424,-62.13381217957516
B,L,-37.43179106658705,-69.15305960464123
B,V,-36.49051938663273,-74.10021943289331
B,H,-33.40379010322997,-76.35363840010844
B,T,-34.61608606208555,-90.9848412779511
B,E,-5.92080037695399,-123.01492211208311
B,G,-0.8165309061285968,80.66273870774695
B,I,121.33952301005132,-87.76025741610997
B,F,88.72455550644668,-99.54638225288295
B,A,157.86480100630487,-94.11207538854124
B,G,173.24681205725898,-72.72213744224243
B,I,-30.280095295308453,-67.06901446311538
B,S,-25.978177202714413,-67.77336460187239
B,T,-25.64515498765405,-68.22166441651783
B,G,-38.48861669685982,-60.37917152979012
B,A,-43.19903695696005,-67.35532978004072
B,V,-44.84489059022594,-61.21669467940609
B,L,-37.41215318328094,-68.63464361625229
B,H,-47.62625213588299,-59.1518735529059
B,A,-46.44447224731067,-59.939514879015555
B,A,-34.65440521507816,-63.775930120719686
B,L,-34.11887941022176,-68.85445738669917
B,G,-47.32181666610781,-64.95665486410444
B,V,-42.88329877812156,-62.15047771224416
B,G,-42.03350080896455,-66.33267064197972
B,A,-39.25038791418127,-58.61624557293095
B,G,-46.95181884092727,-62.486480518188976
B,A,-39.11411931553988,-66.75701079350178
B,L,-47.461809575206544,-62.32309499561852
B,A,-23.191753916988617,-65.69890347950083
B,A,-2.3466836818091408,-91.90417715385809
B,G,26.782297633065067,68.82061044550326
B,E,150.81515692336927,-104.92798798396998
B,R,134.02128682324454,-76.09605061256713
B,A,143.9724181248178,-137.87920570916538
B,D,100.13683452514321,-133.98597352747421
B,I,114.12185450261936,-105.54991809608065
B,A,131.6727960743201,-91.93571903112803
B,L,143.61108357866718,-129.06355112981603
B,V,131.63928148333545,-86.3605350284749
B,V,97.1273956680599,-102.2735990289593
B,A,-26.468304166251325,-76.00704675518844
B,D,167.95744583868057,-155.15011138475472
B,A,174.58700292733013,-94.05867815653663
B,G,-13.831311521399261,-70.35037201980862
B,W,-46.72974799541556,-55.63634535099585
B,K,-9.996385563949158,-73.68593436392459
B,Y,-3.9567712703317226,-96.89480874285759
B,L,-26.855143804428145,-61.40920965038343
B,S,1.9087126431200854,-93.18779144939745
B,T,-3.4420136317886882,-99.01258973621638
B,G,-3.9750640954247576,91.90804526102784
B,A,-23.8392348612977,-63.92619877588863
B,Y,21.534281139784934,-98.2977325159774
B,A,156.2000041718045,-54.066051623980314
B,G,-48.35288614007269,-65.50366126621148
B,S,117.24490503092173,-73.88083420490315
B,L,-33.420390203483095,-50.118362400263834
B,D,-46.287114700388834,-61.22107233650171
B,D,-37.870722506236135,-69.60834213087688
B,A,-43.845408309452694,-58.99877747565572
B,E,-53.68945212043498,-52.44449088733528
B,T,-41.679114214396016,-55.18273558008744
B,A,-46.79195122113816,-62.95833849464728
B,L,-36.75224628464057,-67.30936276880205
B,E,-35.10006691534683,-63.72851898246848
B,G,17.76419683757956,-89.3786367106508
B,Q,163.58204917639338,-144.24461422376334
B,L,136.93115245791356,-79.36439013131104
B,W,8.321890537741663,-103.23545758348112
C,V,159.30165585329536,-131.19882049510562
C,T,125.12521543081955,-106.84816711723693
C,V,122.93522273781802,-110.52308193319881
C,S,125.83882119796131,-89.63992255642015
C,I,121.13836343915152,-106.44602407619564
C,P,160.6462973297719,-70.24674586507096
C,T,-40.71812158433346,-54.08093140209693
C,I,-24.374891151909775,-61.386439374657385
C,L,-1.4323952285408714,-102.55539170824063
C,R,-20.45399458067642,-67.49881176124006
C,P,-17.487248944077226,-61.805286418480385
C,H,-19.334657710473138,-85.25911055641043
C,T,26.731140906235574,-112.30722868539496
C,G,28.765364408640618,60.084022057763356
C,G,0.47650145626810875,82.73023214953805
C,Q,136.75930575197933,-78.3705530007188
C,K,-18.344703647217468,-90.04261282650889
C,S,127.16910112311908,-144.47311377643288
C,V,154.27940814873514,-135.2848138604179
C,S,152.55380573182052,-85.62752002089971
C,A,162.47538926967397,-150.86002033830786
C,S,148.47161727988868,-129.36624787715695
C,G,152.18648488577813,157.9840762715581
C,D,2.100105971446935,-98.7700571967662
C,T,161.30698506395328,-139.33770466443823
C,L,-43.92624699104351,-52.293210801804385
C,G,-37.24700644448957,-59.17967159223827
C,A,-39.674921527728564,-66.60816433764201
C,V,-40.907245435326494,-66.55876985047335
C,I,-37.40500748850666,-61.84509000538766
C,S,-42.62668121970487,-64.82820402801248
C,D,-41.16604080361614,-66.39276734160684
C,L,-46.616620368605396,-60.717872719261194
C,E,-39.65531495380956,-57.39570432451514
C,A,-37.40757693135441,-59.68873047836034
C,N,-21.85582941878993,-95.05901677191038
C,Y,72.59142362312896,-139.11620024424073
C,S,133.54032762018545,-46.52528440323526
C,G,-9.86754364847921,94.37504617102728
C,I,-40.69931313037942,-71.61318477346353
C,S,-39.06284931747517,-63.16810075587198
C,E,-31.330841542769694,-58.431035834067615
C,R,-23.697921217438743,-70.86613430409469
C,L,-23.622737612273397,-86.72445945827344
C,M,155.17688751125647,-100.54656130872365
C,D,117.23328209571417,-76.06604252611436
C,P,-22.629951133550914,-63.05235991139582
C,S,-19.813573431714257,-101.34854953643485
C,S,77.42648604252713,-126.04162752541582
C,P,145.67596536120726,-56.72731409292858
C,G,-8.370583713728928,91.68587352687179
C,K,150.9676622593352,-116.02805272309905
C,L,150.21178380007444,-63.58834737116136
C,H,138.4480372161441,-59.31416469122752
C,R,-31.48648038948065,-52.22988946311245
C,F,17.733904067514835,-104.92788798360239
C,V,135.56449344842724,-112.87118605171126
C,N,134.72459091315088,-117.58509842536272
C,I,137.96558248775335,-128.50907639540168
C,Y,137.3452347481837,-127.33930926733696
C,V,122.76663949654801,-111.92438437248195
C,N,44.90243208621132,43.38474887404194
C,D,3.443181390243542,77.46073473039533
C,E,125.59064292084021,-105.74720104295218
C,D,118.09191094368151,-61.841619600679515
C,V,-21.24264937445609,-58.84496591363272
C,R,-15.08512573414219,-61.09923658007712
C,F,8.083601532904929,-113.23568802026634
C,S,15.578255261383509,-133.78999994384012
C,G,5.901292945521768,112.56160482902492
C,G,-131.92005016728885,65.42734577375563
C,L,-19.66047021444305,-65.74202651048525
C,A,-0.541156454886252,-80.48395460487455
C,T,128.30772277271882,-57.465923299999176
C,A,143.90958343307423,-69.12674270885813
C,I,136.48150238641205,-130.30163581439402
C,A,158.54035589497008,-118.8433876264607
C,D,136.76976989093797,-49.73206079052804
C,G,-6.212305499822133,86.14499241808957
C,D,157.17562189005605,-69.63207742257407
C,S,140.3644993517833,-106.43790523951827
C,V,128.2947303929566,-121.26677575450623
C,T,126.52165059878479,-118.29905104091453
C,I,128.21886802103296,-112.17895836331358
C,L,141.49798392568806,-141.77832786369794
C,P,156.79094779477498,-72.25753233230645
C,A,109.63366645885004,-72.63625592401048
C,V,118.69339991998369,-125.99713924161433
C,A,127.63903985000412,-55.56709818488402
C,G,-18.26466881487042,89.78810811053718
