Chain,AA,PSI,PHI
A,K,131.7534567193005,-50.34281105586891
A,F,138.03796704692513,-73.58091381843354
A,L,132.35158167465136,-89.80169971918552
A,V,110.57833601784124,-117.6096725211873
A,I,120.16472475755162,-93.06727080021562
A,A,154.4995663906317,-148.7365904141658
A,G,176.02784302337923,158.35836577939298
A,P,142.54677698420204,-75.3108758129659
A,C,-51.00028454729115,-48.16080358715352
A,A,151.93881998712948,-121.9188295202631
A,I,80.86008685062593,-80.2120703650828
A,E,-33.106045840629875,-68.64525095305407
A,S,160.27805420333632,-166.7744710487526
A,E,-38.44467922270454,-57.7449444025868
A,E,-42.985916089799574,-59.67478614963742
A,L,-49.6202353144729,-55.433609636078636
A,L,-40.749008663765046,-57.24614844730387
A,L,-30.93244009927484,-74.3033350758691
A,K,-45.72590029386881,-65.60045274821722
A,V,-40.31863348885253,-69.09966662814594
A,G,-42.48646332366223,-56.23298800198337
A,E,-40.16697448141253,-61.287517827089516
A,E,-44.79721090793841,-69.39678406902799
A,I,-37.78687285915973,-61.67971419359393
A,K,-45.97688362736544,-58.25840225568438
A,R,-46.389011179154764,-58.25869742406692
A,L,-34.67834646933633,-64.44108175411458
A,S,-27.153499270579132,-63.79537772425496
A,E,-27.123730730593913,-82.54014378997667
A,K,-57.25709710474302,-76.40602482596815
A,F,71.09359016013079,-89.25811826644733
A,K,-19.94579195056835,-59.92359943314829
A,E,-2.9348016051055272,-83.56961383361929
A,V,140.4857332641092,-103.05166232420385
A,E,109.28736377865727,-94.77051707294453
A,F,138.0142107496014,-85.00760457101906
A,V,124.55247677804796,-128.6682671087127
A,F,126.18542531105068,-82.35688042501134
A,K,136.93177132241877,-113.27096728152914
A,S,142.97893844547406,-162.42699391036348
A,S,126.93542484046867,-89.29771233981059
A,F,-15.2555300953001,-74.35903109072804
A,D,126.992003314729,-151.7127852116162
A,K,86.30676149306154,-88.22071830360703
A,A,-6.923984480241484,-81.71712304398909
A,N,27.385596148942692,-129.58889444966567
A,R,154.75117999101118,-61.27652006069179
A,S,-42.23676873080629,-66.00466837124472
A,S,139.54300870193535,-108.49432194793316
A,I,-22.226986760995437,-58.42902443961973
A,H,-11.379397101246063,-83.76273050793469
A,S,155.4221065426292,-81.37157025087049
A,F,131.44602071391077,-59.90653960787738
A,R,-45.54199245810437,-107.13011760933239
A,G,-171.3494270136249,145.89556047037857
A,H,17.626693295867614,-108.77242841310593
A,G,154.97044600566812,95.783952895202
A,L,-45.78490353736824,-58.4755371217777
A,E,-43.22685222014183,-63.823343236714535
A,Y,-41.463442401863674,-63.368427330797815
A,G,-47.36039655875459,-64.96181037533592
A,V,-40.38116111338573,-61.723622477145135
A,K,-40.74419544850634,-62.90383921941491
A,A,-45.01654538506341,-66.69851572112543
A,L,-38.08458274408101,-59.857142289851176
A,R,-34.77828084136703,-65.10658785317123
A,K,-37.30053614136594,-67.71491854955258
A,V,-47.73316869847995,-63.1204675200009
A,K,-41.1296162436977,-62.354684359063086
A,E,-43.10606689396245,-70.67099040436615
A,E,-40.4279920372075,-74.82323025357428
A,F,-7.137769400107752,-112.89305352648655
A,G,27.74132841603722,68.85780309666518
A,L,142.97996869874743,-92.43675307672879
A,K,155.94764254732374,-62.56435419499787
A,I,140.08650606476485,-127.717600892474
A,T,145.07157870592712,-134.45878580010339
A,T,163.7271690007531,-153.0268456311113
A,D,147.05045173932862,-101.31301655432266
A,I,157.21223641931863,-111.9202875180511
A,H,-23.8822078478162,-125.91713090092917
A,E,153.2731805652113,-143.4310954420089
A,S,-38.80926267188989,-56.92885218899449
A,W,-23.023619875989734,-60.13643262979434
A,Q,-18.08223910350713,-74.49195037606827
A,A,-50.323260243721435,-58.47581199132123
A,E,-55.25610287789789,-59.13588182158201
A,P,-36.40639241747044,-61.906949776364634
A,V,-35.00861640848643,-68.3013128574337
A,A,-17.87461104070506,-64.31419306530238
A,E,-27.14231620204865,-64.00619817034837
A,V,-34.34203738363121,-117.8691225070276
A,A,125.4086959462038,-82.25895378335353
A,D,-34.99401317278031,-72.79977264387028
A,I,123.151905010336,-124.58161487255366
A,I,122.40078958364599,-91.88486776129328
A,Q,135.78628602678762,-92.51118538332915
A,I,116.57756549366309,-105.2704246344512
A,P,153.86949038464246,-60.08239557457322
A,A,-44.515251171058985,-58.00107799803796
A,F,-18.12502423401582,-67.54358607324586
A,L,8.960473032260996,-105.58773256970201
A,C,-13.479650149715246,-65.54035945959428
A,R,-3.7512834066543985,-101.77943148448108
A,Q,96.90362724512426,-76.76239610404375
A,T,-47.044535348032255,-50.36011716225803
A,D,-33.92970211109776,-65.2688135556759
A,L,-46.65974478230383,-68.064051707094
A,L,-49.108427063602726,-57.17002779655092
A,L,-40.122031022703254,-61.51701378803444
A,A,-47.14327297732988,-58.634355902803776
A,A,-46.653920047809926,-61.17289915275292
A,A,-38.62595147530472,-61.896062404297204
A,K,-4.798195775583662,-76.75805448395114
A,T,-17.739215347859755,-74.12878970428501
A,G,-2.0216838563619497,80.30264601690519
A,R,155.257533334956,-80.28876338271603
A,A,151.00314199585938,-61.39231487946696
A,V,130.30539096778224,-126.72377083555828
A,N,115.49862667456459,-115.83593123433732
A,V,120.40087090851081,-100.54136293774742
A,K,122.96626592033533,-64.79022419701724
A,K,118.32319524714664,-67.31792330680243
A,G,146.01881349580046,-51.99039690542355
A,Q,-17.24169770804823,-61.09134572630543
A,F,-6.034765380538874,-94.95057588031203
A,L,138.24093959550285,-96.32332368416435
A,A,152.55751440112715,-75.57066158321798
A,P,-37.75871229449944,-59.88273266326563
A,W,-18.02776743072483,-68.24187935288744
A,D,4.595210306306796,-83.78617320087348
A,T,-13.473959730548254,-79.23583071623253
A,K,-42.70563633009817,-56.17101506749312
A,N,-27.342053403572564,-70.74266694040479
A,V,-49.058308445803426,-62.810093122834
A,V,-41.97063529598773,-59.154557965489474
A,E,-45.66479004695832,-58.908227835255225
A,K,-46.79426875059256,-57.89762037641954
A,L,-46.83817344980427,-61.567034419565175
A,K,-41.4421639436534,-59.5656194711459
A,F,-39.74765034147237,-57.37223520596135
A,G,-3.685171001445631,-80.70190826285462
A,G,3.1539974874921723,104.76022622719286
A,A,134.07258170983982,-71.07072415216024
A,K,-13.756695014620488,-111.94727197409674
A,E,107.9206234623099,-130.7735416573551
A,I,132.17320339126292,-125.85675514202251
A,Y,150.2977070838951,-119.64674470867114
A,L,130.19638997659936,-118.70823687982666
A,T,123.49882935139824,-111.83970177546853
A,E,121.25925731174439,-75.63809248514114
A,R,28.051272025568505,-136.67813959220592
A,G,162.02714236498636,91.05524175075311
A,T,142.0985005257536,-128.44567451152113
A,T,123.66967483882219,-51.51314314761901
A,F,86.811754766612,-134.79650609495323
A,G,-154.86407756325022,64.52559966136573
A,Y,140.33687500094734,-92.0782554213831
A,N,36.32219313537373,54.44534735633
A,N,145.36138863126007,-153.70061769710992
A,L,152.2339403295737,-121.53589406425934
A,V,148.29404703810766,-122.7074852726746
A,V,114.23482298841643,-100.93844628665477
A,D,98.30582848134243,-88.15603765109196
A,F,-8.233201457946478,-68.05449824530896
A,R,-24.430010971354353,-59.96594399912442
A,S,-28.833755730097263,-61.57358618135919
A,L,-55.687133752666796,-65.97945754514284
A,P,-31.59261715102195,-63.99784107073707
A,I,-48.89302238900005,-63.72724776000621
A,M,-27.69767966772909,-70.10354659356503
A,K,-22.76851997481093,-58.0069495205992
A,Q,-24.61729569715104,-58.820621947742794
A,W,2.6484674429756834,-141.39901717551047
A,A,168.1049693136552,-159.86604448886868
A,K,145.3539728557775,-68.07371625659496
A,V,131.19764982625847,-119.24666336903032
A,I,139.5584819706525,-112.28298090680958
A,Y,122.47217754241291,-103.17075973206798
A,D,101.30834023849425,-87.86841079246837
A,A,-20.269268029719427,-74.99874004763454
A,T,-39.851870408834536,-106.69521581072586
A,H,-22.28063409753983,-72.05871104739226
A,S,-22.889903844589067,-64.8895283589712
A,V,12.675749245356155,-106.86791746438982
A,Q,153.5863706215395,-74.52044494614177
A,L,101.77206350945964,-105.69581634169855
A,P,132.13399515548903,-60.2664549796263
A,G,8.705435901835077,63.056099111065635
A,G,-20.438030856635862,-67.80947324181903
A,L,17.577946845457856,-100.67367932303948
A,G,-81.70136676262611,89.66787531372458
A,D,1.709383796722435,-92.7802368005352
A,K,170.14520839644976,-149.9156616271407
A,S,156.90210599267664,-90.88790876172338
A,G,-156.49361170680731,-106.28175468874952
A,G,167.54510810055277,171.8042431628785
A,M,87.77973344664609,-126.07887875600414
A,R,-28.08893503169391,-55.08209151184482
A,E,-17.161831699442267,-64.1801950438295
A,F,-5.691923273697437,-99.69330479857548
A,I,-53.05576800956677,-57.718109465436676
A,F,-47.6991808252585,-67.33122834683972
A,P,-41.34936786726416,-56.38943257986617
A,L,-30.886452131224424,-72.67763081401196
A,I,-34.601290678136,-66.98082095349969
A,R,-42.894066760049284,-62.320749729702946
A,A,-48.171910488585965,-56.22969660058023
A,A,-43.39975718760959,-58.671507260158315
A,V,-27.726535906621237,-79.07798632578817
A,A,-39.679897496592496,-67.86310071111261
A,V,-48.98496461633596,-62.88699282310692
A,G,120.97680033167957,118.52009167228253
A,C,168.93672125546016,-144.26580998765834
A,D,-9.04079576303126,-91.48139261461087
A,G,171.0585008651064,-177.25677911537616
A,V,161.29690826371393,-124.90605778141676
A,F,127.39512467937121,-124.41099180127497
A,M,127.35783911553764,-150.40220559996925
A,E,145.70621425154138,-84.65796406294497
A,T,147.07864112596164,-146.18958038110136
A,H,141.31587464455723,-146.0429318372845
A,P,-33.12132201750253,-57.079929110803704
A,E,79.90050134064927,-144.8386906363957
A,P,-36.8789599202119,-50.53088095192847
A,E,-21.79781811753998,-64.59126526208247
A,K,0.4071763307995954,-93.8220756131434
A,A,154.73603428250013,-66.26220814778635
A,L,-7.447033486602228,-90.67573339822354
A,S,149.88340350544289,-150.1761116300954
A,D,44.486743436390974,44.256647365790975
A,A,-26.307472833029017,-63.532265967515464
A,S,-19.695477672967638,-75.64260624568942
A,T,-15.083111107560278,-123.29457638368618
A,Q,137.78313235085218,-67.90243164825722
A,L,132.09632482052555,-73.9038060538061
A,P,133.10413861480774,-55.70405308590531
A,L,-38.61271627203134,-52.149565327141744
A,S,-22.365104659951072,-61.14584021379172
A,Q,-9.145632014202514,-88.01269608513897
A,L,-46.21062002556113,-60.86099082246619
A,E,-49.87337966183931,-56.06032887637679
A,G,-36.05713013409802,-64.02006650823694
A,I,-40.74306590622439,-72.36155103556318
A,I,-44.390904121639934,-62.559003684511055
A,E,-45.36895749641102,-58.727543574753355
A,A,-44.913504758719256,-59.592456241296766
A,I,-50.90466484227845,-48.07252720267362
A,L,-37.39830847555482,-69.91590647097831
A,E,-44.32480513984811,-64.53607322746345
A,I,-37.39272713576292,-71.27113580928591
A,R,-45.238619713073824,-57.64397183591789
A,E,-47.628108306757305,-63.45123257638203
A,V,-33.69586736337059,-71.04139676511902
A,A,-21.13057143977902,-75.49282994534855
A,S,-33.59755929442408,-64.32320386465763
A,K,-16.701051033770142,-62.041195728211605
A,Y,-8.315438596947999,-100.18990358643812
A,Y,128.74762168134424,-61.69664046173817
A,E,145.5836439069191,-72.84715748018517
A,T,120.3985932241138,-73.87112301703063
B,F,136.89514482789025,-62.130684807181815
B,L,136.2587260382568,-96.16183782406004
B,V,113.94047049610619,-123.93067726654962
B,I,120.83140975460606,-98.98596249264656
B,A,152.1382863038533,-150.45566939545355
B,G,173.57379690050024,159.14365484259395
B,P,142.18355658294607,-75.56967939243542
B,C,-52.451439117730395,-48.5784581409123
B,A,150.2225212546047,-121.4939878396733
B,I,80.33927602089577,-78.2544394231534
B,E,-35.228147860356046,-66.72174681778532
B,S,158.30821244036667,-166.99946604114368
B,E,-38.18691941910418,-59.66794804121835
B,E,-49.92507549083653,-54.48613426128213
B,L,-46.20712899138211,-56.820538816134125
B,L,-39.7447077250146,-60.76023896715066
B,L,-36.744183447968815,-66.91970250413752
B,K,-44.32385660987655,-65.33215126915199
B,V,-38.86510647896828,-74.12924247483188
B,G,-34.30428605051502,-60.90864278190166
B,E,-43.93600563425394,-59.58162052267722
B,E,-41.68669599041821,-72.85215053140641
B,I,-33.24820311312282,-66.66922738319366
B,K,-44.69505826389094,-63.58118701186795
B,R,-49.90620799985556,-56.845993705108135
B,L,-34.71759727971617,-64.08985484180728
B,S,-25.917902343936724,-65.01125332609978
B,E,-30.43644814015176,-79.31816779780215
B,K,-37.74447467312841,-80.1643547542548
B,F,75.67060737139609,-112.80582991525583
B,K,-13.348681629260108,-70.95789318180296
B,E,-1.8823661026561673,-71.47580622696722
B,V,140.31539723166162,-121.91040854602942
B,E,114.31317846716837,-97.33666240608034
B,F,137.25559681131966,-88.28065547514342
B,V,125.22547916572135,-126.19753725860159
B,F,123.90653446459747,-79.39955644510029
B,K,136.56092106772203,-112.52499559392156
B,S,142.91997943518945,-161.08064018710726
B,S,127.79749888002057,-84.33160410989676
B,F,-16.329543054351735,-78.21043624929985
B,D,128.73287158096954,-146.6637185027255
B,K,90.10569777802691,-90.55791002268181
B,A,-5.222115386419179,-84.59853331306589
B,N,24.405580212859245,-129.56263492151916
B,R,152.72877497323222,-58.77381719095634
B,S,-40.4499504472148,-66.28423063711784
B,S,140.37381537742485,-105.36676051138895
B,I,-23.394320419086657,-60.902854225040315
B,H,-4.586068290302821,-89.55599538040087
B,S,162.54586289914513,-79.16693632503969
B,F,129.66519240229525,-69.65754650734588
B,R,-46.215793763463616,-103.93579751588996
B,G,-168.83140766811803,142.97253992519666
B,H,10.085751871991546,-109.99579618496713
B,G,160.3556132139238,100.06516066342904
B,L,-41.4651649564896,-62.844598770571466
B,E,-47.579434772311224,-65.05813847347083
B,Y,-43.21800326741326,-59.472868069922036
B,G,-42.202949236056455,-71.05428017444771
B,V,-34.25121064294769,-63.519037085094176
B,K,-49.05704697589824,-60.10641809576051
B,A,-44.12709002226795,-65.36827210863002
B,L,-34.03963065043519,-64.45873110776053
B,R,-34.679474595901084,-64.60676397536561
B,K,-45.0071512698869,-64.3927718722646
B,V,-44.26637982691145,-59.10308143371314
B,K,-39.32505177341313,-66.97143326261634
B,E,-52.94514941441018,-67.7656593910196
B,E,-37.30211710031466,-66.86678441683542
B,F,-10.327179258246264,-118.68096175860062
B,G,30.213500014955994,67.81110191933954
B,L,135.9881515208234,-90.08923459822105
B,K,153.053313569493,-58.9434857907894
B,I,141.97235262683873,-124.16276545713403
B,T,145.413821082888,-134.18406259761989
B,T,163.4426710931163,-152.8870612739938
B,D,154.53040673453825,-99.82739518585858
B,I,159.95896972762282,-117.5341255162703
B,H,-22.815620047792237,-128.2179663151287
B,E,155.0335944796643,-142.0662025045513
B,S,-40.78789619805396,-57.30975517862271
B,W,-23.91169254224394,-55.64770354625206
B,Q,-19.377991228758148,-78.10731989043352
B,A,-48.28920453153131,-60.45449519507179
B,E,-53.10447248828985,-61.03502111845808
B,P,-38.99011913411344,-61.920190131238364
B,V,-34.230464367259934,-67.00609499222993
B,A,-17.46931031698223,-64.36329880062323
B,E,-37.15101301256542,-56.22007299254076
B,V,-33.53395130651697,-111.85309765443472
B,A,121.51472449874576,-83.40056177209048
B,D,-33.21695848808108,-72.50827454120942
B,I,123.50560076452541,-124.22398010756869
B,I,124.30584407612696,-92.52450500397738
B,Q,134.27332525392427,-93.8789625298206
B,I,118.91968720901274,-104.69820335761244
B,P,152.71255607754077,-62.89112847692858
B,A,-47.6871003339971,-55.06671147794206
B,F,-21.734417982665057,-65.78974608462204
B,L,7.249896731141963,-100.96181001400466
B,C,-14.882973070342423,-66.76806179634234
B,R,-2.055097183111,-98.6125017496117
B,Q,94.18900914240817,-76.8544852399508
B,T,-48.68825596511182,-47.55071889210028
B,D,-35.4230186015666,-64.93818352128054
B,L,-47.70566171447238,-64.80255077717563
B,L,-46.10755262611883,-57.0989409598664
B,L,-38.643087228869895,-66.6567407611269
B,A,-46.30892164209152,-60.21643739331667
B,A,-45.79279459495518,-62.70257058558783
B,A,-34.778489356400954,-62.12706769396661
B,K,-25.361087866728102,-63.624342712038164
B,T,-16.17903652030035,-70.12067823289402
B,G,2.6610284636155996,77.3418961807979
B,R,158.74064927231916,-82.49034748883001
B,A,155.2352132819182,-60.31414363619931
B,V,135.5663627393244,-131.63145345081963
B,N,116.9006440276522,-119.72450859457729
B,V,121.23085067216194,-103.92505809877551
B,K,125.8778363262266,-66.79983167825796
B,K,119.42734784283671,-69.61219023119516
B,G,146.87370124507981,-54.13431189927727
B,Q,-17.562779867431235,-61.70006799836566
B,F,-7.848546430334261,-94.36773429133372
B,L,138.45380909257557,-90.01911291990392
B,A,153.72202940204167,-83.3857079983629
B,P,-39.36112874880674,-58.62967815951438
B,W,-17.940695445752194,-68.17359173306001
B,D,-12.936966068198089,-72.26095807737208
B,T,-13.715400050815749,-80.41107925174747
B,K,-42.06324648881078,-55.992702903527
B,N,-32.78187380948064,-66.29018993219634
B,V,-52.36060413182963,-60.01094131136611
B,V,-41.44089099590814,-58.16553128149498
B,E,-37.185916674984085,-62.24287736176951
B,K,-47.21335727894803,-61.50291457654105
B,L,-40.853478852711234,-63.16291314832398
B,K,-42.27202499384707,-64.54371121745221
B,F,-39.47615713160264,-55.206447106245015
B,G,-4.229540575724025,-81.75135093832647
B,G,2.5470377349737547,105.27296342456435
B,A,140.28261172788226,-68.11194001792823
B,K,-27.300945220930984,-113.97436989834513
B,E,103.3685078595378,-118.87233150008397
B,I,130.73379734689297,-126.19993611933404
B,Y,149.61289625879454,-120.32387384336694
B,L,133.76989661605757,-119.16921452214527
B,T,122.84650505784532,-115.45515504262086
B,E,122.75505322991428,-74.16588948105841
B,R,28.021785930837172,-140.3036571510667
B,G,160.92977802111812,94.80314273398363
B,T,141.6370011931499,-131.08333109234982
B,T,126.64865821440591,-51.90070699274381
B,F,86.41276793826864,-135.39562061865786
B,G,-152.43666267889444,64.87778243853464
B,Y,140.7570856819612,-93.77388566744622
B,N,37.94554900323861,53.538508400487785
B,N,143.67558914915065,-156.3241462002686
B,L,147.76832072765632,-122.63317291571781
B,V,142.9626368973774,-121.32496296960724
B,V,111.19214094589829,-94.78119409953825
B,D,98.09339734275945,-88.46954631974847
B,F,-8.821835084130079,-67.98845018633236
B,R,-24.22102534848832,-59.2773935800095
B,S,-31.116811142896523,-62.26486641851199
B,L,-54.806726229446895,-65.3787239012547
B,P,-28.876179995537186,-67.96328292294997
B,I,-48.94900498372803,-64.05209101965707
B,M,-28.521189305658996,-69.06963636316124
B,K,-20.617633943885753,-59.668698729237036
B,Q,-22.05753548256452,-61.68817760373983
B,W,-5.453446444046392,-137.17605688987777
B,A,171.1457886245714,-156.68044570169636
B,K,139.47545459802117,-73.00052638803841
B,V,131.9045334505376,-114.47168911356198
B,I,140.24678839680752,-112.43830771819852
B,Y,121.6627863024772,-102.03063453592095
B,D,107.14991173382269,-84.97042357671661
B,A,-21.78753154140122,-78.7140533199921
B,T,-41.09541495766991,-103.5667157575007
B,H,-19.026524620363304,-75.5840953917591
B,S,-20.920417845249194,-66.84583932082471
B,V,4.098120403827156,-113.62343913177229
B,Q,150.53844820039407,-70.29648679416336
B,L,100.64297818304506,-103.4151129579476
B,P,134.90034894609425,-61.45915403213743
B,G,-12.191310104333368,74.92755071982644
B,G,140.74998812783298,-35.93809472876263
B,M,-63.12120991301612,-131.8458020966893
B,R,-36.863061040220316,-55.71808477844137
B,E,-20.35431016704907,-58.431605687508196
B,F,-5.944447129484593,-96.03617289297331
B,I,-54.21384957250235,-58.642694414139726
B,F,-47.34110579183307,-66.78631126700701
B,P,-43.224006514407385,-56.52143993566631
B,L,-29.908655406881195,-73.17432589568443
B,I,-35.63033123927536,-67.7001097446086
B,R,-44.353028681832924,-60.16276234102274
B,A,-48.33947288233898,-55.38638459557196
B,A,-45.02402932835014,-54.54107084152216
B,V,-25.406275277034446,-78.8076330565419
B,A,-39.68264163359724,-68.2535616103557
B,V,-47.769698565085406,-69.98378881002725
B,G,118.41738261139191,120.22182650614309
B,C,170.2676112508655,-144.50094156881985
B,D,-12.255509980583808,-92.0595593484806
B,G,172.3137317808583,-179.48504316439494
B,V,149.11560312695028,-125.6453542445415
B,F,125.01247288242186,-117.368313753684
B,M,127.9289529092787,-145.70069139720434
B,E,145.05071974972287,-84.57391462833002
B,T,148.48414783118122,-145.82882615445286
B,H,136.8796939524601,-149.5478644381113
B,P,-34.82744426768728,-56.085531249640184
B,E,78.89351951012888,-140.86253084466512
B,P,-35.30800174682767,-49.33929870289859
B,E,-25.148086027938604,-57.601020232625764
B,K,3.67480440278198,-102.01135524003742
B,A,154.2617205065042,-68.82886628315671
B,L,-5.619159525303878,-96.32522881289293
B,S,152.13422438214124,-150.79256881147595
B,D,46.461326908892744,40.85866584797851
B,A,-34.879894416226776,-56.658128050525555
B,S,-14.989598207877235,-75.18289734294154
B,T,-1.9795995484942102,-131.15024979439292
B,Q,140.95931324804093,-69.77734288002988
B,L,134.45659819599553,-78.3036878430108
B,P,133.920997056216,-55.09149266057864
B,L,-40.176345280059714,-50.54233610078626
B,S,-22.715740406541695,-60.99892333968269
B,Q,-7.579870192686842,-90.48252173502583
B,L,-46.43498831181797,-64.40979649373028
B,E,-46.70269772446456,-53.86781384647905
B,G,-36.60412132285726,-65.66069723709815
B,I,-38.309453554166105,-72.13306794783159
B,I,-46.88377075019147,-64.99619125084766
B,E,-44.4957950560548,-58.473327372659796
B,A,-48.30945058156946,-57.80496817365323
B,I,-21.181080765388746,-78.43235773497464
B,L,-41.307743940679764,-67.16848861541726
B,E,-48.166083786728436,-60.916457978245965
B,I,-44.81292939103882,-64.27006001055274
B,R,-41.84324296947242,-56.995488528726
B,E,-43.994391915083455,-57.34135335937714
B,V,-47.87585156954726,-77.56679172059492
B,A,-26.197705757590445,-68.36081005713969
B,S,-19.544760791783943,-65.01864283805057
B,K,-31.442278943834573,-54.614422265749376
B,Y,-2.8374173461182433,-104.03549381029885
B,Y,129.04408953976937,-59.70754522295224
B,E,146.4270918577316,-76.2674646787446
B,T,121.32603693030688,-75.56403695172028
