Chain,AA,PSI,PHI
A,G,142.80335997698114,-60.73208949738658
A,T,-53.981779879389634,-42.26654839568989
A,L,-42.431340764039476,-58.1720562896274
A,E,-41.58087075545305,-77.42368794064227
A,A,-33.43029712812188,-52.80630831959554
A,Q,55.56819821698041,-47.53391375558611
A,M,-59.2226548940912,-174.8411119105623
A,S,-36.61240378007262,-49.468787727818956
A,F,-44.03313933797066,-95.79403507503754
A,S,-11.533226417227043,-72.34227963301583
A,N,2.327171487932938,-94.12067437700787
A,V,124.54178780368063,-83.74332242815838
A,P,141.38544421748614,-57.871810108530724
A,A,-30.8923508985023,-58.328539427509355
A,G,153.44407622366055,177.79313414451175
A,K,-24.59176035756028,-79.02118159563294
A,D,80.25500167100738,-157.83883620116228
A,L,151.84227198649154,-70.49233736642978
A,P,-7.808702806611826,-81.74414864145457
A,Q,-26.04340093426131,-77.2372500107035
A,D,106.663322323688,-123.2497064006445
A,F,168.96145325393468,-135.7297083369509
A,N,144.42030077456724,-110.6340011542443
A,V,122.94395915843576,-126.96354992989083
A,I,125.38424956608702,-88.10273744146036
A,I,129.45327338263468,-82.79829507714464
A,E,-41.734616804351795,-105.59001876074296
A,I,113.32827835326553,-131.89462130528437
A,P,147.2048906728987,-64.59282895344457
A,A,142.2510746367966,-52.22763861797836
A,Q,8.433082116901737,63.015579920662084
A,S,157.96717631655585,-66.35092648351623
A,E,149.79567913083926,-55.423291179265895
A,P,60.188201958712646,-70.66226668443277
A,V,128.39216516384047,-121.88021934294494
A,K,116.1176397129433,-89.8815818189391
A,Y,150.27889301069845,-100.60848360469208
A,E,130.2501496958825,-136.35756142641978
A,A,128.63720484669494,-67.95116694286614
A,D,112.47085716461731,-92.59473065013064
A,K,-25.96558419707862,-86.56099178166329
A,A,-56.29847918934064,-57.06109677228235
A,L,-18.116506181297012,-80.23040941178681
A,G,31.57391176775072,69.27225066411553
A,L,155.79372275134736,-138.58839897257414
A,L,136.96449144531607,-81.93393285028883
A,V,140.23935677102125,-113.20062179061416
A,V,110.12386178521584,-71.73034852004142
A,D,-51.80296712822637,-87.33007221083707
A,R,138.63137885317707,-158.47884246497154
A,F,111.15250757092488,-83.46112463178268
A,I,116.71980666696516,-54.468724268412906
A,G,-42.70772235275263,-53.809247853226594
A,T,-9.412829196095217,-76.41284525615114
A,G,20.628436776936873,63.075662731738475
A,M,147.39694556498782,-82.02901753956348
A,R,150.41406388609943,-109.75541571484698
A,Y,124.04665223711673,-65.021074658361
A,P,-11.093118367913045,-77.21626238872912
A,V,170.6882655746607,-141.75661285279716
A,N,147.5135406311669,-71.06662451566844
A,Y,134.6493742989973,-126.13472755861378
A,G,-163.03382402125672,-161.81137136426145
A,F,161.67110342192058,-142.91246794853726
A,I,114.96998101906934,-94.90422465714438
A,P,150.575335393356,-61.44017917448466
A,Q,34.85056045302703,68.97177116199943
A,T,151.33302142878335,-130.46173198234672
A,L,114.65712571245366,-140.08783973893773
A,S,167.6738306298299,-91.28072216599507
A,G,-34.71492205242277,-53.647471329511475
A,D,-1.1996860045909368,-73.4494767599866
A,G,-0.49002038631301204,92.77480938423948
A,D,163.70150339922705,-116.40104868133709
A,P,157.53783961146087,-61.596655666477695
A,V,128.51555071229035,-53.25460561352977
A,D,142.13847738012825,-93.18065972164285
A,V,134.73435195686233,-138.16858003432733
A,L,122.30795332012133,-93.65128194061475
A,V,115.45080952977901,-115.12468533520489
A,I,130.9688314124406,-86.20167775139831
A,T,158.95692896579965,-146.7712399343508
A,P,-16.29366670087581,-77.70939531511632
A,F,147.25661797108216,-134.97196248098984
A,P,149.52224814039715,-60.1861703187578
A,L,153.89666022255983,-92.22045174614992
A,L,129.29742451754956,-68.36210911439608
A,A,133.69346295749816,-59.00712967795538
A,G,0.1446643391208084,84.9515316768926
A,S,165.68420256782764,-82.37706499489396
A,V,141.85963113768787,-116.90730865070879
A,V,136.9670815514055,-130.33615831035402
A,R,120.63708218618348,-71.49028625937021
A,A,165.48602814915947,-129.2304500861701
A,R,147.84292026381686,-137.2823445015474
A,A,144.94005169909488,-86.13000892686306
A,L,-22.647959431671932,-110.03345549065396
A,G,-147.28307585106825,154.20159481360866
A,M,161.03720938433457,-152.78178416207632
A,L,120.02195563315591,-111.17874350946131
A,K,129.83492541374744,-92.41637635254695
A,M,165.08741264697616,-152.32728833557445
A,T,145.12884530152454,-134.50029541093758
A,D,-171.30409379172107,-119.79421187035773
A,E,-17.505458246598277,-60.05630994592784
A,S,-6.150467095173699,-101.95209621204597
A,G,-164.45363962729735,130.24981812719156
A,V,162.95628793336266,-71.57057912561767
A,D,116.62807934654454,-166.16266468969977
A,A,142.9451121690235,-122.69121075822643
A,K,130.25988924228065,-115.79857904786941
A,L,148.53689992285214,-73.77623860456997
A,V,128.79811428729488,-114.85036550147086
A,A,165.7659973939968,-141.93984629271603
A,V,163.79557029367342,-137.07803294082487
A,P,155.8632641643921,-64.81298109572687
A,H,142.27963634963353,-44.69888457229023
A,D,-40.48615717153487,-54.40707997580963
A,K,-38.6078155444457,-66.72484328717326
A,V,-52.879750319799086,-64.30148010516194
A,C,92.48687308449944,-124.29670622293717
A,P,-32.120694777259764,-61.732367691389506
A,M,-29.80424168370772,-51.64538135530344
A,T,7.459959563905227,-105.8782221647065
A,A,-20.160431433036237,-70.53108805062088
A,N,-29.09347393456031,-70.8197471718319
A,L,106.77451450026967,-76.78707555072907
A,K,-22.959673039081544,-100.16594921664422
A,S,169.9985943704743,-160.42050937855655
A,I,-36.805030976113564,-51.72571101469238
A,D,-13.636884261729923,-70.82022162689799
A,D,-22.713941743279282,-80.15777864182549
A,V,126.7810215669998,-62.259753840127516
A,P,142.3318970874423,-47.10325061537362
A,A,-39.391157013848975,-58.33945817841291
A,Y,-36.19198596063921,-65.52342105683444
A,L,-46.907110790910465,-75.1767961037179
A,K,-40.94657464488966,-54.93680612502659
A,D,-43.505493457657465,-60.97356420113514
A,Q,-40.8234542246468,-60.89096998975436
A,I,-43.74177292551648,-69.06789152422289
A,K,-44.60648934385383,-61.65997901814214
A,H,-43.85339874860509,-61.19321819285152
A,F,-50.73161514570733,-57.937890430076955
A,F,-32.56286392378712,-66.01703749314355
A,E,-30.736315956167864,-65.07330087472755
A,Q,-25.765676497777065,-117.19574867770864
A,Y,-31.503636032129855,-57.592315827329635
A,K,13.304718301037676,-95.71743640269094
A,A,-31.32903181407749,-52.224286319346135
A,L,21.624790468111254,-109.85753804308952
A,E,111.32598291159236,-93.12327691297652
A,K,133.005030056565,-56.14699061846962
A,G,1.759162978455461,77.84721635689046
A,K,154.39045503396125,-110.50585550503897
A,W,156.25221411617815,-159.33578168622483
A,V,135.5207666561059,-133.8645762436889
A,K,127.6582138458995,-125.16050936131849
A,V,128.3989281863895,-94.06810155623572
A,E,-25.155918349932634,-93.7513469427172
A,G,-168.95665036440164,135.21966624235958
A,W,164.45807066120287,-102.47205424961847
A,D,167.42565981494073,-146.29396098347996
A,G,-163.70745804182496,-99.24281473138397
A,I,-38.68350521293501,-67.56010023583083
A,D,-45.69157719102967,-58.954311590340026
A,A,-44.83461135640229,-61.24121115491396
A,A,-48.097462667401814,-57.498745669861705
A,H,-39.41742113888721,-62.47262240586541
A,K,-43.358633160760434,-59.45712961948981
A,E,-46.60298417966124,-58.2552626434081
A,I,-49.881729253575145,-62.08311690680426
A,T,-56.69357112401426,-51.92298684079095
A,D,-39.64939526650744,-62.98463743653476
A,G,-44.57315494767414,-60.95362272207129
A,V,-48.687572593584406,-57.53650495029665
A,A,-54.15200565979336,-56.92595364987023
A,N,-37.51802649691782,-56.50721979410416
A,F,-27.782329374058513,-62.307328967767845
A,K,41.87328263368178,-100.02522606779435
