Chain,AA,PSI,PHI
A,Q,-176.76668257540993,-113.32943182131218
A,S,166.23196341633354,-150.17629211194048
A,M,149.9079818542067,-150.33521402354657
A,S,117.03812318185688,-109.91894341562735
A,V,117.84955880515801,-117.5586628238106
A,K,60.70655194827054,46.90062438810373
A,G,-30.65212831789246,77.06743455606342
A,R,135.98071510323263,-87.58435645408082
A,I,134.97353512214954,-92.11099091645761
A,Y,132.12897035768836,-127.38536673743754
A,S,132.4607905052721,-98.52615856832271
A,I,124.46727995409935,-81.32385540843096
A,L,-56.62808579855081,-83.56312398169851
A,K,152.1965890656638,-158.9843511926983
A,Q,121.46658409801574,-75.18222274998246
A,I,-40.139981941339336,-86.99365151797892
A,G,176.1874533716305,-168.26809559533504
A,S,165.0972508795311,-164.08691640324233
A,G,-132.11863316301313,-142.20000400191338
A,G,124.72314336566386,-150.18058396788413
A,S,52.28840250080137,-103.03769083659107
A,S,150.86500469127702,-107.46851188563039
A,K,146.180454396461,-143.62301425099113
A,V,134.39584754535255,-118.92683469894008
A,F,151.3610524370818,-119.94289798036962
A,Q,126.72594377298181,-100.80301261793576
A,V,170.50299669928657,-135.17072444881907
A,L,145.10860317276658,-125.99533823411213
A,N,-175.2927201864089,-90.4423310264998
A,E,-27.693620867067473,-61.71906312440304
A,K,13.349909332044065,-88.17216198444531
A,K,36.3219521349135,60.15881242695165
A,Q,150.42942065950055,-105.40406972970347
A,I,125.37421474058422,-90.19360634362509
A,Y,177.81945576516986,-138.65641078962895
A,A,150.71375721887654,-118.68840743613922
A,I,123.96695837254953,-129.92625333224706
A,K,131.5119055493274,-96.34508699395413
A,Y,127.05107476774957,-119.80660995523563
A,V,131.19478163775744,-119.03990203297857
A,N,115.48166050862547,-93.26812609791789
A,L,-8.89107515123624,-89.25679759588091
A,E,-22.135750366714415,-41.82074407551692
A,E,6.620968192963215,-126.33159853582157
A,A,126.8908761695686,-72.84666925680003
A,D,159.59046021920437,-76.73263389738206
A,N,-54.29254364185691,-41.409799232848634
A,Q,-41.117343803366744,-53.50194255230721
A,T,-42.00491501700398,-75.40594490459954
A,L,-53.63815742431647,-52.36628326585638
A,D,-42.36731965528679,-54.26875645828559
A,S,-46.23506532445734,-59.66302439930671
A,Y,-31.849868818505865,-67.44907831482622
A,R,-41.57409562437567,-66.73987866324279
A,N,-48.772350406046236,-60.57911309419485
A,E,-57.52714542059181,-57.45462037950783
A,I,-43.41259899764589,-49.8425852769092
A,A,-51.43712610845611,-61.46713507465669
A,Y,-51.54776314011921,-63.43357475609132
A,L,-39.95274304036229,-47.81723064770866
A,N,-49.48662289506261,-64.99453252399812
A,K,-44.96850004181335,-66.7557048370894
A,L,-24.774557783352783,-65.55218472195665
A,Q,-54.54816642056755,-42.65564678428707
A,Q,-29.050192090023497,-60.65572048028959
A,H,-11.475035047002967,-102.22139214361893
A,S,136.37256382773586,-168.22301341837957
A,D,19.355375817064058,-89.59175292314312
A,K,21.98617519473183,-107.25141554133432
A,I,135.59795906610165,-116.18714497671672
A,I,133.18716990809824,-49.65700720146322
A,R,137.98853199950108,-79.60815882283364
A,L,129.43902803532484,-106.55892589850971
A,Y,-39.31403262473217,-101.07849563970291
A,D,159.9670878790698,-163.38147961077377
A,Y,154.11596080566596,-153.9571207532853
A,E,134.2878725224787,-124.85398422996494
A,I,125.35754571835099,-142.748485222599
A,T,-177.65608019189523,-131.61908609776012
A,D,-23.330897966392552,-65.55043368387975
A,Q,-37.288933888499436,-92.72735896208991
A,Y,157.26383504436035,-152.2883027811579
A,I,138.91943122193283,-116.4373679819199
A,Y,128.53928095165463,-127.24393715480072
A,M,123.95554526246063,-124.9859267450843
A,V,127.99419866832547,-89.37576126442183
A,M,166.4590309283873,-141.95103746364742
A,E,149.7080231169938,-60.89491097075473
A,C,115.23927893323233,-120.47385797334258
A,G,-173.32767400940583,-81.66209017266385
A,N,-39.515355028570724,-85.21215492551285
A,I,154.64866533209508,-176.16537193804055
A,D,163.07032260087215,-85.53400872748608
A,L,-38.06708463855844,-66.60841780583898
A,N,-49.66433650365858,-63.1524090725082
A,S,-40.339675530767444,-58.51442831997794
A,W,-42.09455515233315,-67.5949353738221
A,L,-42.81954874170578,-64.27090038287741
A,K,-32.83686361067488,-60.087391114218825
A,K,-16.752488676281445,-81.07175943399153
A,K,131.7101316495678,-84.31018665799853
A,K,-71.16121120592275,-56.70811042143624
A,S,165.843760779328,-155.19121613777926
A,I,136.48758535045457,-103.5461619736718
A,D,123.70712125127059,-76.30091792018075
A,P,-37.47510749627284,-40.902890347016395
A,W,-45.10827800692044,-65.04136626390536
A,E,-33.685711658205136,-68.58280120455561
A,R,-52.312815244869526,-65.82051824684667
A,K,-39.257223491667546,-57.30936885689254
A,S,-45.45966067265485,-69.5358066796573
A,Y,-40.3440555556669,-59.24419292872688
A,W,-49.805346570600044,-56.4514637999728
A,K,-44.92573075438577,-53.620512894989446
A,N,-44.610201417401655,-62.26343919938618
A,M,-44.86967177537273,-59.52470379655403
A,L,-43.24740471155201,-62.06079833236464
A,E,-37.958211653496484,-64.30745292049619
A,A,-51.59695972713489,-69.01912878107503
A,V,-38.978454872183754,-67.14282771341506
A,H,-38.70066695759788,-55.74809012976637
A,T,-44.39806055520181,-68.66495760916814
A,I,-33.745941879639254,-67.93002887767604
A,H,-37.994687344125175,-60.66417270795073
A,Q,-18.064027320453267,-69.96913272732365
A,H,22.766145654534476,-107.89913423735783
A,G,3.3670808413376463,76.4447522859008
A,I,135.738149506113,-85.25343745898417
A,V,104.37644623132027,-125.65074452556965
A,H,-59.101299890571035,-52.998791934122295
A,S,-10.853083504809973,80.33968897856474
A,D,50.38827817315754,-134.04975238860027
A,L,145.21800388064074,-80.01876793024401
A,K,163.86555667049967,-154.18023891063336
A,P,-37.009522594682416,-54.267878703811455
A,A,-20.346113440518952,-55.9124399590442
A,N,17.010282231728112,-80.95662054557708
A,F,140.78943872410636,-139.4530831453587
A,L,129.95297644897397,-119.96018742638043
A,I,114.5153539392939,-87.28058338665127
A,V,111.53273695855087,-127.06235556758452
A,D,52.092057175133846,51.64589448295564
A,G,9.77182115498733,72.13550907901283
A,M,134.96580480216602,-134.236247149811
A,L,139.66469647650553,-85.35484654247963
A,K,145.49667060034153,-129.95284217653864
A,L,137.24844839513128,-75.89301027025364
A,I,165.22878014766596,-140.15690936041042
A,D,40.513419217692686,51.541293141103
A,F,3.3584447774236246,-99.09424638843235
A,G,-174.40854710742002,-82.42605976158745
A,I,-72.45606158407098,-58.578320381903545
A,A,89.84613655448021,-107.22879001345704
A,N,81.25294450976118,-124.05647523533382
A,Q,58.64598220879902,-88.75788559916627
A,M,130.5314923196898,-85.35007101735201
A,Q,142.12509213610457,-139.11664828905506
A,P,153.67926091488587,-60.864932638188925
A,D,161.21055528782583,-100.41516435386391
A,T,150.8645844368143,-126.81417037119908
A,T,-0.21386670174685476,-83.7214257426846
A,S,-67.84489015656729,-99.65508207304143
A,G,176.1270180632041,-94.70600290021801
A,T,-14.802851714392402,-96.95158422819642
A,V,-11.699271474620705,-121.2786924794117
A,N,-15.23797471345011,-58.73669741901703
A,Y,-0.13644804275109781,-105.00336918799475
A,M,128.96452664050923,-73.40158705705764
A,P,150.9168355296338,-79.7777750154388
A,P,-42.69459257600414,-60.67957610980882
A,E,-29.82254675896706,-59.77686421162719
A,A,-28.37092456197667,-72.35246017994447
A,I,-63.160941262521604,-72.60402250695287
A,K,-34.81251166466187,-41.362099126354174
A,D,49.05705198443945,-71.44283628013922
A,M,56.965478475312565,-158.4678026609685
A,S,-7.101738043066177,66.07095713879608
A,K,10.526494820433241,-139.6846360261779
A,I,129.94154297163672,-102.75704148011455
A,S,173.21957922931097,-133.68999563198125
A,P,-32.38030092452181,-47.15013795655897
A,K,-32.59411015915244,-59.69563356826128
A,S,-39.13144138404957,-55.23372017438685
A,D,-28.936551492984112,-67.35530628100024
A,V,-45.0727702743576,-64.39001515568744
A,W,-57.17271268284964,-50.02295267310396
A,S,-45.830630851909895,-60.20916515905009
A,L,-40.872256600125816,-59.97022970641768
A,G,-41.821242762717574,-59.89508134170254
A,C,-36.88868134270392,-61.06088453876439
A,I,-36.532509342398505,-68.9412060644318
A,L,-35.10469574722716,-77.69781224823076
A,Y,-51.062663391488016,-58.57005693122561
A,Y,-50.26044079620451,-50.29342680637208
A,M,-19.700935486360873,-66.79248047773645
A,T,-52.60453559374905,-89.74863797140486
A,Y,5.190716465550427,-102.69978512882341
A,G,13.72559957589213,73.36132601008634
A,K,151.22787310913108,-166.12129543752462
A,T,160.30774775089998,-85.36181895891265
A,P,-25.020486182270602,-56.73931778822375
A,F,29.056490147546032,-130.05096582811902
A,Q,-27.768809786320936,-57.132470330755126
A,Q,-28.08947647471986,-71.67840748583814
A,I,108.39511673891089,-87.95837317593653
A,I,-29.832406916032944,-95.38447316480018
A,N,140.0911388022653,-69.14086157204481
A,Q,-39.08183173555123,-91.63115328483354
A,I,-48.07806761368764,-50.94640715611262
A,S,-36.53806697672027,-66.04463861054143
A,K,-43.465682148361985,-74.04708538740637
A,L,-44.073270151593476,-57.28973608509661
A,H,-41.183916734472916,-58.85778603458922
A,A,-36.52833143535391,-69.59867609351463
A,I,-35.66607128786467,-62.42758688629027
A,I,-11.607392516926012,-90.53107612364028
A,D,113.01063907709928,-88.66087502442883
A,P,-23.95263354744244,-71.86582334687883
A,N,10.759704056312094,-80.8841019716854
A,H,91.49016701041045,-100.68032064659104
A,E,122.07609113471929,-63.60251608519728
A,I,144.5142321436581,-74.29658007134205
A,E,145.6164849285145,-87.96026982807895
A,F,70.58060271767488,-144.23917859792923
A,P,138.72081751070658,-51.68081158524319
A,D,142.1028577061035,-52.32607572941106
A,I,167.04192848053182,-134.98736237914923
A,P,-29.97716893814508,-56.75362650338497
A,E,97.55415110995352,-96.37170808376207
A,K,-33.064949341999736,-66.66701734612687
A,D,-46.67952067769867,-63.00373198385815
A,L,-42.95520755411095,-51.91706660271418
A,Q,-39.16935742083695,-64.03090581890869
A,D,-37.0517277116497,-74.08925824875772
A,V,-46.4901099148276,-61.305395656996495
A,L,-48.75003138793601,-63.767737965226246
A,K,-36.297296079771336,-54.38316930175998
A,C,-29.112256703831807,-81.18030242801032
A,C,-37.654210063744486,-72.11720087287837
A,L,25.71887031460408,-95.70424028570704
A,K,127.16570216389768,-75.40826647763332
A,R,-28.21404433009231,-67.62224125968952
A,D,107.24918783636282,-88.01224967062409
A,P,-31.948746695272135,-53.64026383744341
A,K,-37.63887812128064,-63.35110571516125
A,Q,3.1604417499591175,-89.73513408896595
A,R,151.31373264746617,-83.8664450241183
A,I,148.44369724888148,-75.21844674862162
A,S,164.32056669151754,-95.57989385739782
A,I,-45.274412995402585,-65.02382856054379
A,P,-36.03601299110955,-62.640984513341536
A,E,-57.27879676547559,-59.48940691358019
A,L,-33.94419478138008,-52.4419851858623
A,L,-17.504054962493036,-70.6141365717691
A,A,4.927169384260092,-96.38742270008353
A,H,149.84902510441378,-78.6948897721546
A,P,-32.02845927901548,-61.92899307642952
A,Y,-39.133370984317196,-51.05649808748268
A,V,-16.658923184446415,-96.96431546928913
A,Q,-23.100262087426845,-105.13827477833132
A,I,130.04848805006972,-108.92816595506072
