Chain,AA,PSI,PHI
A,T,-22.033618145381496,-62.57389550660214
A,R,-40.68763311628173,-76.18050306712365
A,E,-40.24961428623151,-63.37964332431219
A,L,-44.46818571239767,-61.4726796998267
A,Q,-33.56826084878049,-67.18781763740932
A,S,-47.141986211747486,-56.21709918693856
A,L,-42.69316679946259,-76.05016037389974
A,A,-27.466204049908665,-68.6399182058393
A,A,-26.365897581815332,-85.67317893774118
A,A,151.86349410508063,-63.51426058362792
A,V,132.92379794201395,-78.83012208847376
A,V,111.13579951423482,-90.33622168755325
A,P,163.7656903429513,-60.91675346217211
A,S,165.88389702115495,-72.89317956738614
A,A,-39.42493314994612,-62.83265897311793
A,Q,-42.76345884918909,-66.7409163087898
A,T,-37.53259138071201,-61.34950354596648
A,L,-3.616734419581605,-85.73294263254573
A,K,15.056904205320452,65.96549162374907
A,I,0.3287131414754469,-80.23508359534016
A,T,-8.394592754933639,-92.4748029319363
A,D,134.12902783347582,-81.1733218150205
A,F,-16.520643520684022,-72.1617174276225
A,S,0.8254829571776311,-85.46510373817442
A,F,136.79244473166528,-47.511824580487406
A,S,134.30417238501377,-120.8112178809995
A,D,-17.352591729065434,-90.02430428946742
A,F,-34.93364561784769,-47.83307448922228
A,E,21.673003408796227,-109.78134347911549
A,L,140.37530456952186,-98.14637970752436
A,S,161.52637535976422,-71.36326815150082
A,D,-49.366391721787345,-49.85589424494624
A,L,-48.94354993397129,-53.25278277998545
A,E,-35.309115906542914,-58.40103099821268
A,T,-40.83523367655923,-66.72649072072478
A,A,-42.51688608655898,-61.61595488038405
A,L,-43.25562360326676,-56.85497277135285
A,C,-45.218728703925095,-59.6999365244509
A,T,-50.292446073888904,-57.2977325520665
A,I,-45.45580460120417,-51.51261911825734
A,R,-43.02874799960708,-59.31700442820702
A,M,-45.48286248361411,-57.534479391247906
A,F,-34.59756705096923,-66.18280523514204
A,T,-53.2161355969939,-71.10478416670124
A,D,-11.509037193866881,-73.50129473284544
A,L,13.02759154381393,-91.13942543479841
A,N,27.30345205754075,56.9379473148666
A,L,-29.062628473515225,-81.86794775487267
A,V,-42.06618138541609,-70.10109325253508
A,Q,-49.47970517942382,-70.72309781064976
A,N,-18.01158892820008,-69.97830673238666
A,F,14.70207663609784,-127.52778196913331
A,Q,36.8651351631061,55.62842861958722
A,M,123.39800003202792,-70.33900728389848
A,K,140.3777578076036,-65.4480011504438
A,H,-53.22753017816422,-54.306894329843914
A,E,-38.6963553912103,-56.31899880382551
A,V,-47.36010027888636,-69.85094856238017
A,L,-41.41387881016801,-57.911508066650626
A,C,-51.45833949354231,-60.96033788619193
A,R,-38.73384394639423,-56.06369141259264
A,W,-51.68932244610894,-67.71000808340182
A,I,-47.8266099153486,-50.87805959203961
A,L,-28.197382756318678,-66.90162485013101
A,S,-44.91495328275387,-68.20865138034279
A,V,-61.5775553901583,-59.444175628231505
A,K,-41.139000710433,-42.13165161439885
A,K,-22.66401298959126,-75.43389612793186
A,N,6.322185418678239,-92.43273539590122
A,Y,155.72642175213193,-90.22337543130214
A,R,115.53250917415029,-103.76320562568888
A,K,-36.37847527923776,-59.29621552674091
A,N,-6.4158575865621374,-70.05144614928689
A,V,124.60886653267998,-90.0901985034883
A,A,-41.70764982826187,-55.99137830798391
A,Y,-51.73281436775571,-127.26596052480662
A,H,64.01419731163034,-71.73270538812825
A,N,-170.76751252619198,-126.95767262381847
A,W,-48.046338349180594,-45.906568313489686
A,R,-50.60120021157851,-51.54919603429518
A,H,-45.15854813917369,-54.49513066428489
A,A,-42.645400206452976,-62.971208684334144
A,F,-48.83144210572382,-63.34806769711468
A,N,-44.009319422495246,-55.23692892553994
A,T,-45.86218927085982,-57.83651402845922
A,A,-38.96619204740501,-63.47031341763768
A,Q,-37.41389312589428,-66.78460053945979
A,C,-41.197720799922685,-64.01182028961047
A,M,-45.36153794307364,-56.50521035648493
A,F,-40.969226931961664,-65.84024774268688
A,A,-37.6965076653753,-70.71172925184725
A,A,-39.543843014089,-59.23262941817378
A,L,-41.707256821134784,-72.0985413482265
A,K,-74.13208551304292,-89.51610403846324
A,A,-40.59298320673106,-57.230874336351626
A,G,-6.355071887023472,-81.5244947696687
A,K,29.73214454834618,62.99665547371546
A,I,-28.71018063547767,-79.5880868900132
A,Q,-54.071230104451324,-37.132669424723304
A,N,28.601012596656584,-89.22489723742822
A,K,-7.843383626001454,-108.60161919747829
A,L,156.9714132207128,-125.03856936680131
A,T,163.782042321975,-79.13560917585491
A,D,-35.03458235777492,-60.999128213152105
A,L,-35.68703021973217,-66.70250699979441
A,E,-44.662951824340254,-68.5635702187527
A,I,-41.24810535773157,-63.48290510472534
A,L,-47.122280830723525,-59.99319789578005
A,A,-45.619305445343706,-59.88898008511466
A,L,-38.46785760187927,-65.39931605109017
A,L,-44.318549202457184,-74.75799879673164
A,I,-50.892621364844686,-55.47413658744991
A,A,-50.70246881133467,-56.16259841463442
A,A,-48.97958510757539,-50.78655806743483
A,L,-22.321663741718872,-71.8761950837025
A,S,-14.89148305937243,-94.82210944607785
A,H,-10.342101961823433,-66.49101526130707
A,D,18.017416877032744,-128.882552953319
A,L,134.6606678338853,-51.55159643862111
A,D,25.41251229901304,60.303367972701984
A,H,146.53613085358307,-59.694118086131176
A,R,7.617068382603008,-109.34079427406785
A,G,31.18471083252873,73.2224159936176
A,V,153.07148688372067,-150.42917158176957
A,N,-179.28501098892332,-67.96794622374628
A,N,-37.98633375524743,-85.7714909244528
A,S,-47.82295640084563,-59.212181505693145
A,Y,-43.74342037650333,-63.79706152238377
A,I,-53.564601071173534,-58.680712002403055
A,Q,-71.67697395071067,-44.925917923156746
A,R,-27.37104607029782,-61.017323185398105
A,S,4.149814497045751,-86.22489846511591
A,E,26.346847914174557,60.61259335678165
A,H,137.46987881006697,-57.698888297583274
A,P,-44.8998415075721,-35.47646031813804
A,L,-20.09500660927409,-55.785396255491875
A,A,18.068944111683685,-93.82269136830384
A,Q,-20.21664519968431,-109.77584074765959
A,L,-27.83164849252751,-84.18080580116113
A,Y,144.60789478237362,-138.3751032176058
A,C,-6.312707763422919,-116.4961685421333
A,H,147.95690780512948,-149.46175852695333
A,S,62.11413294545141,41.019532570152165
A,I,-58.09140587812151,-54.52238617542147
A,M,-48.4754176660274,-57.62390950248611
A,E,-45.48771610631289,-59.51281894772841
A,H,-41.042178465158145,-56.07552159217881
A,H,-47.02553138478658,-63.34636822830259
A,H,-43.69201457756034,-52.33486982837466
A,F,-43.03169506212221,-66.1789299084714
A,D,-40.25839036961429,-57.698082924129615
A,Q,-41.616843982867636,-64.64877134457656
A,C,-49.2267291964129,-60.42555904326169
A,L,-35.404150828260754,-60.76166063602642
A,M,-35.681241797335005,-71.95541229172285
A,I,-45.84510532836348,-75.79992402544917
A,L,-17.901828159944063,-55.687358500854465
A,N,3.1851729666460007,-114.6101635894679
A,S,142.75777791748453,-86.18054782251872
A,P,137.3131846111201,-60.7825166900215
A,G,-8.319368550987742,92.45550165624286
A,N,8.696721638445895,-119.62059540978386
A,Q,80.23097263660725,-82.67259074910002
A,I,-15.228217513789584,-73.83328083282022
A,L,2.8670414525327725,-91.05358271452754
A,S,-14.741524404731182,-66.47548332142101
A,G,-8.043274649336283,-76.52005981180443
A,L,151.75450723513663,-89.7394335000886
A,S,151.20648688112226,-73.79298044895627
A,I,-42.28629248099479,-42.02232849462206
A,E,-47.236977105196175,-63.1200739131172
A,E,-33.63805621134974,-69.80542893252907
A,Y,-48.81610124903696,-62.38042037976793
A,K,-42.36084808436908,-63.829067356349654
A,T,-47.06143613109183,-57.62566299581047
A,T,-42.55038263572287,-65.76842415319595
A,L,-40.82579285940704,-61.76188521533809
A,K,-45.113266478384396,-58.10045472412664
A,I,-42.97788313456242,-65.92516048677616
A,I,-46.529567792039025,-58.69907712041276
A,K,-47.77568459420935,-57.86096632480498
A,Q,-34.281087644862204,-64.54375702294976
A,A,-38.58113712120036,-67.61847166355088
A,I,-46.885944053025696,-72.05900236739875
A,L,-26.018950122360685,-59.409630044711776
A,A,-18.180513793241314,-73.00000739169558
A,T,12.205432736329232,-83.3035843362228
A,D,110.1237555603377,-88.07073814579795
A,L,-36.404481640165514,-44.61438971720096
A,A,-43.601843610437,-56.81340328693951
A,L,-33.45501502986871,-75.82949833401862
A,Y,-55.717575062876726,-56.25603794657471
A,I,-40.799260224943836,-54.222183917001914
A,K,-30.8823422019078,-62.64259870832336
A,R,-15.864643821172633,-112.76059942195329
A,R,-57.673039083644994,-30.295503511303405
A,G,-39.43275131723935,-60.2563232380901
A,E,-45.355451405678494,-62.336021374790946
A,F,-47.37859134249926,-63.0408684459953
A,F,-38.7151000657821,-62.09064230419422
A,E,-39.311109668370435,-67.83410396021563
A,L,-46.41988972141788,-55.443816574519204
A,I,-56.759850315097744,-65.28974735921157
A,R,-30.342669174541196,-51.89822954649271
A,K,9.832998587500242,-104.45902416775886
A,N,34.48563228767475,60.682275264923724
A,Q,8.611242928309663,-110.9538923665323
A,F,128.12556173124437,-68.27831924131756
A,N,107.78170468903454,-156.10290940516222
A,L,-16.60103822673346,-62.5686753875898
A,E,-29.58506472217606,-61.41667117556638
A,D,114.76383569893054,-79.54375997872098
A,P,-42.10797358475397,-41.709297005138865
A,H,-43.63299260480934,-67.57772924322622
A,Q,-35.62451933830912,-67.84872207886767
A,K,-46.77833678769623,-58.85829236485059
A,E,-47.38038085172068,-57.752427408447275
A,L,-48.10488916441715,-60.34143075804785
A,F,-41.58480854151746,-60.67024739586383
A,L,-49.388673812434284,-59.27226162404302
A,A,-52.643862865745085,-49.63684709337295
A,M,-46.8409438427953,-56.74843459418888
A,L,-53.43129141950232,-48.9812433939108
A,M,-53.69972643657475,-49.64712325643515
A,T,-45.920558504284806,-56.07684005193745
A,A,-42.88687826241938,-53.28505409826522
A,C,-44.31271813806235,-75.83335294713895
A,D,-43.077976884579414,-52.95205102763162
A,L,3.7912351858408013,-89.93954245556222
A,S,-18.057411124037326,-61.17045492690416
A,A,-23.041938305132877,-59.415752255066344
A,I,-7.30075985939679,-67.22922870398094
A,T,4.301793702216592,-112.4522934001531
A,K,166.02499147387323,-83.96929554876236
A,P,157.67606411422656,-57.84924664358299
A,W,-49.05625652186038,-58.779426048978024
A,P,-40.91285172199462,-51.61920767882377
A,I,-54.25977456389126,-66.03489687063204
A,Q,-47.165966954761636,-54.10699837160614
A,Q,-46.278409405069006,-57.482296291160985
A,R,-46.74130453101676,-60.35964873044402
A,I,-37.65461644858945,-67.26074320702213
A,A,-46.1835303955888,-56.59361336114168
A,E,-36.25039903840035,-58.55012980692219
A,L,-49.93934986328591,-62.46504398034616
A,V,-43.77769557728184,-59.79076612318448
A,A,-39.92520363670632,-61.84735953257941
A,T,-48.70091673519993,-58.45451091856928
A,E,-47.303500731953825,-57.94296337596723
A,F,-49.11905305034426,-58.860044620441414
A,W,-34.68453969710095,-56.71943856212516
A,E,-32.684382057441105,-67.50875153512837
A,Q,-42.90349578366392,-71.84705333369885
A,G,-37.4115660156224,-52.588827730908285
A,D,-53.4158993092084,-58.66018025038738
A,L,-38.64205007252463,-56.00546512428295
A,E,-33.46936325702595,-70.06683629145725
A,R,-38.82740297013633,-69.66936164589752
A,T,-41.58872223069443,-96.87365750143873
A,V,-45.25254812361919,-80.88574992442518
A,L,-16.711936896608545,-95.35866451989158
A,Q,47.443510257518575,57.927831241683755
A,Q,161.52407880790975,-128.63298274024748
A,Q,113.49210540807834,-76.0384210413012
A,P,147.75815927594556,-62.21411938326671
A,I,144.84996969793198,-68.53816974499875
A,P,-43.09546633343854,-40.60866739072846
A,M,-25.541941470924186,-51.41394078767545
A,M,-3.7663648505765885,-117.88561066073008
A,D,124.94959595230246,-94.69605158116495
A,R,-19.183719412393543,-72.43710418950924
A,N,-29.355856568108102,-67.0930946464216
A,K,43.45881976459066,-98.7114489992267
A,R,-31.66358914573653,-56.45473590907675
A,D,-27.654828655575084,-56.4212240452084
A,E,3.5291385852977997,-88.71214458018149
A,L,-46.26832720146708,-58.64193467291859
A,P,-58.45742603979616,-56.38115483311887
A,K,-39.72176187099499,-52.565898503557875
A,L,-41.27090220716558,-65.46275426661543
A,Q,-35.6574158893223,-65.89497808315446
A,V,-49.24860019211751,-63.710917807875745
A,G,-44.1122526410555,-55.72324938234484
A,F,-53.049875087537636,-56.671270119794116
A,I,-50.873704105377215,-59.9103170571077
A,D,-52.690058355820206,-59.01249073117067
A,F,-38.30385527060096,-71.00005990593857
A,V,-55.66101271375914,-107.09334977697277
A,C,-52.68434889872691,-81.72476805580408
A,T,-43.21548083703998,-58.091938862636276
A,Q,-30.379566240972864,-61.37496311518228
A,L,-52.311533948270124,-74.57744988776896
A,Y,-29.777373305218088,-65.3690688858883
A,E,-41.035137382382345,-58.50016707898349
A,A,-42.98216509003217,-74.56756558864635
A,L,-30.182038247952224,-59.09154571885452
A,T,-29.694668646596742,-72.2306590104926
A,H,-38.895112792152005,-67.89836685798798
A,V,-36.15526909767406,-65.58329289472572
A,S,100.41378701385646,-151.34517906774855
A,E,-44.18538171356511,-30.932682833098237
A,D,-1.9502875603607135,-76.67423098829666
A,C,2.621769186804212,-88.8924247269437
A,F,-42.42730579136009,-47.734039641269064
A,P,-30.06806780652269,-51.142628043105205
A,L,-40.311612400785435,-65.52840980671365
A,L,-37.25755907698025,-75.91464766806932
A,D,-50.422765113683774,-58.09761955032139
A,G,-41.73885164878758,-59.7499571454646
A,C,-43.67310462353439,-61.32229984631559
A,R,-37.448793038370425,-69.72275644832031
A,K,-41.332212208871994,-63.64832238057863
A,N,-27.838805076389004,-68.00654780939989
A,R,-45.78600300902818,-64.95907226793764
A,Q,-42.049749315420584,-57.96094639650802
A,K,-49.20980555436436,-67.95116334639638
A,W,-41.631170026615614,-61.92212475757808
A,Q,-31.65939253973112,-63.359355639756345
A,A,-40.29456854580423,-67.0487724285306
A,L,-30.24944182613334,-69.74157160516764
A,A,-15.102655289666027,-65.44973536500888
A,E,11.147991636877142,-114.25684374512505
B,T,-16.345846971643887,-56.660264450295166
B,R,-39.549958464817514,-81.1672533488404
B,E,-37.73336317195222,-62.83728768302898
B,L,-45.44099916666589,-63.94391068382005
B,Q,-35.24990813209261,-66.86113832139027
B,S,-46.122991724584466,-57.943893598998784
B,L,-40.12823464092893,-76.26053595776699
B,A,-25.674056436404776,-70.05667021605089
B,A,-24.549593035686378,-88.18916723914582
B,A,152.14495635010732,-64.69390060173565
B,V,131.70200957046,-81.78355485705197
B,V,111.9454749734331,-92.15693013298679
B,P,164.2027151809123,-56.84880698763964
B,S,167.54615052144052,-74.25026783679446
B,A,-39.54839645184307,-61.763630370687515
B,Q,-45.78117322072885,-65.99268594103282
B,T,-38.63249443042715,-58.86199845040927
B,L,-5.748064453808139,-83.63777053303096
B,K,18.657955343214084,66.10602266802401
B,I,0.9482460685020078,-83.04880541964911
B,T,-5.461363625708284,-93.85731733201227
B,D,134.51709079676786,-83.3586962625816
B,F,-16.180113541311314,-69.54621186537872
B,S,6.089636787429988,-91.25058405261498
B,F,141.0508990513458,-53.080895437069145
B,S,137.92455463555464,-122.2568115513423
B,D,-15.418146052056576,-92.97734800730714
B,F,-38.88025440843816,-47.75470574141418
B,E,25.554385905475023,-108.43139717085754
B,L,140.19937865351022,-101.40654479824875
B,S,159.66869486871514,-71.36537648890997
B,D,-55.336358812488974,-46.24784312660349
B,L,-49.83029800055856,-47.98056181533043
B,E,-37.46930460485849,-57.9265661841578
B,T,-41.86817389853618,-65.3997969840004
B,A,-49.88862455956362,-55.69302685614025
B,L,-44.96549388098415,-51.54656700856451
B,C,-42.96607964688251,-58.41852926727728
B,T,-48.14309096037147,-61.959301138408385
B,I,-46.6920003215121,-51.93246116611285
B,R,-43.94002778388218,-59.60748510609049
B,M,-48.90937362277468,-55.35939393632946
B,F,-39.189087087660006,-60.68333602489253
B,T,-51.121101691233676,-69.00012834279612
B,D,-14.512057574733824,-72.87004360153385
B,L,11.998512351722248,-90.3007868635546
B,N,27.118774380990313,60.57366829597316
B,L,-29.62211858532495,-83.01291069483214
B,V,-44.84364416709948,-71.58519494654969
B,Q,-54.103881276658164,-64.62634874329942
B,N,-18.191748332950365,-65.56351418974897
B,F,15.090881478270072,-128.35521568369748
B,Q,37.71330425427784,57.33711933805201
B,M,122.82188156825505,-69.7898798785533
B,K,140.48309785948402,-68.6455052453426
B,H,-51.080097142559815,-56.90023275717362
B,E,-38.840709627217294,-56.07592069579493
B,V,-48.469908874206446,-68.66153093425487
B,L,-40.154771083956284,-58.43892793005043
B,C,-49.427057650622245,-61.37125790136998
B,R,-35.85819357242507,-62.48264114774492
B,W,-56.31288933320974,-66.42814749573544
B,I,-47.85599621459565,-44.705873013103556
B,L,-33.9005550551807,-69.83462348028915
B,S,-40.19653515374508,-63.148490635115294
B,V,-57.77737362429356,-66.09130697879988
B,K,-38.126442553940564,-47.28757693523386
B,K,-21.984904555409454,-75.78206859592304
B,N,10.564562649617473,-93.34580724927939
B,Y,154.35072159815613,-96.09674970736675
B,R,116.26951108396516,-101.36808265915178
B,K,-36.5023719853509,-59.42000431537416
B,N,-5.247768435973591,-70.01804270089539
B,V,121.4056453153745,-90.93482738704026
B,A,-37.13793194677126,-55.07304076841098
B,Y,-47.8761699751832,-129.90908645499465
B,H,62.22981288006994,-74.38157318536166
B,N,-176.4804904722946,-129.0256320139599
B,W,-42.1933210315297,-42.3790249636313
B,R,-44.72141360777961,-61.14589939494974
B,H,-47.945670678124635,-57.9804091625392
B,A,-45.692122394769065,-57.785090513086644
B,F,-47.40435761684336,-59.61595139931508
B,N,-48.765592240866184,-60.87096506846386
B,T,-49.35063502941187,-47.42810064793933
B,A,-38.0186878715294,-62.73070307908754
B,Q,-37.832569862720696,-67.67770111998222
B,C,-41.1594018465366,-62.32858899551871
B,M,-46.330348997732884,-59.50364323211578
B,F,-37.96218774365491,-62.66102035444639
B,A,-40.84443783257169,-73.47418684616385
B,A,-39.61114460129066,-59.53977513567475
B,L,-42.65477465279916,-70.19379986554276
B,K,-73.62181513445887,-86.70214031136383
B,A,-34.89318194535035,-62.78411445518179
B,G,-6.634817986143575,-84.46780859237838
B,K,31.983214199248124,61.835236559463745
B,I,-27.584699095482442,-79.20886854610166
B,Q,-51.54887134372129,-43.47595414078965
B,N,23.3100335066051,-86.04541514351604
B,K,-13.531781717973683,-103.30438485177027
B,L,154.2463319507068,-114.95738894935587
B,T,161.52631187846043,-79.14545784269157
B,D,-34.571159535778676,-60.78346873635565
B,L,-36.73101909933491,-62.791124256734086
B,E,-45.15657674299595,-69.6257537545368
B,I,-45.92615174709716,-61.38681105921266
B,L,-44.974535710505236,-56.238074919237256
B,A,-45.37030085804179,-63.670810303549295
B,L,-45.576369171624485,-62.757882284225
B,L,-44.83144381271901,-65.73299340973301
B,I,-47.013486669417595,-58.734986185880295
B,A,-49.735987889070984,-58.178321464045645
B,A,-53.33420704624514,-51.7889792730313
B,L,-28.216109299038443,-64.2331937370751
B,S,-14.172055056843995,-95.20041938624783
B,H,-15.761043758836978,-66.52824098667534
B,D,14.1372659104182,-122.04007856747006
B,L,134.15735240615987,-44.071140055712895
B,D,22.10109383569084,63.974760716904804
B,H,139.22905691490521,-59.240800858457064
B,R,8.523379552330312,-101.8914807296586
B,G,38.37741223825325,73.47593884736565
B,V,143.07437231433056,-155.35689052652035
B,N,167.50962027457868,-55.965207972106846
B,N,-44.57954301229274,-64.3587235192144
B,S,-45.62385559400513,-56.76904408728355
B,Y,-45.24101565497481,-65.12403251134232
B,I,-38.66194660461878,-58.60178854103852
B,Q,-48.09120911668911,-69.90541199668299
B,R,-30.486468883166122,-66.8661515721518
B,S,-1.4265559069537135,-84.02432550246175
B,E,35.93164989252251,62.11406237564447
B,H,152.33981536943284,-60.32725666186338
B,P,-34.199114393680055,-55.936317587763256
B,L,-27.597675007503565,-55.947560027121646
B,A,-36.24951197834363,-69.05038629709811
B,Q,-11.78424545488475,-77.8557511576146
B,L,-37.250727686603845,-91.61201064857529
B,Y,142.26149245901505,-127.789790457481
B,C,-8.90128240440845,-81.94364095332263
B,H,163.36976504183704,-164.50642110011768
B,S,60.57084119761892,47.41344923281956
B,I,-54.36849527405558,-51.722534505737414
B,M,-46.54197838698,-59.74080700288681
B,E,-40.67522357404547,-62.37096301030599
B,H,-40.92093425240277,-61.926549243919034
B,H,-46.31662415892061,-62.72073532415269
B,H,-47.55942244076559,-53.418894356865344
B,F,-42.67474452201573,-59.012342927806465
B,D,-37.20682117265956,-61.957048038565596
B,Q,-44.44321476558482,-67.88166864683565
B,C,-48.62594479347022,-57.81007352812718
B,L,-38.25570357445084,-59.26260961413365
B,M,-39.27983602906394,-66.99356779582867
B,I,-41.15510952249658,-76.39340729676
B,L,-21.40137768621473,-60.12982339463046
B,N,4.866587113390604,-109.48330546144734
B,S,145.07110120390976,-87.06310840963572
B,P,138.99341686651658,-61.11738729261685
B,G,-6.1313126672636455,88.80227324375949
B,N,10.147802057260098,-121.91061573804852
B,Q,80.70715224237193,-85.63624035560733
B,I,-15.309251137220707,-71.45529207113164
B,L,4.813971877136104,-95.22399333336851
B,S,-12.534877478590188,-67.78393785751726
B,G,-11.578802264607766,-76.76129796934924
B,L,157.05319696615513,-85.82387506098148
B,S,156.57033468734264,-79.02773896940072
B,I,-40.20174795811808,-45.85238627091715
B,E,-45.58024374683025,-65.70210852589229
B,E,-36.50438553243063,-67.28757452104311
B,Y,-50.64386676950316,-62.7327302971817
B,K,-41.580772880812546,-59.40322164842281
B,T,-44.324242268026396,-60.6485690014912
B,T,-47.91788475819255,-66.67774507220548
B,L,-41.92581018162283,-56.736238106389514
B,K,-45.316490924927386,-55.550236963296776
B,I,-36.29108208114964,-72.22013285021333
B,I,-47.78093159162038,-61.61187080212915
B,K,-41.597313386033306,-57.73979581913
B,Q,-36.46735278252275,-70.74846147767498
B,A,-39.43275324226551,-65.95771988471765
B,I,-48.37532314521458,-72.73078924668803
B,L,-25.70595101813852,-54.68608973440763
B,A,-16.620616959788638,-74.57668207890248
B,T,12.543383830757655,-83.10320766148666
B,D,110.03573181274326,-88.47010133770127
B,L,-32.31991906649473,-50.294424810944086
B,A,-43.44044875791711,-59.6924258492334
B,L,-33.36439539679068,-73.24244088040426
B,Y,-54.353080638574255,-58.77967596675726
B,I,-36.61504027869847,-54.033011550733995
B,K,-19.938865114329005,-71.18505483177069
B,R,-18.59005126534299,-122.33465431970652
B,R,-59.41075363806916,-27.659937973028004
B,G,-42.6142977032379,-59.555183139996906
B,E,-45.2620373194645,-58.284578437389584
B,F,-45.21575861884193,-65.74685150223813
B,F,-39.44774482794511,-63.37420152067057
B,E,-37.0706921383241,-66.10478541658279
B,L,-42.82588560894892,-63.34458477353381
B,I,-55.01416942456326,-65.33195878503322
B,R,-31.932634898620314,-51.14612407175164
B,K,5.48871717725362,-102.18859227990409
B,N,35.27511668788929,62.890079867433506
B,Q,10.642039109305706,-112.24044233552196
B,F,130.45441945625143,-73.0685659963437
B,N,110.50495660568139,-156.02014869276113
B,L,-9.724128344181915,-65.739649046048
B,E,-31.411480585967944,-69.6507961749901
B,D,115.10836741306517,-77.67661895907672
B,P,-44.086700433422685,-43.57871398529109
B,H,-46.32320228586909,-64.01640910834372
B,Q,-34.71584892030118,-64.37117521600608
B,K,-49.23389898998736,-57.70681712195589
B,E,-50.70421308920759,-55.02560875265289
B,L,-48.58999068000519,-58.37464262657613
B,F,-40.17842284086348,-57.06345154897945
B,L,-48.1565498793361,-67.44777857092335
B,A,-56.877054146222214,-44.97090998982164
B,M,-40.45673148090978,-58.00994305947784
B,L,-54.77654328954698,-54.65477510870787
B,M,-47.31359097204105,-50.10662012091161
B,T,-38.16520978161258,-63.145334820110136
B,A,-41.2339005267256,-58.61243090762766
B,C,-39.95267701402654,-76.13878052759611
B,D,-41.60703560697373,-60.2925336716471
B,L,-4.826246383111835,-89.61334168448477
B,S,-21.564898680059475,-49.799089080176614
B,A,-26.81594908689745,-57.203550622128645
B,I,-5.439120350244839,-67.38034915344669
B,T,7.776768850018624,-114.54098225203653
B,K,163.81570698880364,-87.89862143214557
B,P,154.13536284492997,-54.564575406725034
B,W,-45.35932795438531,-58.41298762862325
B,P,-41.44765295496837,-54.89580134348596
B,I,-53.12787123365108,-62.66226929075727
B,Q,-46.025271663021506,-55.88210751293277
B,Q,-39.418739190683624,-62.33559957996778
B,R,-48.25550747898734,-62.2044302001644
B,I,-33.72768956854795,-67.1075382333134
B,A,-37.293405422901515,-64.96357096211679
B,E,-33.68532586927956,-65.00530647117633
B,L,-51.14807696275753,-65.16273319956342
B,V,-47.29149896652635,-55.69350108291587
B,A,-40.97783827395867,-61.42004975398565
B,T,-50.07375733933788,-54.62092880129124
B,E,-45.50585470425078,-58.662775788264696
B,F,-46.84531337885849,-59.13866496320845
B,W,-38.502579287033214,-62.49228140460601
B,E,-34.03696262681691,-66.3297494680999
B,Q,-31.405456167873265,-70.10278876013638
B,G,-40.502508632532574,-59.81564960772415
B,D,-37.86112053755031,-59.07511699280446
B,L,-54.40240071758384,-68.24903044419915
B,E,-43.599769530214964,-45.02259659059345
B,R,-59.357153739486535,-62.968592311261006
B,T,-63.440431671351924,-53.307547424380026
B,V,-34.380764901506595,-91.78118779820227
B,L,14.33026863563587,-106.4980649470189
B,Q,75.05967910781091,25.31926564572162
B,Q,155.7778196695813,-134.6230484538092
B,Q,103.90819072239464,-81.19720813071804
B,P,130.21210729102097,-63.671419495479604
B,I,152.84384228250852,-62.368545549260574
B,P,-49.421617873549714,-39.93516013348123
B,M,-24.270134818106307,-50.31979578266395
B,M,-1.7293281264915505,-109.19325505901635
B,D,128.5216131740548,-100.21667713941304
B,R,-23.67896421444306,-72.59557614713583
B,N,-8.883127559851152,-73.27769006791172
B,K,82.4593756660427,-114.76564395717982
B,R,-86.05228460431863,-73.5951054763415
B,D,65.64118491381159,-31.734919673971245
B,E,-20.74188242579164,-144.72020290894005
B,L,-47.79673062894207,-51.13430770957605
B,P,-51.899214948861534,-58.7905066926672
B,K,-27.23134750197796,-69.44087070708487
B,L,-41.34068586265112,-67.2204852025688
B,Q,-40.31056799362824,-66.90042051191605
B,V,-55.14279595788439,-59.90274980243308
B,G,-46.8759865485711,-47.563139121426964
B,F,-52.644998035810204,-56.41471636610779
B,I,-51.642355809693484,-59.33657803099339
B,D,-49.5001265283107,-57.29731070076672
B,F,-34.084627313158784,-78.1279168050153
B,V,-53.53772114044653,-110.30387973967748
B,C,-58.164134542463735,-79.33007055463618
B,T,-43.3631299193132,-55.02741927459824
B,Q,-29.747566794139367,-62.95527178609403
B,L,-49.64764447505278,-76.27882524741564
B,Y,-32.542827655050274,-66.35253924236709
B,E,-39.912254392717,-58.26154791005922
B,A,-43.69517007175188,-72.17683140593427
B,L,-32.27459945245658,-57.804039818449056
B,T,-31.21039116914781,-68.91727338930502
B,H,-37.65189650608364,-69.61852122164468
B,V,-36.40125190972209,-64.88324709601561
B,S,105.34431698391492,-151.61476566898693
B,E,-39.512444043120404,-40.205379507536875
B,D,-3.277650327622022,-76.58239862988621
B,C,3.000084864744624,-87.6292497451507
B,F,-40.7982002883913,-48.636052656907246
B,P,-28.660582150687873,-56.595310730192274
B,L,-50.85576425867938,-60.733876573288704
B,L,-44.74833174766428,-62.51477196074696
B,D,-54.35175852761591,-52.09182296565926
B,G,-41.66874793363006,-58.769264608266056
B,C,-46.034434742513874,-61.92615370396939
B,R,-41.38757711547376,-64.42151117403665
B,K,-43.20917668656457,-59.92871291641483
B,N,-29.052247627257447,-66.6388961300056
B,R,-43.39719932802667,-65.62796992738332
B,Q,-42.28636093306087,-59.33278243802742
B,K,-47.437468048410196,-66.34434247313463
B,W,-44.65556809772084,-63.70188498930998
B,Q,-32.404190846443235,-59.97476831679497
B,A,-40.74852285778417,-66.94854784815092
B,L,-33.03760430209113,-69.4719376219871
B,A,-12.952185820976178,-62.45646684654765
B,E,11.884000254744292,-115.00300215497859
C,M,-24.000891901378665,99.47079202122488
C,E,-13.64968188499304,-52.62491448046809
C,E,16.64813174737502,-119.84237937025874
C,T,-20.059870029164635,-93.56346844420469
C,R,-38.02585029915605,-80.53395704176175
C,E,-36.685049594417144,-64.79795054851468
C,L,-44.671723620396016,-64.94904099537698
C,Q,-36.659260839518616,-67.26397513309604
C,S,-46.588964589398906,-54.076215012976206
C,L,-39.45809851505951,-77.00205748932117
C,A,-28.253742915344613,-68.43833692295696
C,A,-26.66649961193949,-86.95687555008912
C,A,152.35850901130237,-64.55313792917907
C,V,135.06924520358706,-79.99887534867152
C,V,112.1983998333679,-93.19729209605795
C,P,160.33814803871547,-61.34311890751987
C,S,163.82346016769256,-69.15185636004982
C,A,-38.621358555512025,-60.17563537585038
C,Q,-46.981513205928465,-65.63702375194511
C,T,-39.43586473093404,-59.10453811953911
C,L,-8.344683295671224,-81.82266674711462
C,K,17.03318981647687,70.44995543717255
C,I,-2.112078253112982,-82.02470406370388
C,T,-7.838129045344835,-90.50578111309743
C,D,132.5579160176271,-81.25821997444288
C,F,-15.637478569182393,-70.65063049322035
C,S,3.903040712501786,-88.34007560780495
C,F,138.73573492478684,-50.42960629574644
C,S,134.54410843541544,-122.61580154514786
C,D,-18.659821321559193,-89.79451787127637
C,F,-37.167891957836936,-46.700703645754146
C,E,24.849467209198387,-108.76820789124855
C,L,141.27913303813207,-101.58707379569111
C,S,161.79708906804535,-73.36422743739074
C,D,-50.79167852272723,-48.742048534386946
C,L,-45.681491252578816,-53.95326772959586
C,E,-37.506051418897385,-61.32470807143184
C,T,-44.5087433794298,-61.72487660787462
C,A,-45.02301138163955,-56.90988775132972
C,L,-45.06516958247363,-55.625431610287066
C,C,-47.88046706177704,-56.4868013527917
C,T,-46.71453024336432,-58.189140331841735
C,I,-45.9314063882727,-54.51547291534492
C,R,-45.783419766566624,-59.3743358795683
C,M,-48.384599250364396,-51.46790717545541
C,F,-35.07835742381218,-63.25452571009816
C,T,-51.72326471718994,-73.38257758454786
C,D,-14.111239367770283,-69.86269025360313
C,L,11.706156395579901,-91.75782710484945
C,N,26.641076924796767,59.068200807250655
C,L,-30.696067417095957,-80.71237305052426
C,V,-46.7531319768767,-68.17891906837565
C,Q,-53.675572297117355,-64.23026519156942
C,N,-18.621240873470388,-65.2399823077666
C,F,14.215342234466524,-128.93230665170287
C,Q,38.85430298750461,57.50186473673252
C,M,125.56545562327223,-74.19133939506722
C,K,142.24910993937368,-71.02668162957309
C,H,-49.85455417884764,-57.67584363778878
C,E,-38.453541121107584,-56.86904906047954
C,V,-44.51263886659189,-70.6011883767946
C,L,-39.537201060798274,-61.92685408568122
C,C,-49.96140970382951,-61.22117635292125
C,R,-39.796425436659256,-59.432778887194175
C,W,-53.09287368779708,-62.4931303646589
C,I,-45.25401652504201,-51.59281794549347
C,L,-31.83783354273328,-71.50691097678946
C,S,-46.69717775717344,-62.02743174541103
C,V,-60.352634874127816,-58.98327917420311
C,K,-43.31306727684114,-43.94256415420578
C,K,-22.173770933194074,-72.51396389704261
C,N,4.574144204722358,-90.37410310408065
C,Y,155.20265646289576,-89.32703824416171
C,R,110.07035510217209,-100.94976303020366
C,K,-37.26541167773884,-50.092823117907564
C,N,-9.570264239668617,-71.65247616518646
C,V,128.18987805806088,-85.02096284305057
C,A,-45.61154516560207,-57.835992455113136
C,Y,-48.50355368171333,-122.07416903391767
C,H,57.92691570508585,-75.56579417042421
C,N,-168.15788419371287,-121.57378598942466
C,W,-40.72663742885013,-53.548702854648816
C,R,-48.32190306643502,-55.337364076072966
C,H,-47.067507847066864,-55.36181744723455
C,A,-44.12548961017107,-62.80268235627144
C,F,-48.241464118868905,-61.07489831829515
C,N,-42.606339280281055,-60.497423786428726
C,T,-44.40072522200786,-55.345537200031835
C,A,-38.167662717060864,-65.70459184970653
C,Q,-34.584520245480384,-69.59637826995677
C,C,-38.28574754732704,-66.44100191863059
C,M,-46.999749694479505,-60.31225379997752
C,F,-40.949567664189374,-61.6975233015317
C,A,-35.16295300468346,-71.63378451313865
C,A,-37.36146411926707,-63.587189579156785
C,L,-42.94893329046189,-72.97268641288609
C,K,-73.1130518076045,-87.01967342569087
C,A,-32.537379098266726,-62.353277870741415
C,G,-8.070169609298887,-88.40870912301953
C,K,32.15455824104813,60.544784959648396
C,I,-29.643317422299603,-78.26686219216143
C,Q,-54.89131625395473,-36.7941647107023
C,N,26.40839374312755,-86.42520033266149
C,K,-9.019928029947407,-107.32495007417671
C,L,154.8947308220481,-123.74402088521651
C,T,162.1546155909065,-77.60705315959669
C,D,-36.4172534173655,-59.973248079402374
C,L,-36.98501791972884,-61.2921357861628
C,E,-42.70230242911771,-71.75439235259248
C,I,-42.47860078777985,-64.39083904832047
C,L,-46.27506888451091,-58.91418537523815
C,A,-47.42829918493168,-62.4197655481765
C,L,-43.695454709485105,-59.771446624018125
C,L,-45.02497998630459,-69.96985528979235
C,I,-51.06877843348896,-56.68801981133397
C,A,-44.37167162543607,-57.74071497019327
C,A,-48.73247273331605,-53.80625036986428
C,L,-26.894978591508348,-69.10806176068854
C,S,-16.994772257424195,-95.73582117784147
C,H,-13.218787731103602,-62.63371049432957
C,D,13.952817008574058,-127.87981979606919
C,L,130.12000141806288,-43.63801685060536
C,D,22.751022747401098,67.1762123664628
C,H,142.2744376174971,-58.47388727427055
C,R,7.4143099162988415,-103.13580469581923
C,G,36.60402660389545,72.59063906497678
C,V,143.12750365705858,-150.25357745672267
C,N,163.89343088223183,-51.35312825992816
C,N,-44.73071043724521,-60.40705327080358
C,S,-51.74039157512249,-54.11127385371297
C,Y,-35.72623518804181,-63.32739757664682
C,I,-42.88465960452538,-69.07023087340268
C,Q,-51.966019231281486,-59.35157701118013
C,R,-33.93246356451052,-72.96165396991108
C,S,18.289719886179313,-84.795782971995
C,E,53.61710125472106,28.954127535116367
C,H,166.95034681643082,-51.375089552428975
C,P,-44.13111996847248,-62.08455250856089
C,L,-36.56546662131175,-54.94805890721052
C,A,-16.780036140582013,-57.87598032023399
C,Q,-37.923215184165755,-89.11699020584258
C,L,-55.93894063790793,-68.72604471265043
C,Y,143.63197867412808,-112.54579646125688
C,C,24.023776404758454,-120.36203585571434
C,H,149.2201944001811,-164.74312793318404
C,S,60.12595504161416,32.44201266888517
C,I,-58.61280312029355,-52.683805219656044
C,M,-44.245940479096504,-54.62549182115514
C,E,-38.4463177237363,-67.85641262854028
C,H,-42.25816218638697,-63.1882618445975
C,H,-47.26751382763864,-59.115543601193
C,H,-48.4854798466931,-53.64246159659796
C,F,-38.8513735949283,-61.49220424009421
C,D,-35.76782850336123,-60.28562259248251
C,Q,-36.60010279723243,-71.51143968133422
C,C,-46.87659373097554,-66.48921565505113
C,L,-35.24679693056707,-64.64579520214656
C,M,-33.22131320938912,-71.024041534542
C,I,-47.61437200765056,-77.64187176148435
C,L,-22.48687870398944,-54.09197948278697
C,N,3.6598837454004753,-109.67234452066825
C,S,145.24290002391592,-84.82815423171996
C,P,137.3428398107746,-62.706208806461916
C,G,-2.478768284974888,86.45249450116248
C,N,9.815646343385147,-120.8720337925793
C,Q,80.14653804274543,-86.86909613812622
C,I,-14.11068014689077,-71.5711180164735
C,L,7.287203566735328,-94.46673813264961
C,S,-14.040960001816266,-70.69831385026767
C,G,-10.547825768055468,-74.30604288646533
C,L,157.75572838758427,-86.72516774095992
C,S,156.90754617092742,-79.67912527475391
C,I,-37.31567744217549,-46.987928741238335
C,E,-45.709291077372825,-67.77571423723145
C,E,-37.71666779791475,-68.02664815512101
C,Y,-52.273662150093706,-59.557997337560735
C,K,-42.63180373005145,-59.782399670047866
C,T,-42.904231265816335,-58.628358981340405
C,T,-45.41831270466773,-69.64929845117236
C,L,-41.38265135373962,-59.07676183829295
C,K,-45.88203786225811,-54.36197077778701
C,I,-38.5820437995013,-70.21904728551323
C,I,-48.04320495981014,-61.57673484139841
C,K,-47.13828596085265,-56.6731717757358
C,Q,-35.44952466010344,-65.86871048181611
C,A,-35.23154871872941,-70.26474345980922
C,I,-46.36643149835929,-73.45403606348297
C,L,-26.811568665678593,-57.694442613764096
C,A,-20.58748783740068,-69.46106249114797
C,T,12.329966197334828,-83.52312499189496
C,D,108.62338033514143,-88.81191444033325
C,L,-36.820165529349225,-49.91203117180504
C,A,-45.47934313988738,-50.74938406933336
C,L,-31.326135629109285,-73.92464438026177
C,Y,-52.7454631503737,-63.298240743822625
C,I,-35.33971581659411,-54.45499570875802
C,K,-22.408755892767662,-75.0733929515543
C,R,-19.80186975812396,-112.78866704492872
C,R,-63.77066188537323,-25.243156185006605
C,G,-45.255995497736635,-51.6952447662569
C,E,-42.65840763597676,-59.44332903381613
C,F,-45.60908597739826,-66.74598121750417
C,F,-36.23208887640571,-64.96605704053836
C,E,-38.17815569902206,-69.36516599056378
C,L,-44.959360214035335,-58.75435891199957
C,I,-56.04358578248322,-64.8835542611148
C,R,-31.05450419871002,-52.71836627474374
C,K,9.586828792757672,-102.71208627482591
C,N,36.725064007426354,60.81248278189819
C,Q,4.657691220886621,-112.07167878146487
C,F,133.82177381384122,-66.78585049770365
C,N,110.59436247846145,-161.24460421670835
C,L,-11.066672977912166,-67.38377080016105
C,E,-33.44534383548886,-64.68762395043329
C,D,117.83902235901546,-76.22864829505046
C,P,-44.33979861808415,-45.90574825898382
C,H,-46.89451075048492,-62.49146318758476
C,Q,-36.83838452855729,-65.0709332007965
C,K,-47.4620084277541,-58.795462240702534
C,E,-47.18348229396619,-55.81577329687514
C,L,-43.4410409149231,-62.81353511744732
C,F,-39.72751583714439,-62.0500125112623
C,L,-45.00382850252201,-65.88827654283212
C,A,-52.19667190952357,-51.25137236662563
C,M,-43.09931797411313,-58.08143544671859
C,L,-54.03474880149009,-56.069825733092806
C,M,-49.35132987163765,-49.66058435565444
C,T,-39.63136655593367,-60.80121738793995
C,A,-41.989484871590555,-60.26263982423323
C,C,-43.828658735963096,-71.11630965422212
C,D,-36.27080183811177,-57.050626946236186
C,L,1.6647367109071862,-96.61368060878705
C,S,-14.867390193789927,-61.00159536048353
C,A,-25.933610318225796,-59.687003707154894
C,I,-7.019623825370252,-66.65255438532364
C,T,5.353332472954295,-114.26086749862085
C,K,165.9800522819672,-82.50951408661324
C,P,155.32427335525355,-56.279162962150295
C,W,-46.04046893755561,-57.87515378195429
C,P,-39.00974186597813,-54.06426842737663
C,I,-49.54271767777007,-69.22287344230942
C,Q,-47.81790353439188,-56.942722628447235
C,Q,-44.17614780151787,-58.4076899595241
C,R,-46.07667255145807,-61.57733784141928
C,I,-37.81330531298016,-66.38964607496789
C,A,-42.457483646547594,-59.049638644048144
C,E,-37.59894387490745,-61.11957410235775
C,L,-50.010543210603025,-61.90768226266213
C,V,-46.54278376912436,-58.55160313186591
C,A,-39.32718462093119,-61.01813184365791
C,T,-48.93747817216087,-54.38292421722155
C,E,-48.0825290450821,-59.71708583637978
C,F,-42.97065735258139,-60.73356595024612
C,W,-35.79829665704891,-58.76532748376462
C,E,-41.12291245767596,-67.97113485452672
C,Q,-40.707798715569155,-57.38638619749886
C,G,-36.47922483800203,-60.6884962714609
C,D,-35.78993499212516,-77.9898302742309
C,L,-48.17598067778792,-58.13014652778944
C,E,-37.652871026996166,-60.407391690391464
C,R,-52.28201188225268,-61.97506926115605
C,T,-52.68024413225591,-78.55553581368802
C,V,-17.54967818295904,-97.3811878793711
C,L,-8.048891869347164,-115.70780520696648
C,Q,59.28743479855646,46.669917338776614
C,Q,164.93786646468564,-120.59410222055939
C,Q,112.69383686049835,-85.45370360605986
C,P,137.74486301432344,-72.10084600616719
C,I,158.11839845938022,-57.578810101230104
C,P,-30.784966607439443,-55.99055022609019
C,M,-26.786637327827318,-59.56448642410336
C,M,14.986669525634257,-118.32983862722303
C,D,113.8901015505948,-120.53338720435083
C,R,25.791289867301057,-73.33547847777332
C,N,-15.530751641350168,-115.82356437527855
C,K,33.3201712338318,-108.73028957328353
C,R,-31.095079380234726,-46.27727575968449
C,D,12.118427255264233,-91.4696728453388
C,E,-8.489855665630047,-104.22257918654316
C,L,-52.25089925596231,-44.37881799198603
C,P,-46.88564797251548,-57.099903614914396
C,K,-55.19317856497907,-57.82310142704612
C,L,-40.67121025315873,-51.78708900808932
C,Q,-38.036910032771516,-64.60566213308056
C,V,-54.51742851325707,-59.67695882529114
C,G,-44.02843516363142,-50.70914031831252
C,F,-51.28544671923263,-57.15797151234958
C,I,-53.362689644711814,-60.177860685726834
C,D,-55.119271364917864,-56.07207066248837
C,F,-37.410056708772565,-68.3890939766384
C,V,-54.617627553348306,-108.99109003174617
C,C,-55.83079148554818,-80.45098885200387
C,T,-43.23252716960875,-55.53861174808662
C,Q,-31.495611576206148,-62.75231848941954
C,L,-46.426907956412414,-75.74796190360856
C,Y,-29.218541451351957,-69.90631331761462
C,E,-38.84136111122264,-59.921460101666085
C,A,-46.12843720355117,-74.17121814121049
C,L,-33.33700227583123,-55.34933474133108
C,T,-31.072156159960855,-67.53272643841633
C,H,-40.77771800028086,-69.43884726086426
C,V,-40.119058705139096,-61.693946447798574
C,S,106.02789941010671,-147.09606943030292
C,E,-40.86163227184137,-39.872470610997546
C,D,-1.923446713310465,-75.17926736389549
C,C,4.297736515091318,-90.69237084220309
C,F,-41.290584417416774,-50.095899372679646
C,P,-29.425788079541316,-51.36739263058529
C,L,-40.831687120138476,-66.87670418771923
C,L,-40.051193696479636,-73.16155084379251
C,D,-55.68549058053858,-55.23094917570657
C,G,-41.79072165619874,-56.556015682808955
C,C,-51.09821712915113,-57.972416176525
C,R,-36.70337421255536,-62.442470955330975
C,K,-41.46499929905989,-64.28458376413009
C,N,-30.21652284760812,-69.26038619507693
C,R,-45.85729427759214,-61.75919005612426
C,Q,-42.827380175283395,-58.97445306169786
C,K,-48.81898947345085,-64.22927872070946
C,W,-46.88235520881474,-62.88173093029278
C,Q,-34.263369564480186,-57.98805385368251
C,A,-41.650225734164465,-64.12777657658248
C,L,-30.40019052855602,-70.37391392293524
C,A,-14.814678017497622,-63.39051496240091
C,E,12.312808859258647,-116.12013656931225
D,R,-39.877996120103354,-79.63603083659467
D,E,-35.96633834845129,-63.205354829002445
D,L,-43.376669505622125,-66.03708232650811
D,Q,-36.90434923529223,-68.35129399056856
D,S,-47.517462596025915,-52.97526086668137
D,L,-41.76771325520527,-75.69555867270738
D,A,-26.958206675234802,-68.32313276133961
D,A,-23.11605830043209,-88.31984832592778
D,A,151.21244642137617,-66.77429503659972
D,V,134.22606147766862,-79.4009959483817
D,V,111.28969193675269,-91.97351287077554
D,P,161.94148725251972,-62.27782787225723
D,S,164.19374039243922,-70.28730810485062
D,A,-35.40619599742452,-61.02994765100986
D,Q,-44.42880386506304,-70.1847406906372
D,T,-37.6194936945935,-60.85613381148684
D,L,-4.516734867632856,-85.10778727335965
D,K,15.03809172063603,68.27825491265428
D,I,-2.6605099165691595,-79.3545835547414
D,T,-8.363327734666983,-89.41623233522064
D,D,131.0604082466045,-81.81950730791951
D,F,-15.211138135072392,-69.55002313647459
D,S,5.4594286563619745,-90.86804706561048
D,F,139.4406372041149,-51.5033293424535
D,S,138.14365011624596,-123.69181402422925
D,D,-15.04480113092942,-93.74596145904367
D,F,-40.487641849899916,-47.3820297267322
D,E,27.140060261409246,-106.84211323996797
D,L,142.16778423434852,-101.95631495441857
D,S,161.03107886643878,-76.32487292358789
D,D,-46.678942265837016,-50.38358320446176
D,L,-45.314425982351864,-57.89149285453619
D,E,-37.62879080735985,-61.6055029904704
D,T,-41.239323950811055,-61.89553075133799
D,A,-45.49610633354358,-60.955484304493055
D,L,-44.98528782092372,-54.10731625034734
D,C,-39.28285924799681,-59.18506917287629
D,T,-49.88832029061097,-65.13681756125234
D,I,-51.971656087915854,-48.30145968181562
D,R,-45.45503596978448,-52.1984871619789
D,M,-44.901939265711725,-57.804988143101674
D,F,-36.43050075369814,-65.04114695734587
D,T,-52.779172723013545,-71.20017149707343
D,D,-18.62118535900397,-68.48200842548705
D,L,11.56686506665471,-86.06227110677482
D,N,27.003813630883467,58.78958443633978
D,L,-28.914707367820277,-81.38104977548808
D,V,-46.01467390148251,-69.88908024933619
D,Q,-53.19241074218708,-65.14265791871861
D,N,-18.8620560790511,-66.63551019509845
D,F,17.127376942345492,-128.92690893301622
D,Q,39.08036130164847,55.7299543422181
D,M,124.62038570311222,-71.87279180353578
D,K,139.60717464600103,-70.13928260041533
D,H,-47.8004034783304,-57.226123244824805
D,E,-37.568654898556495,-60.444576549271176
D,V,-44.216890657780084,-69.21412957129458
D,L,-38.867045475141175,-62.750053053021965
D,C,-49.02615794698337,-63.44958695706296
D,R,-37.52134634793215,-61.773403901504274
D,W,-54.684531386199446,-61.91118278292175
D,I,-42.34545122609175,-49.12555207629269
D,L,-33.75568110083075,-75.8486802092271
D,S,-43.27111719728855,-60.06498274850286
D,V,-55.810236453158716,-63.25707697180179
D,K,-42.50404948127,-49.71628328227327
D,K,-22.714419895995775,-72.81395060230798
D,N,5.406233615926017,-90.39115851509501
D,Y,155.43711596718103,-88.67327500209444
D,R,113.40019034624754,-101.01554851975457
D,K,-37.8693331846003,-56.57754187492524
D,N,-7.318186854203047,-68.42540733162993
D,V,122.34942139803809,-91.32268075157073
D,A,-40.05906155635473,-56.2995649657598
D,Y,-50.25932609024912,-123.30659380164039
D,H,65.48373440464707,-75.26443759863656
D,N,-171.6612184610946,-127.76403904666986
D,W,-44.31204180290875,-48.45335985999153
D,R,-46.64396267141969,-54.668967093886494
D,H,-49.26074477269768,-56.60434526533662
D,A,-44.99041615819101,-57.293439563858186
D,F,-50.340409651121,-62.955781899152385
D,N,-43.09127329800358,-55.85044094661515
D,T,-46.81478726210554,-54.97449570472505
D,A,-36.955138746243,-64.12483517907904
D,Q,-36.96012776922885,-67.06067881306494
D,C,-38.511343338375084,-68.69243662074307
D,M,-45.580543438184584,-58.61926617076555
D,F,-38.17044274077933,-63.390814216089595
D,A,-32.33585234502516,-75.4404628418553
D,A,-36.94429195154301,-66.20325543514866
D,L,-42.99137217847704,-72.7718254922343
D,K,-72.29530344664825,-86.71106684859922
D,A,-38.92588765846735,-63.05351060062417
D,G,-12.338783533230524,-78.50260449122706
D,K,29.701532395879035,65.1976124220546
D,I,-32.217923407057235,-78.86538208453462
D,Q,-59.29754551530345,-32.574321841083716
D,N,25.502877656141752,-84.52685236168878
D,K,-9.018733448236283,-105.72763455405766
D,L,156.32358980101472,-123.80675227718835
D,T,163.72275672724183,-80.2784444068529
D,D,-32.871895674833944,-63.98607704583112
D,L,-37.82934639632492,-65.1410173406789
D,E,-41.30277242840365,-69.15248314123812
D,I,-43.50423520128656,-65.29093160835941
D,L,-46.39422145801798,-58.79930021064319
D,A,-47.35982756453596,-61.94303144776598
D,L,-41.34604518385038,-60.351300526997235
D,L,-46.074464293577584,-70.42738825481781
D,I,-52.77898851675992,-56.727382511306516
D,A,-46.23630315589364,-54.82937761332303
D,A,-50.46631069232785,-52.18416880280711
D,L,-22.437995291273324,-70.64136227893164
D,S,-13.439842560980935,-100.76297786992815
D,H,-12.58399440293369,-67.63535423148578
D,D,16.63194107790488,-126.82904053915223
D,L,132.85191499353442,-45.28792327487748
D,D,25.52280023933293,61.64205671457445
D,H,141.94680769455647,-59.94523469471372
D,R,9.942182478254644,-105.38091273887268
D,G,33.64400019706822,71.96085322185763
D,V,142.63187598018533,-150.60863978465088
D,N,160.80402985792801,-48.19975467434808
D,N,-43.783405820708566,-61.599434633758875
D,S,-50.46544066544698,-55.56892071385236
D,Y,-37.79148461614143,-62.19836068473366
D,I,-46.400230954338696,-68.24379944545323
D,Q,-57.79300181419366,-49.29372046186014
D,R,-19.647548399503926,-63.45810466750187
D,S,-0.3785322794812112,-96.64055504293752
D,E,37.82372465816351,53.1230571538518
D,H,138.61678346344888,-63.92161447580685
D,P,-30.39691727539665,-45.208607222830004
D,L,-23.90153671528645,-61.131386843509674
D,A,-32.783785142717456,-66.5822234989566
D,Q,-0.02439790230964681,-89.03266292046405
D,L,-30.941757361649795,-91.08918307349774
D,Y,150.05785855901726,-129.0708299607465
D,C,-74.37643756226531,-52.783061920333886
D,H,176.7478221786188,-133.2049960354654
D,S,58.5577019400501,43.99180366887815
D,I,-59.14190473563025,-52.53923105119858
D,M,-43.4935868888261,-56.92139739852825
D,E,-37.55342629661115,-66.27645753869254
D,H,-39.480632118064946,-63.89527226814486
D,H,-42.94530653113655,-64.61268569242921
D,H,-47.020553131841176,-55.50336616277972
D,F,-39.12295912072214,-63.58405305767662
D,D,-38.753573086960216,-61.52964648097342
D,Q,-40.841836223400676,-65.99086463788866
D,C,-54.79719853216448,-60.87908252588628
D,L,-36.563729731059375,-55.47162940498144
D,M,-33.91372123542876,-70.41569450233109
D,I,-41.2621424355533,-80.76730990373031
D,L,-18.889641167993208,-58.24512173433005
D,N,2.0773421935086605,-115.04864486402664
D,S,143.58147492559934,-83.51738826668287
D,P,138.97298107432832,-63.32675369475571
D,G,-2.966641707433826,86.44956349711902
D,N,9.436632444841617,-122.285781597976
D,Q,79.36586306871786,-85.61416717077621
D,I,-12.710725227312778,-71.71497253430566
D,L,6.8847564558553485,-95.33121016362746
D,S,-12.290603705650101,-72.37353178204079
D,G,-8.598811775621,-78.07258362269906
D,L,158.1818857027977,-86.8759373064977
D,S,154.40903929769252,-78.39100364866417
D,I,-37.69405688831859,-44.3416456031959
D,E,-44.122289996596905,-69.96186102670109
D,E,-38.7416087183422,-68.18487203153298
D,Y,-48.62935999056891,-59.651703046552385
D,K,-41.815154582930006,-61.818948293208486
D,T,-45.087856026665236,-60.88755262195535
D,T,-50.02176727973189,-62.99987585993014
D,L,-38.36621579005567,-58.119700387162375
D,K,-47.60734521748961,-59.337467662486176
D,I,-37.26918541513742,-65.7088717344249
D,I,-45.084761840071465,-65.06956315162981
D,K,-45.105755139506165,-61.90128457256802
D,Q,-37.06338557092257,-63.36254685982919
D,A,-35.1104754019236,-67.13458190785053
D,I,-46.35282360123135,-75.31490052546174
D,L,-24.681304012465993,-60.158305507994925
D,A,-21.208009453981486,-68.89137157693456
D,T,11.865708783252703,-85.25652530010787
D,D,108.10607576025377,-87.62993160144676
D,L,-34.261343848574015,-45.62354894064645
D,A,-42.5711232407521,-60.559947557434185
D,L,-34.94145397699931,-71.81957505267516
D,Y,-54.98224321313068,-60.09445791653155
D,I,-44.066914801883804,-51.343314017919475
D,K,-24.817516377644655,-61.59797329883448
D,R,-23.552313124815495,-116.87300298039702
D,R,-63.51407248672325,-19.762019617275904
D,G,-38.17981323160461,-58.35997436169056
D,E,-35.68811116856066,-66.31840976783636
D,F,-48.97344005136537,-71.17508655096562
D,F,-37.418895075286216,-61.6347365375675
D,E,-39.390730495324725,-66.105094481123
D,L,-49.67084599718784,-58.524933936162
D,I,-56.79435962002437,-59.678791545997214
D,R,-30.30732147234091,-51.71411259363933
D,K,9.26976637156538,-106.07365149686434
D,N,36.92908739218018,60.183485355825866
D,Q,9.907549479801451,-112.14979593424539
D,F,128.02489609521535,-69.53874214466016
D,N,110.55417796214493,-155.51264913942742
D,L,-15.005345580645836,-66.00111177846496
D,E,-30.73314987720794,-61.379782460958566
D,D,116.54386871015835,-81.63859929325656
D,P,-42.36780540690899,-46.61476756053593
D,H,-46.970407353908314,-62.37662559506624
D,Q,-36.1064400509715,-65.67717715878102
D,K,-50.72346363497463,-58.5790813756497
D,E,-43.990839466963564,-55.817164492195374
D,L,-46.196986898590055,-62.17018771353457
D,F,-43.886956203015146,-62.70869179035815
D,L,-48.113522550168724,-57.38609080120039
D,A,-46.97424014889329,-51.79643241756734
D,M,-39.25292091027186,-64.18934814383712
D,L,-51.603365046721294,-56.441323897382844
D,M,-49.72121559006589,-52.17694063556706
D,T,-39.34826565442491,-61.183316954228026
D,A,-43.42004267221445,-58.71113916117507
D,C,-38.813856181653385,-74.28516404389156
D,D,-34.57973042352748,-61.263533374505
D,L,2.6622390310510684,-95.18523795702752
D,S,-20.028533612784837,-59.67025186376736
D,A,-26.487485047973806,-55.46156257139781
D,I,-2.3248042977124657,-68.37610505344963
D,T,5.586086514933436,-117.15947806614437
D,K,161.86275991112043,-82.71278976660821
D,P,153.61920105654158,-52.960564629578826
D,W,-44.56752230976697,-60.81486202149065
D,P,-42.93820084117833,-53.21278240537635
D,I,-54.169324865568434,-61.96873614612581
D,Q,-44.096786185419376,-55.5213980605478
D,Q,-41.28726210635737,-65.40528011312054
D,R,-47.49025331524339,-61.90474012602516
D,I,-37.43312993063554,-65.0268424993174
D,A,-41.42586464752049,-58.792804840933265
D,E,-38.8280543808505,-62.779500778720035
D,L,-47.79530023998364,-58.07370275488275
D,V,-42.47965106193778,-62.09192528694413
D,A,-35.12690600910327,-68.80735513651928
D,T,-47.876044162576484,-56.423228836836074
D,E,-45.51241688528399,-61.82932133199142
D,F,-46.22602204375994,-58.43920151235296
D,W,-31.915775896444597,-62.092596947447156
D,E,-40.35419424734491,-73.14937582026107
D,Q,-33.81007128289673,-59.11917244346533
D,G,-52.5608962212392,-52.75210680751718
D,D,-59.63757130108919,-56.4267439270715
D,L,-41.20764112720281,-39.797866759382586
D,E,-20.648302801560888,-72.04598826641417
D,R,-49.70536465436962,-89.27659702664641
D,T,-51.020473143472955,-63.93412899675343
D,V,-32.687569314394956,-101.42548593215002
D,L,-27.233370195590847,-94.0210290441744
D,Q,30.03005739408987,63.81545280028941
D,Q,157.74922046635768,-94.85386006450392
D,Q,140.88149927003136,-71.35960676766116
D,P,138.31591935418584,-81.40423867301726
D,I,146.85147289679546,-45.02036042702089
D,P,-36.27576936812532,-45.04655376743855
D,M,-1.481825855570699,-73.90867231428557
D,M,4.895847941194567,-132.8461703895356
D,D,122.62715643129185,-97.91793492344765
D,R,-38.4771821807531,-69.36311017647577
D,N,-21.360402390984902,-60.75007941845079
D,K,25.600102005542052,-98.84232359783302
D,R,-22.872331474271064,-59.87261374687067
D,D,-8.23370845931004,-75.71029752608085
D,E,-1.8261646761484942,-97.35702242408584
D,L,-51.4673912691369,-62.12465369605241
D,P,-54.81809993742799,-46.25867382953039
D,K,-19.910479879825758,-67.11434067113312
D,L,-41.44209473641936,-67.41027981885702
D,Q,-37.240929450693685,-67.74951128088546
D,V,-56.047509295032384,-60.11886394239318
D,G,-44.3923153998624,-46.92588350785609
D,F,-50.91232483127216,-59.163351938213765
D,I,-51.13203169900697,-61.23572095715351
D,D,-51.85697745246763,-57.81817744658973
D,F,-36.24729140409549,-74.88333498668747
D,V,-53.88366991252935,-104.96427317452356
D,C,-56.14582906406669,-82.65481376611191
D,T,-44.35237842860373,-55.71961837739531
D,Q,-29.709607763042666,-60.17364601487323
D,L,-47.089957421744636,-79.71303166621684
D,Y,-32.1665317446375,-66.23534993334235
D,E,-39.00405542774351,-57.104615979692134
D,A,-39.67798218641796,-77.6972952933661
D,L,-34.3708362721172,-59.94327668117003
D,T,-30.33279129899808,-66.78449572508713
D,H,-38.24921396269783,-69.85108923679064
D,V,-38.10316779592547,-66.38124692817424
D,S,107.23488814332757,-146.64813702026657
D,E,-39.27411986116069,-40.75691512359928
D,D,-2.0284982657476385,-76.51048854534423
D,C,4.591841171918031,-90.86710843159948
D,F,-40.576864318057055,-50.11264323057912
D,P,-32.10928987398586,-51.32082805919063
D,L,-43.13437557673143,-63.263333395552756
D,L,-38.21808697128505,-70.57561265573908
D,D,-53.11886025383499,-58.67274680051799
D,G,-45.615398186722615,-58.98899113089096
D,C,-48.90645522798247,-54.390770215477524
D,R,-40.746630984912045,-62.892420847120405
D,K,-41.37136177100467,-61.16100280087348
D,N,-27.100696644071995,-70.68847421883842
D,R,-49.22225505371764,-63.452626125265304
D,Q,-40.444088293135515,-56.29348228123922
D,K,-52.230917657975155,-66.90959050777886
D,W,-46.071433609655486,-57.16410649094825
D,Q,-35.09203537277131,-59.252634633599364
D,A,-38.58756566062293,-65.86224499504904
D,L,-30.73917656114426,-71.03279558209935
D,A,-14.473350848382617,-65.30159160170078
D,E,10.996236234473617,-113.82374833052941
