Chain,AA,PSI,PHI
A,Y,141.81937540183668,-74.08119469164033
A,W,157.1072502577487,-151.27409746087432
A,A,175.3494354031556,-142.91266733352396
A,Y,-2.216577827892729,-94.50266313371958
A,S,171.17320405473913,-155.85180327325594
A,G,-160.29185745749038,80.62027570192025
A,A,-18.431136006857816,-68.17654080634543
A,Y,22.052530198333795,-116.56799769635364
A,G,174.49135421831613,-69.11960406311766
A,P,-35.65618196776175,-53.05774600507636
A,E,-14.00111496743621,-67.44516879289255
A,H,-1.0731641995432957,-112.57868780804918
A,W,-31.5665648762522,-58.376956896090974
A,V,-24.15302782543373,-64.76505750105878
A,T,-39.57571824687712,-57.45835071851448
A,S,-22.725664219082468,-104.42335389463122
A,S,101.69236639344318,-130.4919024513636
A,V,-35.33545431542613,-59.43498119999603
A,S,-24.00694566253878,-63.891960781663066
A,C,-14.011776653829605,-59.80803907173247
A,G,20.77688345445422,-106.59110505713473
A,G,179.25580484070832,-74.3817309221649
A,S,-1.577288697088512,-103.99239240793949
A,H,52.80420175177067,-122.1315360893702
A,Q,157.87705852485908,-92.6935332330618
A,S,158.3302807485413,-120.0403071324364
A,P,174.78272633982908,-83.80264225976043
A,I,162.72040622542107,-137.04414543507636
A,D,126.35695538101267,-86.95825933441637
A,I,111.73000165373874,-95.31259633350248
A,L,113.04062865681747,-90.43292179681546
A,D,-32.50242110621388,-61.23601540534432
A,H,-13.089301036447738,-78.66059343624235
A,H,-1.3344448796310866,-96.9129297340565
A,A,148.9955211328039,-85.0602542033885
A,R,131.3549949868596,-89.16107414111559
A,V,152.35222494578315,-109.87644140744615
A,G,15.35767543529668,97.22277147474752
A,D,-18.587293940155003,-67.3771003680807
A,E,52.699570428912274,59.56487141204268
A,Y,157.29544707193003,-71.36324232410666
A,Q,150.35804500693573,-69.13490141722244
A,E,131.02639299304715,-46.5283317937552
A,L,120.34626988838743,-66.43156129980864
A,Q,126.1380509060857,-118.68350605056455
A,L,126.82952062567519,-104.49181933735116
A,D,127.07214080769371,-111.3006720958856
A,G,-8.310497775103595,88.19141228009616
A,F,-19.822743330113187,-68.76722139553056
A,D,-10.146170197884434,-87.18370950406255
A,N,142.78255237919808,-76.26696123528278
A,E,139.6298951397143,-69.99414468046182
A,S,159.0968236798495,-71.067107079207
A,S,157.5897912981057,-81.09827891706506
A,N,-8.65814148578711,-69.95339463159708
A,K,-27.100715478459396,-75.38548051386836
A,T,139.48897658888862,-59.64456705114287
A,W,166.74888076155548,-141.7658134166316
A,M,145.2938118575984,-126.73447190152272
A,K,137.17730486680824,-138.15458589172383
A,N,107.49812716336702,-84.42347619806266
A,T,-9.68320981804385,-88.3584386632236
A,G,-17.076557564137573,93.07486989883061
A,K,-22.621803112172227,-113.06815338881793
A,T,179.7625788134528,-164.0101190290502
A,V,125.85461335441504,-108.40590942513164
A,A,140.747019228984,-113.63151091682234
A,I,123.16648183570632,-109.2858784774047
A,L,108.88874159133091,-94.27670235142232
A,L,128.4637167516952,-77.81116868997407
A,K,-1.5116361108563285,-107.56852944155584
A,D,168.44015152889682,-104.7369662809486
A,D,116.33636639072071,-91.8179493318827
A,Y,136.57590221041966,-125.64250887617294
A,F,150.29134574747323,-132.3202077871232
A,V,143.50563688031187,-130.96698371546233
A,S,178.12172779475966,-148.6762834827754
A,G,-164.54565924907834,79.57085923415478
A,A,31.936322791454483,56.92302366779694
A,G,16.922576772760262,67.07600057743849
A,L,145.4453602669975,-73.71214005032076
A,P,70.70578441953498,-84.72552220053358
A,G,-174.14138057011164,120.60223008034656
A,R,124.04376950151631,-103.62960328473645
A,F,144.33613458898463,-108.17487969071733
A,K,136.45329035165537,-107.70619134715729
A,A,138.86948890936299,-75.38406932857285
A,E,-49.72052121851671,-109.75536307882106
A,K,165.67459368245102,-161.02217122791757
A,V,136.03686459942918,-126.33690548786431
A,E,157.37554929395665,-129.38638520229665
A,F,147.94335928597928,-126.3263941600271
A,H,135.05370313230898,-131.30115126154539
A,W,176.51262531743387,-148.93540930827004
A,G,-135.37013498658285,-94.4361095391467
A,H,-50.208457526963365,-122.56357462446552
A,S,152.57398384177392,-160.80679280829509
A,N,37.3944093902497,56.458296706055926
A,G,16.32852367288533,77.6669578064228
A,S,156.17875893620632,-63.59897472255423
A,A,127.1559477620776,-54.68095315174757
A,G,-11.263355805048041,-133.52976813931826
A,S,157.13717087005327,-74.22168100908395
A,E,-52.46487161733466,-83.28738553723744
A,H,163.5075017617267,-80.19718555450287
A,S,163.420196674674,-140.77648657473085
A,V,120.93613309420371,-126.48492215754406
A,N,39.894515388389394,53.606992217102324
A,G,-7.553597819132818,82.63598168499824
A,R,124.74024962780251,-88.99523423750362
A,R,167.64026712696304,-102.26477314674534
A,F,162.22286467139006,-125.10211213278743
A,P,-22.84346541505029,-70.96995951465084
A,V,142.9744969507366,-145.96265043827268
A,E,131.3846504342401,-121.53656136481786
A,M,134.67533073786734,-106.37179490554064
A,Q,132.7865780461872,-120.13723515509274
A,I,127.31180697187463,-112.82268530623617
A,F,141.19338296801118,-104.15477771337702
A,F,153.10909827946605,-131.41720243370423
A,Y,163.57838744576125,-133.18694716425568
A,N,106.8801278463174,-91.62320612001947
A,P,-12.986584001986586,-69.6416547690066
A,D,-11.210241886554465,-81.5105982390095
A,D,-33.194770732206486,-103.5599123361578
A,F,149.85960856704247,-139.32905162734681
A,D,-25.33083425432291,-65.96469552072071
A,S,164.07407182064512,-156.41788585790587
A,F,-45.45965051647475,-62.80257146713944
A,Q,-43.74293482838906,-56.82428243266191
A,T,-39.78993606518453,-65.37234289678085
A,A,-47.246749627563325,-59.276813351299246
A,I,-56.916396420947265,-57.638469728854936
A,S,-31.64478756260846,-59.4139263926605
A,E,-3.1622885385143222,-81.91303795432528
A,N,44.32537146832587,54.82005824044295
A,R,166.57282364119123,-101.97351464204561
A,I,126.12775571491593,-61.4082349132895
A,I,164.94593037176764,-116.71801498438165
A,G,154.60535854644695,-114.24637040862844
A,A,140.19602766250952,-148.22978962171698
A,M,141.81314860488607,-111.44288679253773
A,A,132.30737302878947,-119.39943224896618
A,I,127.84493953500393,-128.12798682512945
A,F,149.58072410208732,-93.45608585311142
A,F,147.84020830951388,-113.2283822443639
A,Q,141.70018661593346,-132.80786697198496
A,V,147.65735381362887,-68.24184732678934
A,S,152.97704350849642,-142.67844340767306
A,P,-24.92923285032114,-66.46471964552622
A,R,153.88220212740123,-118.7810802921893
A,D,140.93582464170808,-56.200978044536065
A,N,108.6433290244053,-86.99211653031428
A,S,-28.451475022815387,-62.343414667282694
A,A,-26.52884700944717,-60.95330988925687
A,L,-8.490761831809328,-85.74398834703989
A,D,-46.19972182004974,-46.314564291521165
A,P,-34.95245493638356,-65.2480847146851
A,I,-45.72129834428031,-70.55418598518916
A,I,-45.79445752391459,-61.5813859543465
A,H,-42.34658952348984,-56.9777472975517
A,G,-47.14633674024065,-55.33899612699128
A,L,-38.24744375021398,-56.896224810722366
A,K,-14.99465947590528,-70.40064235791931
A,G,0.574920747494068,-97.09878851277382
A,V,37.99781491010711,-129.0095244854518
A,V,-38.29974737326735,-58.1507688569825
A,H,146.216137670427,-94.7503075548878
A,H,130.6413175119619,-46.574654316342055
A,E,-7.803916093774435,80.67970724336894
A,K,141.71074682656993,-61.97135273787959
A,E,149.77668839000282,-129.96517866585174
A,T,149.30013512413188,-150.31977040281396
A,F,156.6101947414853,-75.39865366389665
A,L,144.92968134525935,-111.29691506540613
A,D,154.72486042148054,-59.71973706602308
A,P,132.33640045634928,-58.70420145937068
A,F,164.98003223642104,-128.20269620165894
A,I,108.97734980618232,-109.80050893999211
A,L,-34.74135139045824,-57.56486888230885
A,R,-34.31590989566277,-57.44107596791528
A,D,-3.4091361758824164,-79.8863437625792
A,L,-4.17907664741292,-95.96497712797424
A,L,156.5117643111902,-100.81008372959772
A,P,147.16785666308914,-57.764005281885304
A,A,-34.38600203109281,-59.40917945787247
A,S,77.59158392847253,-86.02048444096258
A,L,-25.262468551410134,-67.56727918360309
A,G,-0.6271506198366056,-81.68912485387514
A,S,100.78969443699691,-110.82774991530337
A,Y,173.90036150595967,-154.25298487914824
A,Y,155.07050368735503,-115.74827165313215
A,R,136.5258021251692,-131.06539663420617
A,Y,165.81334723368832,-153.95084242836745
A,T,132.85946311637466,-99.83884252659564
A,G,-139.8979786561234,-156.47971358719465
A,S,169.29436226423195,-137.09764710972132
A,L,146.33529374325775,-61.52552689182945
A,T,9.752247786376783,-97.33304772451886
A,T,158.43060326473008,-133.351522956167
A,P,141.77552683556158,-51.95537277202228
A,P,6.387408668533283,-81.19325312258208
A,C,31.4769781158219,59.10688421342412
A,S,132.06844805396318,-60.18870032144904
A,E,71.07301267464794,-85.36512109641738
A,I,15.977841012677356,-138.77487160130903
A,V,125.17123662921306,-104.36929483157436
A,E,112.01435966305289,-90.01186358994374
A,W,139.75172985705072,-91.76220023807576
A,I,120.35781762990516,-114.84913642124042
A,V,113.96572646241655,-115.44090456005253
A,F,139.87536716661538,-73.72384085895493
A,R,-33.31285897037918,-75.97330567916069
A,R,139.7065023163063,-104.04253982242956
A,P,166.04613910289993,-86.13496346750671
A,V,139.56494087129383,-101.72331408129371
A,P,148.4873610755968,-75.16580494597139
A,I,145.32563382045453,-147.202100319458
A,S,162.91027587468702,-87.65881229025848
A,Y,-33.14795687264905,-61.62208620904069
A,H,-40.97420390851772,-66.73518783484059
A,Q,-38.09817700406878,-64.45723656696305
A,L,-31.814272997527304,-60.15635820084179
A,E,-29.243743311170768,-56.66062664140088
A,A,-30.988869122209486,-66.66741048756683
A,F,-43.181089320185755,-72.8326964550317
A,Y,-18.184047748911922,-68.49809781512418
A,S,-1.48213639178152,-88.93446373281773
A,I,141.4105911619967,-73.70957123646241
A,F,157.2228638008416,-105.37214248227423
A,T,167.0799258220244,-127.73898581397623
A,T,110.94537330837497,-118.14016026605218
A,E,-49.29173781927937,-76.89638336685753
A,S,136.95333165453522,60.007589602418626
A,V,126.7358599681561,-109.567056147072
A,E,162.19343508644891,-128.98034725821702
A,Y,145.094269146701,-69.54485867216515
A,L,101.8517563473571,-86.7341911647996
A,R,157.84667632454787,-141.03602828565897
A,N,44.72190053641433,54.832177030802825
A,N,66.4407833027918,-93.19637417423553
A,F,150.85484914388806,-135.23782217143653
A,R,140.0513712831411,-85.93205902123894
A,P,150.5668325449802,-56.64393369117371
A,Q,154.74882425215642,-72.67397226279755
A,Q,158.65531247377544,-117.81006792947089
A,A,136.88831283501497,-71.49694107926936
A,L,-34.92352682102279,-67.11818589484639
A,N,-124.73121156319588,56.80529077827501
A,D,8.560055444648889,-88.27225687480113
A,R,153.56669091860124,-85.96243173241565
A,V,143.0011971217866,-122.0030271897991
A,V,139.8828838322899,-97.18555773911197
A,S,146.95552540310317,-105.32689502188899
A,K,128.26418352534026,-114.8792916083351
B,Y,141.7992860205597,-81.15329826863359
B,W,159.30338844871196,-150.85769264596556
B,A,175.73493319021566,-146.38558970755918
B,Y,-3.1733267655178574,-88.52223683032477
B,S,173.19378087904568,-153.48961854953725
B,G,-162.62211896757222,84.169073330981
B,A,-21.526103370443728,-66.1229445661775
B,Y,23.61283876658089,-108.92284295815978
B,G,174.91282145118112,-73.491317952968
B,P,-36.12000271868274,-52.15602594177341
B,E,-19.492679043124586,-65.6588090304144
B,H,-1.373123070787197,-106.78123140397618
B,W,-33.39788049513939,-60.151280855094384
B,V,-27.69505938480785,-56.77942473618988
B,T,-36.94557302532674,-62.40577390821697
B,S,-34.42923886121966,-98.71363194353243
B,S,101.32599131069048,-123.32471861681587
B,V,-34.83416928300607,-58.22125809614376
B,S,-21.9529634138566,-59.522121733222804
B,C,-16.970787198770108,-67.53804237537427
B,G,22.161718130389005,-98.42281623968383
B,G,-178.65341812805488,-78.14674783902527
B,S,3.6555116200654547,-107.6025265851316
B,H,53.72050563905285,-121.96178012549264
B,Q,158.56865536983753,-93.12194066163214
B,S,158.01517648039214,-121.97046060800587
B,P,179.296608490385,-84.94357058439863
B,I,161.40575840545927,-138.8810859994898
B,D,121.2688306129536,-89.35881910855844
B,I,113.35385328867736,-91.6017713937924
B,L,113.19483028415468,-93.28160789448242
B,D,-37.23499171713485,-54.69024956468565
B,H,-25.021806415402096,-64.91609659288316
B,H,-9.530915954611329,-95.77385452646514
B,A,143.07933038801374,-75.92535631648161
B,R,129.0315266825419,-79.85801289188906
B,V,96.73224395808815,-87.71584764619458
B,G,-150.0244226139526,-101.70177620130326
B,D,161.26827396169347,-80.66449934148991
B,E,135.69055731876858,-64.09040027577477
B,Y,151.42870221863882,-83.28004875372112
B,Q,134.41846203729474,-46.00264420844327
B,E,128.59254206871168,-56.89607851550808
B,L,122.29359512503953,-59.73532249559603
B,Q,132.37572534545947,-128.77254448401663
B,L,139.40758914926553,-104.7786032328969
B,D,120.40610740016243,-127.59978103231167
B,G,-7.4809688502826335,90.39218449058342
B,F,-22.035560829315163,-70.45583630663253
B,D,-7.83621621892678,-83.13183819555373
B,N,145.20494286314064,-83.06475886176266
B,E,145.85884651214442,-64.88223725295906
B,S,147.38351138341926,-66.37556418573908
B,S,160.87024373908284,-73.35463950665441
B,N,2.7607809842538056,-72.98111753095209
B,K,-12.777025318047357,-90.82852336131344
B,T,138.26923802436863,-68.31457548319828
B,W,167.49240659005076,-141.74661063561712
B,M,143.11635260537713,-127.22382299495524
B,K,139.25155450745055,-136.81975887396862
B,N,109.47908893621211,-90.04717703728336
B,T,-7.694438435277438,-88.9714224253683
B,G,-26.037338598160726,97.15669400023826
B,K,-21.986977094185,-107.7889144895609
B,T,178.82066623432002,-163.95634240570993
B,V,128.28539530210574,-111.0611564261981
B,A,145.00932123697558,-116.6745427501061
B,I,124.14928621584637,-112.55153263562698
B,L,113.57234432169551,-98.76239749527531
B,L,132.32534648071132,-85.64140357147193
B,K,4.174095002128406,-112.96341391991415
B,D,165.79723706544283,-109.20636743479015
B,D,118.3854312909586,-85.7395245252322
B,Y,129.62385359859096,-128.9139051416727
B,F,147.24109519808164,-126.11330644714867
B,V,145.2032347155284,-128.92071997307167
B,S,170.05647404825243,-143.97202516651228
B,G,-168.50676918004922,89.3144225174914
B,A,24.740382772888616,61.26137667603792
B,G,-4.581080906426973,87.88175430513355
B,L,148.70460554655534,-72.76501127202289
B,P,110.85469037896073,-89.29525633712684
B,G,-159.71267805289642,74.55387790682768
B,R,141.83612787561285,-101.97883077389164
B,F,145.71005817601477,-120.22866460900863
B,K,134.66646451477314,-113.67797252511038
B,A,138.0485344596714,-73.31029401975275
B,E,-47.20714195246696,-108.8708933481087
B,K,164.2633962991414,-161.42673353947595
B,V,136.6097247471884,-122.8673264256841
B,E,157.3380811200458,-130.67910342191138
B,F,148.72682773455364,-125.7435939976941
B,H,135.59299667394382,-132.20790195522017
B,W,172.92811138573012,-149.01126650798102
B,G,-133.38927893902456,-95.5857293762364
B,H,-52.61723969665025,-116.83273616225443
B,S,156.44244253320448,-165.71202486768712
B,N,39.13797521092309,51.3781253451115
B,G,19.397194030936625,72.84931811885059
B,S,156.74745905648814,-65.1976525690088
B,A,124.65427472215099,-52.051114557129985
B,G,1.1208927707731184,-135.96790893926575
B,S,156.64807397687363,-78.86875163167745
B,E,-53.437893026720005,-82.97072842725798
B,H,163.77891532193655,-81.37353887672822
B,S,162.9617838402055,-141.71745357604107
B,V,115.95723171510653,-127.04311679093661
B,N,38.08912521901253,55.646380954543616
B,G,-4.422099931909919,81.84488188387128
B,R,123.50837238752698,-86.57444048502728
B,R,163.08582518521555,-102.59773528822818
B,F,163.40662332713583,-123.74327077141511
B,P,-27.882259476813967,-68.95576665760898
B,V,146.04662675081406,-143.09239620455955
B,E,130.62275050664246,-122.41237350706048
B,M,134.07069391010174,-106.56605959497222
B,Q,132.82694150770934,-121.15291713209744
B,I,130.82527632823025,-113.31982450244585
B,F,141.06086180731546,-107.52181364142798
B,F,152.9716268769545,-131.9873027617639
B,Y,164.81798478568345,-133.53310226097153
B,N,106.34271864798556,-86.49226554239345
B,P,-10.414533435659692,-76.32290030935572
B,D,-18.594929328494082,-79.75066750026795
B,D,-31.775739824333915,-105.03477856233485
B,F,144.27957655558043,-130.3583537638875
B,D,-19.49543466125526,-74.46780385320514
B,S,164.79933035226532,-161.1258244813513
B,F,-38.98624399956505,-63.46421091421452
B,Q,-47.103186317307035,-57.453364115080745
B,T,-46.17481637011436,-64.29390496249675
B,A,-41.40366106878609,-56.53468920494385
B,I,-44.010813491674064,-64.08935636264063
B,S,-27.63315103313557,-69.49813761163342
B,E,-11.306137162370856,-84.33943663042807
B,N,43.0034434948721,59.798094954237385
B,R,174.0852469363845,-106.56044753568297
B,I,133.9948851156846,-61.76856816426012
B,I,152.25493942748574,-115.57510713843708
B,G,149.98639166009607,-102.1769947676055
B,A,138.69831057473806,-143.93520092619994
B,M,138.32855323428402,-107.4809309910303
B,A,128.422191560902,-113.08018812812625
B,I,128.2489225268671,-124.77139955012633
B,F,146.12374266268577,-92.36133729766443
B,F,146.56104500144,-106.13018125118796
B,Q,140.53308583972563,-128.38571653812718
B,V,136.69438228774666,-57.860485323926405
B,S,152.59699643445808,-134.1085793052328
B,P,-22.051581020880896,-67.92670415460691
B,R,160.69263306031854,-124.36986542913779
B,D,139.8576600652135,-59.82113214488727
B,N,108.24542856953228,-91.93041341720647
B,S,-21.07886778439332,-66.68068316038402
B,A,-27.225083153049415,-60.39116871886683
B,L,-9.639420388072734,-87.31772021620233
B,D,-46.16569138873077,-46.58851828902342
B,P,-34.73456573839495,-64.63084891488208
B,I,-47.36627211222809,-68.10621501373441
B,I,-45.733273302424884,-61.81672456526723
B,H,-40.83639817892093,-59.584276622940685
B,G,-49.603626776003175,-58.153461737952554
B,L,-39.799803959608695,-52.26569720817373
B,K,-22.101723620747524,-64.824430691149
B,G,1.900661839769469,-93.72694779823844
B,V,31.999694266763914,-131.32151465914737
B,V,-45.221069234758055,-54.64049331211284
B,H,143.87388166334796,-81.42325853240227
B,H,130.34330930145813,-51.53320084533282
B,E,4.225324048827545,74.47517558307071
B,K,147.3641796874223,-67.60177136309505
B,E,149.03160334480495,-133.22329594702992
B,T,146.62933432070542,-151.93178597425066
B,F,160.6089866749671,-70.61895067670565
B,L,145.643596671392,-119.00759494122578
B,D,151.0184488080741,-56.449151530208276
B,P,135.48240922704144,-60.272096004962044
B,F,160.41551841983582,-131.31118390562588
B,I,114.40848671178266,-107.69143459986044
B,L,-35.50106089015352,-62.64862923657156
B,R,-36.96831059230303,-54.43945549171303
B,D,-5.844614689266262,-78.46547516797034
B,L,-7.830638812060689,-91.67914920601436
B,L,163.44717912591784,-91.65658138769419
B,P,146.20135445815376,-56.45328880113638
B,A,-34.92569427308057,-56.631543063537535
B,S,145.4714992718302,-122.62077005129191
B,L,16.730139635488424,-113.50621059388881
B,G,-26.946551249628133,-70.08481009621792
B,S,108.12465351152902,-112.82850382383413
B,Y,163.88125152550157,-146.31640598563743
B,Y,151.9335136452749,-110.67477986378069
B,R,133.29159959736933,-125.8985109085174
B,Y,164.301990303659,-155.07765397014194
B,T,128.60931946564673,-100.35873853695111
B,G,-143.94522250583196,-149.9557270394586
B,S,169.897240306307,-134.15238365386568
B,L,146.8534311258153,-58.71983146936338
B,T,5.055505504736825,-97.4065001027703
B,T,158.08784943022462,-126.91056456714082
B,P,139.96944054733942,-50.832681365641236
B,P,12.463765915159785,-87.16203059240573
B,C,31.378770465800933,60.68538301450461
B,S,135.72877732262012,-60.979933189512906
B,E,72.12990216080186,-90.53557899378137
B,I,15.233664269672088,-137.63018585254935
B,V,128.77798398639032,-106.2526730302563
B,E,110.92632678610656,-96.38028501845767
B,W,138.0838079006904,-90.9546762984291
B,I,117.21350585655544,-116.01473566249163
B,V,112.88098362744512,-112.08328156393725
B,F,139.51251622737527,-79.09404732708686
B,R,-30.56530415027771,-84.03915646863011
B,R,126.18193521182792,-85.86781545660698
B,P,166.0768447748188,-84.81653784358097
B,V,131.64432909632274,-100.01423761645955
B,P,145.29602216596626,-68.32948329346002
B,I,142.8206302796459,-147.68609701338045
B,S,162.40843875388785,-90.25867054739473
B,Y,-39.57438903019599,-57.197023953153554
B,H,-41.131747888933766,-62.24497843935528
B,Q,-39.38330346322096,-67.02838146209194
B,L,-30.57174986033266,-57.7281597520668
B,E,-33.7407340825585,-51.91264140687943
B,A,-34.248954274373226,-67.20059566234991
B,F,-36.990487544114025,-65.42807807875553
B,Y,-1.537286027043187,-79.94164932953429
B,S,5.554652013872922,-100.10250638975583
B,I,139.26458028029666,-81.87638541554222
B,F,155.20537421481058,-99.40973943949905
B,T,158.2752844758597,-134.23036209560038
B,T,111.26424392710229,-122.99037066632424
B,E,161.08470516737725,-117.43188204189504
B,Q,-94.40171079227004,66.59355640727759
B,K,108.51925975216965,-129.29277077213806
B,S,150.33486120089577,-133.89171479044907
B,V,133.33489907203307,-92.91260282231173
B,E,164.54537084365728,-137.4312553270198
B,Y,139.89743153163525,-70.68325709076937
B,L,111.11964999320844,-81.73061727553029
B,R,154.0440271561549,-146.5335331261549
B,N,43.39169850603158,52.21307679578247
B,N,61.70199272836876,-87.88471140970937
B,F,146.89933713688606,-131.00400769038117
B,R,138.38245610141345,-82.3958963578094
B,P,147.61869778204442,-51.838332460360014
B,Q,158.94384292092948,-72.31195823575982
B,Q,156.14004348281244,-123.67275169104528
B,A,140.81188376099297,-67.12355206510611
B,L,-35.45738578922771,-65.04668832660533
B,N,-121.91393991276635,52.97948049242462
B,D,-2.0249228319990262,-82.4736377065321
B,R,152.1915793299788,-80.7657453594829
B,V,143.22093819342544,-120.1947682880677
B,V,135.1044884789674,-92.16581763684277
B,S,150.50482529035924,-107.66361999819406
B,K,142.73480696775403,-105.28167825908974
C,P,156.98668013621267,-63.3112556945571
C,Y,136.09625858750698,-67.62386616198808
C,W,161.90633907109216,-146.19186813303494
C,A,177.45202731736364,-147.8487946769121
C,Y,0.09920691981085966,-95.32549295669224
C,S,172.3198965727236,-155.20002105513657
C,G,-161.92499314233646,82.43704027957313
C,A,-25.468900106117584,-63.310610806786165
C,Y,22.58142025319478,-109.06030374210663
C,G,177.6424298047795,-77.9985981567765
C,P,-36.19547136741414,-55.396090274457016
C,E,-15.9475233179989,-72.4010366142118
C,H,1.9640698039880677,-111.10912304183746
C,W,-34.98845618656482,-59.148117309612005
C,V,-28.333475524712835,-57.396309625933036
C,T,-34.25202513645268,-57.791097667372895
C,S,-18.836889726914237,-111.7402273879976
C,S,96.26631041547573,-132.43686472676353
C,V,-32.17389369173998,-55.851793457260946
C,S,-22.500159190143933,-64.19788179912807
C,C,-17.32879746271356,-65.3752370604022
C,G,9.488013216873513,-96.50428364060834
C,G,177.60934605509536,-69.21642522117388
C,S,-3.337310032869069,-102.41899691510343
C,H,58.419400951042846,-117.43239333535969
C,Q,161.72307418607957,-96.11565880578105
C,S,157.59705351582653,-121.19148721750226
C,P,176.28137507653807,-86.64179101931241
C,I,159.53282333654778,-136.6100140298043
C,D,124.63022687842692,-84.0958032066787
C,I,116.38173602458214,-95.22599844865071
C,L,115.77867552734179,-94.59696908976227
C,D,-38.08542563363293,-63.0962701048803
C,H,-9.89055713884311,-70.23281228629138
C,H,-2.197672334968436,-99.7360739889259
C,A,144.46717779451131,-82.42496248451624
C,R,130.45446099560198,-78.66170580636637
C,V,161.36249261311144,-110.95700004839767
C,G,1.287367321202475,81.35824910416525
C,D,88.36450119229215,-75.07400195439288
C,E,98.00557615416199,-88.46038813487438
C,Y,160.91089482757076,-109.98387124345855
C,Q,137.33605191329096,-46.73892194451845
C,E,149.48184458172173,-56.38761614101981
C,L,126.41411855312484,-59.105434430374125
C,Q,126.12368737433252,-116.70699259476808
C,L,142.40037168966896,-108.88666596430151
C,D,128.48154231658788,-130.73833419143853
C,G,-15.744156458005026,93.76643035803747
C,F,-19.25860803624949,-72.31900115369218
C,D,4.9778824470707175,-91.09000327787878
C,N,150.39442724241366,-114.47948035055212
C,E,145.53900712660086,-63.21849370681181
C,S,160.2563137754657,-72.17790832806097
C,S,164.4325117821807,-88.53607225901504
C,N,-2.811335910152859,-76.52282132703975
C,K,-22.135914884015893,-79.84439930121184
C,T,133.34208145691477,-61.49430002345696
C,W,164.47752043767153,-136.6905422413868
C,M,145.4772097447321,-123.30666365334056
C,K,136.2255620844005,-138.0819132597791
C,N,108.90078554176785,-84.48485981126473
C,T,-6.902198072082605,-87.85481332561072
C,G,-18.927424701507828,91.7186221955191
C,K,-23.38760142926381,-113.99753288823175
C,T,-179.95039845331127,-161.40059931379866
C,V,124.66123497742555,-108.53878416868946
C,A,140.7146102897159,-109.35994577697231
C,I,124.02773673294354,-111.78288387042011
C,L,110.78544846790881,-95.93298440074953
C,L,136.08117834581026,-80.41864831303702
C,K,-11.376922137491627,-113.19769709171842
C,D,168.93294408091998,-96.21806796554833
C,D,115.60489165585842,-91.4021700490441
C,Y,126.50288189347988,-123.2855097753273
C,F,149.57182627478267,-122.11250513300035
C,V,145.08061989990438,-136.02757357658783
C,S,171.0185548143522,-142.5497855927658
C,G,-173.82715907771615,103.92893119409081
C,A,29.046585421226997,55.280567868607555
C,G,0.4714591041754928,81.03062087894776
C,L,143.07580334402596,-63.41185367390941
C,P,106.20283131901353,-83.70466765168501
C,G,-157.30340208374028,77.31067266894387
C,R,141.9474110059004,-101.0201123911044
C,F,150.20351221015582,-120.62959258767047
C,K,133.3741328851136,-120.1718309274432
C,A,134.94182791175038,-72.7552874126019
C,E,-49.440717060369124,-104.52026352062394
C,K,164.51817630851568,-159.50896362934958
C,V,138.21449511748295,-123.71826571520708
C,E,157.4772894785268,-131.0670615807067
C,F,150.19218914322184,-124.92633333757445
C,H,133.55549177346418,-130.68862328774208
C,W,173.09777465334477,-146.3035978385638
C,G,-133.29890187752437,-95.85769123415002
C,H,-50.61570519911217,-116.28404002135858
C,S,156.99178786835415,-171.8568990739156
C,N,36.23525171827842,54.70362615622734
C,G,25.997678331863117,64.0300282347056
C,S,162.42186890012616,-62.64739435113115
C,A,123.52879366786588,-56.21980444730013
C,G,-8.705756449669197,-130.5018020772481
C,S,156.58374297952375,-76.57051458112676
C,E,-50.42809402565841,-82.47989287054317
C,H,161.49213184262013,-81.7710864008495
C,S,165.49710338863912,-139.25566510156014
C,V,118.33323204544186,-128.72740055021802
C,N,38.5279422231599,55.5415809731425
C,G,-1.0923957470401677,79.25771028742707
C,R,124.79896618767772,-96.1945897140838
C,R,166.69504125559183,-100.93582117361814
C,F,158.54557760992677,-124.90970396461428
C,P,-27.769368262003645,-68.20974312236707
C,V,146.60666126244584,-139.70618441452538
C,E,131.40399160130252,-123.43862530665484
C,M,132.4338444699272,-106.93802998828089
C,Q,132.73938543016385,-120.37577732226941
C,I,129.4725253762153,-113.21763789602798
C,F,142.07042890575258,-108.6700546956789
C,F,150.97667661066865,-133.8930189634161
C,Y,162.37106620737035,-133.32569033983873
C,N,109.52619127642186,-89.90680280047768
C,P,-18.263180971302468,-70.22479916424176
C,D,-25.632057951217917,-72.65960395466456
C,D,-35.75842170016327,-94.05364829886402
C,F,148.72176968608287,-135.8769312589816
C,D,-12.930413795159138,-88.61412119624883
C,S,142.4774110428462,-139.19843492492734
C,F,-43.28630950810853,-60.716729985742056
C,Q,-34.694407271726426,-65.43134007987113
C,T,-31.9900703663503,-72.46896064983146
C,A,-40.28053365512844,-62.93566895516658
C,I,-46.292245893398004,-63.49751260429049
C,S,-40.4968099837945,-55.99092580530577
C,E,0.8882664794320121,-89.52508578977871
C,N,38.96869459956869,59.42376447924904
C,R,163.76990341012342,-96.38454374943639
C,I,134.0796666945998,-58.27446485295097
C,I,157.96345343019715,-120.92238209597745
C,G,147.23759157668485,-109.35424261011707
C,A,133.34651133946335,-141.93266198982874
C,M,137.91296420697824,-101.22304326099396
C,A,129.07083038407578,-114.55402810721492
C,I,127.04418977510694,-124.58672563472766
C,F,145.36087642728046,-88.88893067720944
C,F,145.02815188498363,-106.90361272179375
C,Q,146.37108090011293,-127.20830969067916
C,V,140.30518722150933,-63.92698863970191
C,S,152.8871336823471,-134.71901129588883
C,P,-17.750647183619016,-68.93290037517538
C,R,147.85963877409077,-122.81415875390805
C,D,145.33820611512277,-57.740258359379474
C,N,106.08869274233346,-97.14513817441782
C,S,-24.16747949045038,-64.51340350047275
C,A,-26.540572571711735,-58.2950032789546
C,L,-5.87039847122472,-90.03423824165719
C,D,-46.805692629752336,-47.173547767066765
C,P,-30.785659094223973,-65.92481833944022
C,I,-46.077065773530784,-72.54085899043204
C,I,-40.95299265635102,-64.11629417628473
C,H,-38.549088315264825,-63.850954320776694
C,G,-44.95433261304902,-59.454139680200925
C,L,-39.08353896599703,-56.80109348312419
C,K,-14.522364928880588,-69.69530701941783
C,G,1.614468186011574,-98.95563241220543
C,V,37.245837891073954,-127.41802180335763
C,V,-45.65171814196638,-56.67287727000321
C,H,139.23468141732624,-78.65940817873812
C,H,127.98802161569535,-50.0028241985775
C,E,-4.372260038002278,81.52873542413813
C,K,143.3724234678362,-65.74177362291906
C,E,154.1380539345455,-124.3593856960988
C,T,146.01294627266188,-151.55105190748336
C,F,154.5351850469941,-72.71209395530566
C,L,148.47404377340317,-111.73059459879941
C,D,157.669422791836,-63.85783464476739
C,P,136.3605799404632,-60.206646289448834
C,F,159.17332830177864,-132.64048531230054
C,I,107.59913465110357,-103.04399363239708
C,L,-35.42402129518361,-58.55778249539594
C,R,-33.13565409866455,-55.92290672275717
C,D,-3.551454059213238,-79.4358401459887
C,L,-0.6131662930927125,-96.72831475890013
C,L,157.0197500983969,-103.07289557263215
C,P,158.0662153490466,-61.23455619075153
C,A,-38.16097327346221,-61.6172691725427
C,S,82.72238187363075,-85.75614374700294
C,L,-22.705422454311233,-67.37291065778271
C,G,8.545201343697387,-91.47968597975546
C,S,97.8731983613625,-116.53102300901807
C,Y,166.17157189558904,-155.58155464274427
C,Y,153.0770898392513,-107.97245882790378
C,R,135.0402762126658,-130.57884588264866
C,Y,166.66878815551462,-156.3172515307936
C,T,131.0060992245619,-101.60301901683505
C,G,-141.82589156534365,-151.97049919312116
C,S,169.04396027465938,-135.15888287055466
C,L,147.51034923125286,-63.31502208529437
C,T,7.840191533311628,-96.80243986927846
C,T,161.64880013346016,-129.93195726727166
C,P,146.76699707705947,-57.93984588332022
C,P,10.23221224288456,-84.34603818205377
C,C,36.410866322587324,59.39605266013404
C,S,136.26225875004675,-62.897408979370006
C,E,69.34952376484627,-87.40771113037376
C,I,10.598465061925516,-135.94089096504302
C,V,127.65960382065866,-103.9367597106817
C,E,110.33698896531492,-96.49143764574777
C,W,138.38141495584688,-91.14078279191273
C,I,112.82157403501834,-119.44118362167322
C,V,112.06899226662784,-109.71054511043877
C,F,140.35416915903886,-70.45926949781621
C,R,-28.99242307274826,-81.41738550079727
C,R,130.60996078817584,-99.69344454117302
C,P,162.41717626288116,-74.65830798845883
C,V,137.1202388616285,-99.00814585929191
C,P,147.689014494538,-75.3898083728914
C,I,143.5870877226628,-145.21569793697248
C,S,162.51111811022395,-86.10227097516076
C,Y,-36.31090966011383,-61.21150340300027
C,H,-40.91460437431979,-63.899896652081445
C,Q,-38.79080730708662,-68.15235914774196
C,L,-32.13500026886722,-57.72210314103645
C,E,-34.68053829612631,-51.854476092819105
C,A,-35.746644891497276,-59.001034331548716
C,F,-34.51308223461957,-70.98962119524546
C,Y,-1.145481723360041,-76.92550995302486
C,S,5.7821998607395155,-104.31700982026486
C,I,135.5778196102504,-81.05249228215418
C,F,154.34973771186804,-98.30056657052285
C,T,163.09197733717275,-134.24985699831305
C,T,158.51571305809802,-134.18208568662286
C,E,146.38014565920497,-133.26611532381767
C,Q,117.9632624251212,-78.09202114597258
C,Q,112.97441603164286,-128.59663797368688
C,D,41.27776209041708,54.44498107454605
C,H,6.410406012912748,74.02789987152967
C,V,163.18976546563562,-130.13420692443063
C,K,126.05108325297805,-80.68409166640565
C,S,148.98886000332396,-100.0813068877762
C,V,140.5505038272933,-126.56371121354042
C,E,158.56391157854645,-140.72339192814133
C,Y,139.16783723694493,-62.79846413727688
C,L,110.9418827378903,-83.75152277626731
C,R,157.32148424549914,-142.20657109425898
C,N,45.79069394142634,50.28384644900511
C,N,64.25128226039922,-90.19524739636101
C,F,149.91232817783617,-132.07636639743393
C,R,140.94925947611725,-83.8695764847913
C,P,153.97738497725103,-57.88332199389226
C,Q,156.83359406762057,-73.7428425782977
C,Q,157.15898746801238,-118.86115200548507
C,A,139.4957007631888,-68.36414497640145
C,L,-36.70952426048527,-66.16027175607445
C,N,-130.88485265017346,55.281389058900274
C,D,6.068079235949762,-83.95460723703805
C,R,151.45049585014772,-83.64343349973376
C,V,148.18076335696333,-118.42956192556109
C,V,139.94160277672012,-100.91237196550777
C,S,146.04711027351772,-104.80322937184135
C,K,126.41546946611825,-120.48234071342883
D,Y,136.77763629324542,-67.00382452865009
D,W,159.09196131515813,-143.57442149921098
D,A,175.75655749893835,-140.7567221492031
D,Y,-3.637195221675141,-93.2515817585119
D,S,176.63481795251144,-158.4085925360271
D,G,-165.52521137063624,82.81570604994235
D,A,-15.643514650429138,-67.80304527381172
D,Y,17.71575306781486,-109.55339953237745
D,G,174.8633279330596,-76.11547610901445
D,P,-41.64015483561917,-47.89842844918834
D,E,-24.190826947235987,-62.93230280468499
D,H,3.226651758703197,-108.87621283789629
D,W,-37.14700378934439,-58.95264615781869
D,V,-25.050759243580487,-55.80863605885892
D,T,-32.090672721350536,-63.75095324096117
D,S,-15.446815057742606,-110.30940821674959
D,S,93.68842842417564,-139.2286187453323
D,V,-29.56702600433489,-57.91601763000011
D,S,-28.318665585028143,-61.505478978925915
D,C,-15.566024134393313,-61.18831068491656
D,G,8.348661389368802,-95.5411769374318
D,G,178.8640709337378,-68.33521381271223
D,S,0.11646473092744851,-109.34455271305545
D,H,57.075482425683134,-119.46847439189482
D,Q,163.04252912067267,-97.22134284461615
D,S,157.36303699457363,-123.10267957683192
D,P,172.71692577402757,-86.27527958906921
D,I,163.80520752462795,-130.5449467320659
D,D,125.28194753695196,-87.20842489267025
D,I,113.18383920806748,-98.82575944411559
D,L,110.23790167187241,-90.07282284832141
D,D,-40.19190455752716,-53.19176840218262
D,H,-4.938064408355184,-76.01335661315663
D,H,-7.892120418799192,-105.23901026156383
D,A,139.28987726378696,-76.99909369413393
D,R,133.58678966828333,-88.90952468610394
D,V,118.13684824799861,-67.19374808412003
D,G,137.84468327996257,-59.575068272881694
D,D,27.52829483229941,-136.47274451076592
D,E,-41.96491416955585,-119.15311475088043
D,Y,162.53432800455917,-111.53080784610253
D,Q,157.49302836591073,-64.68044825346693
D,E,153.34017231088058,-67.66566175686411
D,L,136.11895603315904,-51.41226319970348
D,Q,124.42115964415146,-122.39647967569032
D,L,134.44356750033222,-107.1551802349203
D,D,129.54966369098517,-126.06579435865142
D,G,1.7891348432912082,85.71050266149555
D,F,-17.55447618361949,-71.16050679107954
D,D,-9.943828753850376,-86.32557353883936
D,N,140.85895385636482,-79.30074371300636
D,E,138.43694342221488,-64.42927050683568
D,S,165.48367992713278,-72.63976542864278
D,S,142.78732417273432,-68.2666835828421
D,N,8.574233388770056,-74.62133257837837
D,K,-6.354958410557395,-104.3953203860337
D,T,133.28574638219925,-60.84266859926973
D,W,151.5970576652383,-132.14211479419944
D,M,146.50843037591503,-118.81540446136493
D,K,136.56195691277665,-139.22089489703606
D,N,107.44198640906616,-81.02106173096546
D,T,-5.5931709998709165,-87.51255811392382
D,G,-19.985307840720715,88.48878259236966
D,K,-22.11926192362158,-112.77319274336331
D,T,-179.9466027900484,-163.70947220964436
D,V,122.86948591220147,-109.46209458488748
D,A,147.347279631001,-115.1402693374349
D,I,123.14061911068323,-118.73408239221521
D,L,117.27602363288683,-93.406538002764
D,L,138.00225301364767,-81.19651427231273
D,K,10.860419524227213,-113.13883610125185
D,D,176.11015547428485,-123.33071214706241
D,D,113.461229725292,-100.190552045155
D,Y,130.50533536334348,-124.56868105287398
D,F,147.24235849530965,-125.56620365392851
D,V,146.54710318801105,-133.66809866868994
D,S,172.68457660884573,-157.3419589958709
D,G,-172.1992282228084,87.12971742774785
D,A,30.488694199223755,56.256577997049796
D,G,1.4319648849011277,84.34591896677529
D,L,139.333000542478,-69.56261496941289
D,P,79.67684715012071,-78.64440165198984
D,G,-158.62433912812008,96.88274567589811
D,R,132.96313009039008,-104.09170202022285
D,F,139.93765232233036,-115.22496220583457
D,K,134.71635795024105,-113.49473570937123
D,A,137.99837797621825,-71.48688276233942
D,E,-48.89858201885354,-109.0698965130118
D,K,165.71624612271222,-162.18644802422588
D,V,137.18172870128842,-125.88759798803837
D,E,156.07389804751327,-128.99066778539188
D,F,145.38406625834511,-125.51005969839379
D,H,131.73308544583026,-130.10682048973493
D,W,176.64921044443471,-144.04366482630184
D,G,-133.11258204922603,-100.77715513225691
D,H,-57.53587135411926,-114.55941324964347
D,S,165.9282134239098,-167.86182884427325
D,N,30.688463866180967,49.72886694438316
D,G,20.088409840691938,75.813494675152
D,S,156.840724156798,-58.349444960145846
D,A,123.908616050863,-52.99433027004762
D,G,-9.895521472136702,-129.42750218432184
D,S,156.53176407916928,-73.92947596498504
D,E,-50.938214673559486,-88.4771243562778
D,H,163.80847334301743,-79.96299677734639
D,S,161.8310038758404,-142.4414950891676
D,V,126.07406350441111,-124.17977379631354
D,N,33.165807435533594,52.41296191806116
D,G,-1.1766473628355374,80.18281998451043
D,R,126.30748893128037,-89.13128046923069
D,R,163.96005818649775,-99.8171814272139
D,F,158.92395220104902,-119.05157653134101
D,P,-27.216292486425143,-64.20878340326867
D,V,144.3853816771789,-143.4493706665971
D,E,126.57317457360988,-124.2265957590435
D,M,136.45354336900022,-102.3847307075478
D,Q,131.53524304106813,-121.59190829886388
D,I,129.23558517563896,-112.24278104998139
D,F,141.81899278583535,-107.16134496510743
D,F,153.3256592672785,-132.79805248697974
D,Y,159.62608128316631,-137.3110126848032
D,N,116.20830568346773,-86.66830003339666
D,P,116.68471148075177,-74.54136737949312
D,D,-51.24506753792103,-96.31287071571303
D,S,159.39237554385664,-167.57788724982228
D,F,-39.3407212824694,-62.17652511746123
D,Q,-49.674543311378706,-62.567439292726284
D,T,-33.70908921025433,-65.07379466901997
D,A,-48.14420323117176,-62.13222595668288
D,I,-45.128478991947645,-62.801556184722195
D,S,-29.783027617839593,-62.43774588430048
D,E,4.610750465044287,-95.32334033675863
D,N,43.31456391095344,52.02355046948349
D,R,157.2342949829717,-93.15838466204448
D,I,130.4623262108514,-60.19214842643704
D,I,168.6811526078753,-121.73266494318668
D,G,150.8457773384815,-115.80297647877839
D,A,138.8559275263625,-145.9120581072417
D,M,139.0547512672076,-108.16915698281419
D,A,122.84132264865927,-111.5333441665729
D,I,127.21009599373008,-119.18736246451779
D,F,150.0378540308466,-89.60054258033242
D,F,149.18297548965901,-111.56113878134002
D,Q,140.82069418122322,-136.1272463816169
D,V,134.99244817209814,-54.29952518347355
D,S,141.7919660200952,-132.9860245197742
D,P,-18.332170592397745,-60.60985894490945
D,R,140.22616276567547,-124.27936610576523
D,D,132.27370168223464,-55.72003647807536
D,N,109.19644720398824,-89.04294639937214
D,S,-28.209609107025013,-66.47055848971995
D,A,-21.755069585411906,-59.18720345829661
D,L,-8.981711366263713,-92.27887530475364
D,D,-45.73586952934042,-46.57207518922763
D,P,-36.490029739724896,-65.33976176385585
D,I,-49.44175444233112,-69.14603954019711
D,I,-44.300596903147884,-60.89015290508171
D,H,-36.61514875736264,-59.584550663670086
D,G,-43.56466405196238,-66.58259791364631
D,L,-38.327305316201866,-56.55471362419012
D,K,-20.345334996543095,-67.91637398589442
D,G,-13.438551337526766,-85.63980815772716
D,V,42.69109737867655,-124.904427555735
D,V,-36.83476514921396,-64.48416730844563
D,H,148.57485215552944,-94.14682332940711
D,H,128.98035436564285,-48.89908040401971
D,E,-7.233630218837655,81.73188510251558
D,K,141.59588212893743,-59.659567886762915
D,E,158.5989885990628,-128.86300917416375
D,T,145.2291745356303,-159.8776365207097
D,F,158.95368128785879,-78.10138920896524
D,L,143.15061361148693,-111.82306438681607
D,D,159.416119400467,-55.12343908197508
D,P,140.69978226799404,-68.65994320711236
D,F,159.2457402674543,-132.01973336477462
D,I,112.82611215150332,-100.01185112807482
D,L,-40.870169156266286,-59.343516002419975
D,R,-33.8735826790672,-50.97515054399999
D,D,-4.9325567447247,-80.05730775508368
D,L,-2.0764732389162406,-96.18995196326296
D,L,157.3360724910906,-100.58694195297367
D,P,150.4561422639815,-58.87579401636803
D,A,-38.415732201982784,-62.323702902453824
D,S,72.61426585907458,-80.90755752911656
D,L,-22.387540139798396,-65.37224554484011
D,G,-6.218650296305943,-80.5339736370835
D,S,101.63532029536456,-111.23002921067163
D,Y,166.16623540800623,-148.1689794400268
D,Y,152.18985719064491,-112.63875769065531
D,R,130.1564377319159,-128.03813854166143
D,Y,165.06877841160465,-152.1615398100771
D,T,130.83910760451167,-101.01509971374925
D,G,-141.74536599336955,-156.18832141465188
D,S,169.85389759134188,-135.59009231811504
D,L,148.42318180635675,-61.87303394845034
D,T,12.198352636518711,-99.91659824457321
D,T,159.41613797365127,-137.31237184839046
D,P,141.6163285261283,-55.27881016144663
D,P,8.226534070553903,-82.80852238452965
D,C,31.99269843346862,57.18840892246594
D,S,134.18341351604212,-56.89512438029581
D,E,69.89205584476794,-86.75546929838916
D,I,15.826267672376735,-135.26361475025408
D,V,128.88011854113935,-106.6277527615609
D,E,111.50589509454782,-95.1144943472663
D,W,136.79157319734216,-91.94515545219019
D,I,112.51880654451217,-116.11506192623962
D,V,113.08445341296203,-111.36364666730422
D,F,137.02407019410404,-73.0573157148143
D,R,-38.35499500577938,-74.60289973214789
D,R,145.06454896833185,-101.30692687532931
D,P,160.5583585901269,-87.39155122831771
D,V,135.25839364949945,-94.23921564714462
D,P,149.62587774169253,-68.18634756181577
D,I,132.2117461519089,-155.34590512951021
D,S,158.71776094303738,-72.62333260401562
D,Y,-38.15197265981792,-56.14471784901942
D,H,-34.31862732967959,-65.33564128580197
D,Q,-38.278317879718344,-74.60900286394087
D,L,-33.09349639021033,-59.24082157290886
D,E,-30.767260101602897,-54.002698671798946
D,A,-33.91657719273701,-59.09036333242378
D,F,-38.25832033553533,-73.12885377639643
D,Y,-16.402538855140502,-75.3089423589996
D,S,2.916116604486009,-86.19515835713764
D,I,131.49575382268102,-80.39630523523276
D,F,154.1224864905611,-104.3225153455019
D,T,-175.95641175372523,-128.36625365608228
D,T,147.23484174384035,-123.2322694947827
D,E,137.8324231468274,-119.85795420337696
D,Q,110.52487008805797,-74.28293539159519
D,Q,48.279122378232245,-153.84192720141425
D,H,13.130177838536651,-9.58691319093688
D,V,165.91076523045953,-152.56179279910668
D,K,153.73272824662715,-100.59934150578832
D,S,150.40421604068618,-122.2358119838248
D,V,135.8789318537091,-111.6105065750589
D,E,162.77715468959266,-148.6401897822926
D,Y,139.61680673351583,-64.9476629988106
D,L,110.86657785653902,-85.64763405664196
D,R,157.9619771265154,-145.77819944658032
D,N,50.54710417394136,47.96526149408687
D,N,66.29650892330318,-95.17455790475272
D,F,150.46583599695936,-137.89513264901075
D,R,137.6561886413204,-86.4139780287842
D,P,151.62624858162675,-57.55699415815563
D,Q,151.62082412136755,-68.05201175543915
D,Q,156.46040630490006,-116.33530701535112
D,A,137.9861813624981,-68.87813468910123
D,L,-35.997588121968114,-66.1053539578973
D,N,-137.8615655313455,51.4632301355307
D,D,5.5279560802875904,-76.38149063785963
D,R,152.07916312625713,-85.7218825308792
D,V,141.06737298008306,-119.38351899056119
D,V,137.3251277792648,-91.4207174115392
D,S,143.00152362931652,-100.86125083497616
D,K,131.7252996245347,-113.00426918316796
