Chain,AA,PSI,PHI
A,K,-17.127110134694234,-74.34024441518804
A,D,138.6355677522402,-66.59239562243992
A,F,172.61379050211843,-154.50622358522062
A,N,106.83987768982712,-135.02053526416924
A,N,108.5777181165817,-130.2689503593509
A,S,-25.602022507650123,-85.04863097141366
A,Y,24.08007185380551,64.40459980661934
A,G,14.646803255909026,70.62597698872771
A,I,161.54356642304342,-129.94071444182833
A,S,161.81758830358305,-77.4160605684764
A,H,139.49433848341644,-142.7918848299484
A,I,102.8933751275637,-79.95412994288571
A,T,152.42940601016338,-86.44368988243009
A,R,-34.1549178176348,-65.16239190897149
A,D,-40.42114227844629,-61.65421488589145
A,N,-34.6343385946354,-71.80401754528546
A,M,-32.2540932694342,-73.1249297166605
A,V,-19.10035268725328,-73.22836363324421
A,K,-15.315763449100263,-85.65391782949611
A,I,-45.65848736350996,-63.07155681947485
A,P,-43.588570585471814,-52.62631727520911
A,Q,-6.330546953672356,-79.8398558867356
A,Q,-31.442352479697437,-104.25221558514338
A,Q,-32.907692229853055,-67.19811118278277
A,N,72.4505590319276,-71.6256762176794
A,S,142.51104363386906,-158.44722892498945
A,D,-7.7436879146990165,-69.18243366654052
A,Q,-29.878017305778922,-66.53726666461056
A,F,-27.525845880229653,-119.27335566548722
A,K,131.07248756431068,-60.07636806586608
A,V,126.40597186919152,-63.412413448350705
A,P,141.47192042120994,-49.506744822374515
A,A,127.75968637856069,-71.20234371168254
A,F,141.27010460036422,-99.65084767504818
A,D,116.57921318081345,-71.47370298679037
A,E,-30.282899801336477,-72.48987492062864
A,S,-27.560032763690334,-70.34967004409482
A,T,1.7121246590636703,-94.79785977460189
A,I,124.68632763345981,-76.42369988628599
A,K,155.8537753793214,-126.19788258682634
A,N,160.4767784730737,-71.15414105035728
A,I,118.23067489124406,-73.69369138679316
A,A,-35.67029236188589,-63.90854631411367
A,S,-1.570335025098496,-84.99236723400257
A,A,48.62652951711922,-72.96926108288265
A,K,146.96966184441413,-93.57687244230935
A,G,169.39787853897224,-166.66504061180933
A,K,128.02831723577958,-97.34336298395114
A,N,172.10406577122075,-72.31648605903708
A,A,-12.300381125344952,-60.30800958709344
A,S,-32.99918003397361,-88.73101012871805
A,G,-11.09440894022516,121.38083194979768
A,N,139.24788437395372,-81.26668209645993
A,T,129.23537889154076,-72.0042870622998
A,I,164.9908349391342,-143.18353868374717
A,D,132.99976603382171,-77.15394274313178
A,L,149.1146325116519,-93.98495380405514
A,D,120.48746696675524,-87.66937734030122
A,V,123.91724155451915,-103.62272979159654
A,W,-127.64461415980699,-111.94374872270113
A,D,126.30967413084353,-50.135158474490616
A,S,146.73816409220538,-133.82134808208485
A,W,140.37090702939736,-139.73590767013022
A,P,154.87339612305223,-84.70616599982422
A,L,121.27021337845943,-66.4329984878711
A,Q,148.99773329720793,-113.97428546766474
A,N,159.5187746748036,-71.64715554814049
A,A,-31.484962028644084,-53.64016446053426
A,D,-8.462061562665985,-83.40637943803617
A,G,-19.15167732894085,114.71054680458182
A,T,154.0494479550235,-66.8825573221388
A,V,122.60668519929173,-67.64248016154623
A,A,158.81972679209065,-71.67105117250473
A,T,114.69422636584983,-120.82656573750832
A,Y,104.16874512521021,-112.06770248223162
A,H,39.07124133242327,50.77256423721949
A,G,9.977261031728327,84.64944450596171
A,Y,145.88850132895504,-116.79811971196986
A,Q,137.93962008209678,-94.83017183314784
A,I,131.68332584872945,-118.83688438233787
A,V,127.49946382402838,-120.37648235991882
A,F,136.23328478259535,-92.09524464800332
A,A,137.9035713383427,-144.69029156461
A,L,130.4112297364036,-74.71401246084517
A,A,159.85439218010833,-148.51857465959245
A,G,-172.25652173444144,177.6572260059341
A,D,123.08132389932659,-102.77435259119989
A,P,-22.201518238840062,-62.26459297034404
A,K,-7.795138768890787,-74.6310790846425
A,D,56.37289972640476,-124.59049336994347
A,S,-51.7487377909859,-29.62393444862383
A,N,51.56693697046858,-85.6282385567001
A,D,117.18288851484,-147.84003288140593
A,T,130.39558057480812,-122.80125052629046
A,S,144.69577948138345,-125.63964691346833
A,V,119.83414946869684,-79.2386763213714
A,Y,153.56767224560102,-107.25594633216778
A,L,115.85881337838283,-110.37131668378058
A,F,141.48867684846485,-106.37784995553145
A,Y,148.44176090523015,-137.74862043821926
A,K,138.88972198170475,-147.04341242968198
A,K,141.79582559367537,-62.1115780679156
A,A,-31.8252939871527,-58.22651462870887
A,G,-37.4657455533038,-74.5462724378573
A,D,155.14284209041026,-65.31720797092675
A,K,-30.36812993337285,-133.24271413774713
A,S,163.28928399146022,-71.86417299206498
A,I,-28.162681842275155,-69.23269262114026
A,D,-16.485961894002592,-69.70849594971075
A,S,-17.044771675429626,-80.12168973197655
A,W,110.54339378634644,-73.93036024773068
A,K,153.9689431305441,-95.85791077135275
A,N,119.91501353322327,-110.12099557593228
A,A,-6.8528051827175025,-84.99991034235521
A,G,-166.50667669434142,94.70886472883164
A,R,144.31339607587464,-66.77959030964509
A,V,-43.335473562423225,-69.67676364812449
A,F,146.09134482732532,-111.26905440062372
A,K,162.2562324992758,-84.2024748652205
A,D,-19.030813528543394,-60.896116287776756
A,S,-25.931772273888257,-86.42193712156865
A,D,-34.913778022049385,-57.34091352946507
A,K,-20.37110552151347,-70.75405133849549
A,F,-8.336496860358366,-95.06595022854516
A,V,-56.139102744843065,-72.29982861568045
A,P,165.75603675797993,-77.97719800748011
A,N,102.73363979476063,-85.39608448207146
A,D,142.813478941068,-139.65252760178183
A,P,-6.710062449347898,-78.06730644355825
A,H,-34.53317560800589,-131.3892803800339
A,L,-34.70435357504598,-56.35265281016579
A,K,-10.597877132792355,-68.30200922899134
A,N,-1.5240657578665489,-98.64269480527109
A,Q,127.39450599414518,-63.12023182865484
A,T,-33.27995218556368,-106.81262739175334
A,Q,147.55187163003325,-137.8214649758425
A,E,119.96715227227992,-99.01240807545801
A,W,177.92580319184864,-112.80334133842253
A,S,162.90601476287873,-66.26130478344481
A,G,-135.58464262475502,-172.37259058077274
A,S,163.04866330129138,-147.17684230688062
A,G,132.123189430836,-130.10149079967636
A,T,140.36250813070055,-125.81661582949327
A,L,110.92742410523417,-92.81128347249849
A,T,168.25073800824526,-67.66709302864342
A,K,-24.082238106155753,-64.80918054098211
A,D,-1.4108956597070093,-85.7799624779437
A,G,30.98450749507834,74.51169334445521
A,K,142.81670817203477,-101.60310746876027
A,V,105.00829695285161,-80.79638137177707
A,R,118.20367189726883,-104.39504531313042
A,L,142.9994485140256,-101.01101639515399
A,F,127.86523722326278,-128.2750432456967
A,Y,177.61225469418838,-147.30398603198338
A,T,122.72742414297674,-104.73367404271582
A,D,110.61719242810135,-81.74604858562944
A,Y,131.24940656072366,-104.06293999950732
A,S,102.86427538897725,-119.23253556140567
A,G,-21.174035220695878,-73.60598921156253
A,K,-11.628528886948565,-84.02184515467036
A,Q,50.84417628198021,-120.86715372704218
A,Y,26.778717437748988,58.981057263206814
A,G,38.84325038578663,80.83654485616447
A,K,125.7504858580342,-70.32962241110314
A,Q,122.48783600755047,-117.75803248924281
A,T,130.91895901795277,-123.63453796051397
A,L,119.18534181097878,-71.73424936678865
A,T,148.6363307455422,-125.81848164830468
A,T,158.32134270389972,-128.02077939525134
A,A,146.76539619245878,-161.6233223185579
A,Q,123.15302745523316,-90.94536637752796
A,V,106.38999366274129,-94.18801544582196
A,N,122.94417065427587,-76.59125484686261
A,M,160.3261399805198,-114.2852558476114
A,S,159.10220203498406,-153.1684370815929
A,Q,97.99538320605154,-113.93423372611174
A,P,-37.12325653512965,-62.43939403479848
A,N,-172.18860040296693,-136.30875123947519
A,D,-9.078055546338103,-77.01858930065586
A,N,26.672729021640272,-133.58235336751216
A,T,132.2461486871919,-138.8215522027741
A,L,139.98624208684225,-104.97876732336019
A,K,135.9928290938538,-126.72404841536223
A,V,113.72456215643926,-82.14180339577679
A,D,-41.05478187614158,-79.42361289175389
A,G,-173.71151496756826,158.9462852196542
A,V,153.5239872094555,-124.12804978178913
A,E,170.97654222684307,-147.0308494453679
A,D,38.730258841966354,52.44673423001125
A,Y,107.51976838030676,-86.94392953309806
A,K,156.14296262485905,-157.77101108333164
A,S,149.98239822364692,-80.31519513799286
A,I,-52.76572142074891,-115.86227100795035
A,F,137.14986744924,-154.94218405044447
A,D,22.43269823737165,-135.09134786910138
A,G,147.24872295946605,104.55703384552565
A,D,-25.270118359686073,-111.31723118157107
A,G,-34.354030107950535,104.09095440874408
A,K,-42.96684330349238,-93.12814099543854
A,I,-39.51042531840611,-100.12141958548733
A,Y,137.16240667247737,-130.51272164530124
A,Q,134.78914421997948,-63.618825922654366
A,T,165.6742166650713,-92.21435162706403
A,V,-25.919824722868885,-70.12124485638225
A,Q,-42.48762149654442,-66.77617107214603
A,Q,-35.98260535381376,-65.02271097561363
A,F,-51.735521676913294,-58.30274317699701
A,I,-50.882111121603614,-61.08112281579643
A,D,-30.559003197472705,-58.658902679552035
A,E,4.653151207580066,-87.36208999920521
A,G,45.86506811605273,74.4215337957824
A,G,-30.84222065168327,-63.83423349247376
A,A,-22.11250150750039,-66.37086700696835
A,D,-38.88625900920915,-107.03230562267545
A,T,-21.14032667788991,-65.67894796819319
A,G,27.35082298646183,89.27846995456217
A,D,149.8506506660221,-76.04139190045221
A,N,105.26373811240103,-120.61605097721036
A,H,126.33227381892867,-87.24142028857209
A,T,137.34033315576463,-134.39818575518353
A,L,77.97996108134221,-153.56433839703442
A,R,-177.94358425179487,-147.53319069517923
A,D,54.72208994176687,54.78450752647901
A,P,127.06808384699968,-71.00013699244388
A,H,115.58088074687888,-116.13317320263286
A,Y,137.5431591026514,-72.55588777739338
A,I,151.34585937224412,-152.61044667763372
A,E,139.07173213743621,-121.82082452345239
A,D,128.2731464427573,-151.12473924054444
A,N,35.61350503143863,51.3553534549497
A,G,-10.464927887254637,87.23535647639929
A,H,151.88729205014351,-90.45108882445476
A,K,132.5074029881446,-114.11620078703089
A,Y,154.846343547889,-131.45866572230537
A,L,125.44902489945332,-119.18927003168024
A,V,131.04363335243156,-105.48183607532005
A,F,156.9068881429874,-147.1639746751673
A,E,128.28217680446494,-74.08289914523654
A,A,-172.9799569077448,-147.784384630711
A,N,147.00233743630153,-131.51444885486865
A,T,150.16986451909776,-63.36892267674147
A,G,-168.52140335227242,-92.11972222447515
A,T,-19.779326000532027,-69.10072587097255
A,E,-7.743290623793493,-114.21156709607735
A,D,35.024368586020564,-115.62446093767099
A,G,68.81821609835161,96.53459539527462
A,Y,158.4655641618374,-70.2804037928111
A,Q,161.72051162478806,-65.85094218600557
A,G,-178.58566835588374,131.64927910504866
A,E,-34.597911312215906,-69.06238979906342
A,D,-32.319207865487805,-59.579543982122345
A,S,-29.74448731986719,-57.028192694623435
A,L,-13.692891184340546,-69.48689113729193
A,Y,-9.063702928944434,-98.52961996229313
A,N,109.34335531236182,-80.80911238064098
A,R,-27.71333555860576,-59.29645130111465
A,A,-26.215007079445684,-61.21801927917057
A,Y,-13.894081498600693,-85.52563933609954
A,Y,-50.39483535405067,-94.0585676947157
A,G,-167.93565198876388,72.90568745486888
A,G,-159.18140969348985,63.98198966550766
A,N,172.74733000823852,-89.26001972012503
A,N,-44.47762775439919,-61.41410165116282
A,P,-43.10966216279154,-52.483734648576885
A,F,-47.87824680156374,-61.43157046586241
A,F,-51.2193240754078,-57.5532210767973
A,Q,-43.53910789482586,-61.83874686593667
A,S,-45.328975147181886,-70.84052950457239
A,E,-39.11183686085906,-66.6501132850897
A,K,-44.54755043467961,-66.62198480032701
A,K,-46.04599087155748,-58.07530497960005
A,K,-34.9840328651778,-64.13088718588692
A,L,-37.95032494239349,-74.65316093114279
A,L,-29.009006013766804,-73.932871820372
A,E,-41.000943382128064,-82.61323896351144
A,G,178.31393358323342,-76.03096070045002
A,S,-5.274327236459092,-78.4009949933029
A,N,6.162241825514485,-92.99532979926686
A,K,-54.02893819200783,-56.051651262987725
A,E,-45.14426351793135,-64.17385128257185
A,K,-48.65004821077527,-56.78644417222448
A,A,-38.90392879512466,-66.2216292980468
A,S,-40.464650394833086,-64.03925605966842
A,L,-19.323880852016824,-78.2721230089004
A,A,105.08735620938103,-68.24457885228368
A,N,44.73341235392857,-142.55967059915636
A,G,150.177895406273,-59.5684382788654
A,A,147.679884729688,-150.00464457137593
A,L,100.05848192884493,-101.91131166262082
A,G,164.3469259022159,-87.25872261012464
A,I,133.2672438848209,-140.9553146994275
A,I,146.35804356573308,-128.16489414514928
A,E,143.68923033216444,-92.43344206865562
A,L,151.12583226145122,-114.1183119359605
A,N,174.37616769876584,-73.3159354378017
A,D,-26.181066028433296,-67.48026381359362
A,D,5.3981954402286405,-87.3445494850165
A,Y,15.368159910926483,75.51611342103031
A,T,165.35229750521313,-80.6129608516498
A,L,129.12709087492124,-67.18087577158461
A,K,-55.35609729587163,-102.01775480019322
A,K,133.63458526456725,-146.38086653478788
A,V,113.35850284397826,-89.21127700313598
A,M,160.29265512657466,-101.17511482353359
A,K,152.46491483586783,-63.35943993383569
A,P,154.35033388870926,-64.72521760359896
A,L,-39.94801544108619,-74.80620366353587
A,I,151.80545654602997,-157.85680037405717
A,T,161.31866551729152,-125.01101704823277
A,S,38.589716689067096,-121.86386370866884
A,N,134.61345171152377,-51.812535724870635
A,T,-23.18916346969379,70.86314632623531
A,V,-55.6756322928038,-82.20035493022887
A,T,156.7605233507899,-157.63410779864986
A,D,-1.0842360521201693,-96.9429700192978
A,E,101.1847704372031,-137.92869755347954
A,I,106.91846458036433,-116.66639334250998
A,E,165.55580812950413,-101.1766848767881
A,R,70.92724672661544,47.27818318150674
A,A,126.07784071045045,-62.87221925099808
A,N,134.7821180093338,-135.44240536683236
A,I,137.14776398355613,-146.81748655485964
A,F,154.2194387171613,-157.78489335612318
A,K,133.7690873439374,-91.5868086989307
A,K,131.9896633281156,-149.3120444208593
A,D,40.203351429264096,48.991440171784504
A,G,-2.6529803416773254,76.29683402881226
A,K,154.70715143027164,-111.42584929898467
A,W,124.90192250147422,-100.46022357722107
A,Y,130.71574489861692,-110.00723586525284
A,L,132.76298080291951,-122.12511329769288
A,F,150.24758382927354,-128.76306943297703
A,T,141.97563864430845,-149.12926476951878
A,D,139.65917460405566,-91.57614424675346
A,S,135.22519312663502,-140.63906847395594
A,R,128.8412162371706,-89.79667621101089
A,G,-28.304051928652584,-63.62449855185274
A,S,-23.128233779620718,-67.02420045935338
A,K,-17.43872242163891,-91.09786058474131
A,M,162.0367477766176,-81.18070834534679
A,T,23.237561534744057,-116.81704266042833
A,I,135.29395370277518,-98.674628630086
A,D,131.2531708658501,-62.88722361431875
A,G,-19.847101997700058,99.01363691376204
A,I,125.00144913488998,-101.96971482759498
A,G,-169.7193736445347,-112.98827885400657
A,Q,-31.422726253951073,-66.43372280734607
A,D,-18.73007476462143,-82.5357620227731
A,D,121.952189586314,-74.24766132867805
A,V,134.85829804937956,-123.48083717818508
A,Y,151.7169284564683,-124.72138530691674
A,M,125.91053491045864,-112.48449429425287
A,L,152.50080580162793,-107.98345167083046
A,G,145.60273481331387,-141.31479411461694
A,Y,142.30612311766293,-142.58089239606548
A,V,135.48557435701102,-119.59886757997936
A,S,155.53877177483162,-135.0674078264098
A,N,-20.895914181783954,-79.97237245399953
A,T,162.48324884232605,-133.53760918825037
A,L,-41.70029105790956,-56.79156012771104
A,T,8.986588302944932,-110.03919334356632
A,G,-167.43787632192328,-74.02894974330005
A,K,121.41487064932468,-75.9573316430549
A,Y,115.41409703701554,-92.62409252648602
A,K,141.9480991450437,-99.04889123862327
A,P,133.21634493983294,-64.89277093686808
A,L,143.1679903275008,-74.23610682017093
A,N,34.0672946921114,57.557252991883196
A,D,-39.946368880518165,77.29688184859042
A,T,-21.084534393756858,-106.94527494731615
A,G,-14.213784761219046,106.02641632743287
A,L,129.76488875602803,-66.10644560322945
A,V,-44.81728202449571,-123.23557481385333
A,L,141.6568998252359,-133.9300374068669
A,H,120.92225410083289,-129.52416110920842
A,M,115.83921229363754,-125.0813923692131
A,D,17.19015507238709,-125.24669984351786
A,L,139.14563590296024,-68.21803351893985
A,D,140.49782357273034,-58.82730590503005
A,P,-19.730546117358593,-55.76004421601568
A,N,-19.404710321891315,-82.64070931180035
A,D,142.33875192459732,-61.55184007351425
A,K,-42.79943787484416,-60.49512421370295
A,T,21.32750231785726,-92.17293491691153
A,F,131.21168265684014,-58.25220335392089
A,T,154.06877165557734,-122.22684784993766
A,Y,160.17696424289772,-155.41708151478386
A,S,43.603275589030076,66.76637553843041
A,H,126.73340220595178,-61.19733274837082
A,F,126.1355539622992,-134.51207762208483
A,A,119.92745586454802,-86.71026894498758
A,V,117.45309252264552,-105.20275390672546
A,P,152.8610744408638,-71.15716308178568
A,Q,160.57420113012756,-116.57193833275592
A,T,-45.6197919172955,-63.87536830405178
A,K,159.58129011713885,-134.8875225818496
A,G,168.8268998197987,90.97482435021269
A,D,-5.7140617450664655,-96.36316769322328
A,N,141.2917269635783,-86.89659279677632
A,V,145.94605728542118,-111.7649700472344
A,V,126.02435743099791,-89.4773463671008
A,I,117.75941381801952,-96.84168060771668
A,T,154.33342080745982,-102.1283225951045
A,S,165.4521491477149,-163.1521355242252
A,Y,142.10677490387346,-100.19433116342645
A,M,118.1308973360923,-105.77052489854493
A,T,-38.139809423898136,-57.80894196828509
A,N,34.6795385704307,59.42231381166583
A,R,62.13197764780688,-85.79289442430004
A,G,166.50300445464427,-82.95718612427648
A,F,-24.619851245553193,-75.97430945855486
A,Y,164.6953367795973,-113.98741271958667
A,E,138.0701960055933,-69.32947402296723
A,D,156.58156635229392,-79.74538658456552
A,N,31.894564558878884,-147.7615999223716
A,H,142.1950222221955,-122.71131959529595
A,S,122.87714813811557,-54.45891533130175
A,T,179.37753433091405,-138.6993511157546
A,F,123.10918997932609,-66.85805765812093
A,A,152.6060969989594,-72.98146255745723
A,P,133.42298868362732,-58.60235287081682
A,S,161.02277367908295,-79.66168410809045
A,F,172.8174616236349,-147.71245120048584
A,L,144.77465965302108,-108.70930002182895
A,V,123.53326927175068,-130.32002920072418
A,N,135.7231087599549,-78.91216217344227
A,I,120.07948115943543,-116.59217759759626
A,D,98.97705083475758,-138.7074019457842
A,G,-120.53743812574781,67.20307406955665
A,S,22.37605809260424,-101.70440398955637
A,K,135.45070183248106,-121.39334128865158
A,T,147.4318316509235,-129.65665125976636
A,S,139.64249608707067,-148.87800218263715
A,V,131.2278872362426,-71.00726360245181
A,V,118.38180890077221,-76.9692607584269
A,K,136.88335432509905,-73.59275430716953
A,D,39.84526185386641,53.52141117158952
A,R,59.53912218475275,-122.39213888155625
A,V,121.84964784522941,-80.92813616029831
A,L,-179.44625192312537,-92.99812530765702
A,E,154.9775137407393,-67.35581805299783
A,Q,117.56208859403858,-59.10606621730668
A,G,20.440311263946555,75.12978038688485
A,Q,136.43170095462057,-69.0693002233421
A,L,-35.755931112038944,-104.25835035183948
A,T,163.18171270358346,-133.06042613508583
B,K,-14.136829079828042,-82.88323438746441
B,D,137.1294097539098,-74.38703347449888
B,F,177.9958416003022,-150.50638215098556
B,N,92.65152493655052,-143.37474911938511
B,N,113.65584216539281,-117.81782873920446
B,S,-21.226938872560197,-90.2852890754987
B,Y,24.525216975523428,60.13983993687382
B,G,16.85506147127523,65.59794718772524
B,I,156.5916564281757,-131.6955720076007
B,S,159.31929323146386,-72.7190646067343
B,H,140.04247966587914,-140.16924988613866
B,I,104.79322121365828,-79.77658103337014
B,T,154.20781556490923,-88.3804685633029
B,R,-32.23387645960211,-64.18379540369172
B,D,-42.16657143100105,-62.297847818842214
B,N,-31.127702405586966,-75.09082302783895
B,M,-37.71259562804365,-71.66423777335842
B,V,-14.118614641215855,-71.96204747032286
B,K,-19.65202764683585,-83.65045328887211
B,I,-46.304089142569154,-59.393318721277566
B,P,-40.758601334951486,-50.416618331447836
B,Q,-19.630302670087644,-76.13373577426684
B,Q,-31.878835518011527,-97.9225318039153
B,Q,-30.771792295873446,-68.97365031945732
B,N,65.80367426059657,-75.27188646471842
B,S,152.2337416175854,-150.05276247733326
B,D,-11.235710697151642,-73.5149993586784
B,Q,-24.782328793113475,-64.96006269214139
B,F,-25.73374936404481,-123.53466950106409
B,K,130.57947245539938,-65.58903899507716
B,V,125.82384792673044,-60.87514310355233
B,P,145.58249898225876,-52.90577157572885
B,A,130.89572380099332,-68.23965993834831
B,F,144.93372787123062,-101.11256943432139
B,D,114.38311775557564,-76.66132041033758
B,E,-35.50410017925794,-70.33740359741401
B,S,-18.682247643936673,-70.30245071351754
B,T,-9.993483912199176,-94.02186528267939
B,I,126.14902919810443,-71.09975208184734
B,K,149.06788924639673,-122.71806107547667
B,N,153.2958815753073,-66.59304999823867
B,I,117.2276165771785,-69.64287490274842
B,A,-37.041191974019995,-64.28924008268602
B,S,-8.291124721160356,-80.70701385583247
B,A,58.718011408918876,-71.98340715622037
B,K,141.6671549530693,-108.12046440230247
B,G,159.69492276804058,-159.05305989328338
B,K,120.30697699659144,-77.50626528947124
B,N,167.48420494537723,-68.65561485831267
B,A,-36.21350692579042,-50.167715344953415
B,S,9.695233519777993,-85.1978387497072
B,G,-26.0507875894057,97.91445419714044
B,N,160.48872041520522,-79.48831812462397
B,T,129.31406203218762,-96.87961153984452
B,I,175.611476532308,-142.1789162930078
B,D,139.69638944842683,-79.35265235257754
B,L,145.96183479642582,-100.9423495945698
B,D,124.61722458466745,-83.4182998528901
B,V,120.38080983035981,-112.84838054794267
B,W,-129.17379456058038,-109.56675636000178
B,D,124.12878241280025,-43.64305459095448
B,S,143.96864507519177,-134.41066730290981
B,W,139.65465554396368,-140.7410960127964
B,P,160.66880311307474,-80.88343068259717
B,L,123.0772002382255,-73.85420116219395
B,Q,151.71750641133875,-114.29491504597266
B,N,163.58739941244414,-72.33266302240652
B,A,-36.786354632467145,-52.29325315843763
B,D,-9.266062296508295,-77.55943348501943
B,G,-19.00417815287598,110.86484770640229
B,T,151.96932660473936,-66.97928702051638
B,V,125.77656772424925,-67.05573115271802
B,A,160.2812968864475,-75.0668117888326
B,T,108.7220038791919,-124.17394520203702
B,Y,106.7671425107535,-103.15039405548856
B,H,44.902832473954085,48.86594948268007
B,G,7.565681331495852,85.23982553388427
B,Y,151.2884330690018,-120.24252247858075
B,Q,139.3271981584243,-99.33768706671377
B,I,133.58739477148677,-121.1570140635039
B,V,123.90350170838785,-126.1671205746786
B,F,138.18927401052434,-86.62235220733908
B,A,137.88468476171633,-145.0117783692227
B,L,126.78712078795033,-75.15893345447498
B,A,159.9350373170078,-144.88769621207123
B,G,-173.8136520550538,179.00917893558136
B,D,119.04686891411167,-112.52549093948319
B,P,-15.901815409644119,-62.03293033870769
B,K,-22.522543193722953,-68.28496497666946
B,D,77.90355092529718,-111.39988091068673
B,S,130.5715336037274,-57.00321799974248
B,N,55.192029183988694,53.95169883332221
B,D,109.99306210688631,-123.88602791454412
B,T,145.76177420266782,-114.85960706480456
B,S,149.949088547348,-140.47912968435426
B,V,119.00839929768154,-79.75160099691804
B,Y,153.149864542663,-107.48691352491767
B,L,104.8471166360734,-112.1702129232551
B,F,146.74142498898536,-96.55429347412147
B,Y,146.6068814026711,-144.54394396532254
B,K,141.19720848011391,-145.54895928066472
B,K,131.62418730199795,-55.276123759548874
B,A,-44.31620829235382,-46.75996205148377
B,G,-16.74213758508014,-75.76620993850167
B,D,159.65336131306245,-76.55607620250458
B,K,-29.348066921760367,-137.55256417901754
B,S,159.30202222784715,-72.02130530725755
B,I,-32.455846835056164,-67.9588178412292
B,D,-19.033424986699988,-70.84535855589777
B,S,-22.181432571489566,-73.77438830597654
B,W,119.89802936170244,-69.4403991333524
B,K,153.52880457805887,-104.0358065770915
B,N,123.0696623232756,-110.85215774445386
B,A,9.968266228967389,-97.96363106612422
B,G,-168.30305141917603,80.36425169032707
B,R,140.49759941101323,-69.88393460490785
B,V,-41.32136741229467,-65.04052732029365
B,F,140.9834359255539,-113.80272669544244
B,K,161.38461110826378,-83.0641177186734
B,D,-7.5668471165352695,-63.3590118642094
B,S,-13.407426240791295,-105.66289781388095
B,D,-28.641059026789236,-64.6592474138043
B,K,-11.724602863467048,-78.79583527803386
B,F,-5.9591201009888675,-101.69718070844485
B,V,-61.57789657664134,-75.9396098723046
B,P,160.74058530031888,-77.00155592908123
B,N,99.61779181569428,-75.33145557323449
B,D,138.8919391321452,-137.55943028177282
B,P,-4.8473403405480076,-78.95474498174437
B,H,-34.98935183278218,-131.60291234438898
B,L,-32.496152378628985,-59.040550622922424
B,K,-24.200046152677924,-67.52766751753629
B,N,-0.7428498278762136,-91.60089843650782
B,Q,128.23039146252086,-60.686261180493354
B,T,-29.61733788827569,-110.99707726746637
B,Q,146.78983516842246,-139.7336789601015
B,E,117.89059470287613,-101.23796993179042
B,W,178.86404717809017,-108.78301969838411
B,S,158.58958336246263,-59.997706020753775
B,G,-138.78127623903177,-166.7328613118297
B,S,167.79768114558442,-147.55669865523933
B,G,138.35674327308178,-136.1842472944334
B,T,145.45251501355634,-132.1142974345675
B,L,116.72327170105424,-95.69809448322597
B,T,164.75841220740722,-74.2804318271565
B,K,-29.117050261476013,-62.27025996180605
B,D,-4.623721534939075,-76.36751602087341
B,G,28.666094330530182,76.47311097498418
B,K,152.6483259129475,-102.26058778706373
B,V,110.12246336868819,-88.73713284301803
B,R,110.60417694134675,-110.08020590164168
B,L,141.64579699966825,-98.836284560749
B,F,135.54491205816817,-125.24181685134067
B,Y,176.8368994816759,-154.75640732240802
B,T,124.10519107087684,-106.02359455892761
B,D,105.13061128781307,-80.91730055787153
B,Y,129.74903098687733,-101.15358248622584
B,S,100.40969777298106,-118.76710011727825
B,G,-28.08028814253607,-69.92416571997013
B,K,-11.237147922245219,-78.9551841381226
B,Q,52.712339077993846,-118.82794788150817
B,Y,18.878317416155323,59.58078197250732
B,G,33.01610953948195,86.27734902168316
B,K,135.10835903089438,-61.41391368497587
B,Q,126.23615745392809,-128.05661329632824
B,T,131.02390587793175,-126.9188909179321
B,L,124.20485731902386,-70.14310492247125
B,T,145.77216049712973,-133.03840840559812
B,T,152.66668497695574,-129.338975674881
B,A,150.08532722646225,-157.41214353240153
B,Q,126.04929436370651,-95.3371568566082
B,V,113.14152086132756,-96.18156385954128
B,N,126.51910368723676,-82.95430216710622
B,M,148.92983377831135,-120.72727360452399
B,S,167.6534120441898,-139.97673534349948
B,Q,98.43430006527196,-123.63043269171901
B,P,-39.03187043250242,-60.85920092434164
B,N,-175.93741335126862,-138.7680803396863
B,D,-12.30298900984353,-72.39655329814447
B,N,8.782540679714794,-117.44363210396331
B,T,139.32120322290177,-129.62282447005677
B,L,138.3879649102187,-112.9940969164569
B,K,130.15148993310532,-126.88259588710612
B,V,110.33145204379753,-78.78425232306792
B,D,-39.33093259999904,-78.20083168339532
B,G,-176.3752127098325,163.28030228224813
B,V,155.0222267890683,-122.05571778979225
B,E,171.16442735098357,-149.25504994908096
B,D,49.394311237083016,50.98002510660338
B,Y,100.70006912556771,-98.9330917330132
B,K,154.75759523689229,-147.83857353396198
B,S,151.19943406665598,-75.40188933943003
B,I,-55.464554378417255,-117.17945327741153
B,F,139.35088499974336,-155.53685343145017
B,D,11.110478869247228,-136.41700266667243
B,G,144.00473153146078,116.19289608503307
B,D,-32.65953573741206,-106.43112826257457
B,G,-29.29189533124875,108.43611897437299
B,K,-42.35883088370389,-97.7580951551214
B,I,-43.54547413283571,-98.31531027572649
B,Y,136.91982486211717,-125.51568342267082
B,Q,137.08142264859086,-61.6306335787953
B,T,162.35152734102851,-96.77743906622
B,V,-31.522955344230922,-65.00108000053507
B,Q,-39.50554368582079,-66.09899988850886
B,Q,-38.700094034657376,-64.59570479598801
B,F,-45.76596133471713,-61.07624523241716
B,I,-47.20671536151671,-61.74561992833293
B,D,-40.84106249456652,-58.98765898244246
B,E,-9.062270361677554,-75.5825730763586
B,G,45.781448432291306,89.31460316364608
B,G,-15.253313751296895,-65.08567954170645
B,A,-7.750459353904531,-75.46251018197934
B,D,-50.507831176177866,-119.0334876717013
B,T,-17.156250166637715,-66.62840424586649
B,G,25.237626852648063,89.90512512194672
B,D,145.65170521788784,-78.39819653932312
B,N,112.58380769423195,-124.47510141292643
B,H,127.89988054838469,-90.08202110623957
B,T,140.33458336245616,-134.80729249790343
B,L,75.14546473036135,-157.80269096271752
B,R,-176.59485565309714,-146.25924740274496
B,D,54.906414199379356,58.396798980726864
B,P,130.62145900319882,-69.98471656471588
B,H,120.78212662395303,-118.87349453924216
B,Y,134.04709834834412,-80.9776159252991
B,I,151.16153874774903,-148.79116348748747
B,E,144.34612706991422,-121.6517657850783
B,D,125.38081410439978,-154.98967096544212
B,N,42.99470847364128,56.51357273912273
B,G,-0.04786516043964695,78.94241001085143
B,H,151.70662043322804,-105.77303562084147
B,K,138.31962009746277,-105.74624560919791
B,Y,158.76785638273284,-137.20786177376127
B,L,126.60596346326005,-126.18094603623844
B,V,131.58310196130213,-107.34221144973372
B,F,160.2960168088107,-147.44946817037481
B,E,131.35930168357643,-80.74060269731545
B,A,-171.6277540516983,-148.56655314585203
B,N,148.62112927575046,-129.73556005776484
B,T,148.76118070608757,-62.399737917321346
B,G,-171.21622655142045,-91.78926908814852
B,T,-11.7758907881022,-68.71902056069156
B,E,5.464466643284811,-123.23360629717844
B,D,35.42235096708831,-128.2337096269931
B,G,67.39069851929551,96.64493468199743
B,Y,154.99756461331216,-69.9782924082445
B,Q,164.72172246419578,-60.59205476117013
B,G,178.20367583080176,129.55947953334075
B,E,-32.95280947278395,-68.29981198896284
B,D,-27.09909443970328,-62.66791406194455
B,S,-25.985158809314473,-59.266605862739986
B,L,-11.277939343936431,-72.86393479442073
B,Y,5.780525360339175,-105.71442677198571
B,N,107.96885250852984,-94.52532021870557
B,R,-25.861367187323975,-54.63832734544441
B,A,-25.6099145578231,-64.73826292446557
B,Y,-13.053518767061403,-88.05954353486818
B,Y,-47.24871013717784,-93.14531850733577
B,G,-166.23731835153777,72.8033885740546
B,G,-153.12980426933612,61.29685693383698
B,N,172.75145736029953,-93.00072620169942
B,N,-44.25130819963129,-61.34685481128129
B,P,-35.833548060672456,-58.23869505140229
B,F,-51.03178543998508,-65.46328468078023
B,F,-48.13034061849774,-53.378004937197055
B,Q,-40.28733680752874,-65.10721521554593
B,S,-40.10586133336059,-75.71432436392536
B,E,-43.922366512542084,-67.44092228062685
B,K,-43.04166051047588,-62.03922011005441
B,K,-58.1208723157202,-55.965449018511435
B,K,-31.722766848199292,-59.87028803065553
B,L,-39.46225486432348,-75.65088378340718
B,L,-5.83263857281514,-72.4784307608352
B,E,-39.95571958254493,-104.46061995669871
B,G,-167.8256772496249,-78.56460215614749
B,S,-4.940254167619107,-83.6857150770609
B,N,7.411408338053228,-96.09593939069215
B,K,-47.34288031843419,-60.824108986358546
B,E,-39.905666606639706,-72.24334819699929
B,K,-42.76040389918943,-62.885345879577486
B,A,-37.73614325126176,-71.64185730495183
B,S,-42.61899511351178,-58.42813360611773
B,L,-20.78281854162218,-79.31595030762054
B,A,107.12026934380326,-67.41050673035626
B,N,40.67737463375793,-142.0586589450999
B,G,147.53006121425562,-60.450503520021286
B,A,146.28572106632714,-150.8369397880427
B,L,106.96196529159481,-97.733159806031
B,G,166.28841376401076,-90.40809106195948
B,I,134.64199959159484,-146.09342943459004
B,I,147.64582097734205,-128.97419840479677
B,E,142.6144292263488,-90.22027371637586
B,L,154.18640263437976,-105.35737813931327
B,N,174.94006287631632,-77.23173675386082
B,D,-26.545998437710782,-68.57444278380999
B,D,13.804426160687647,-90.20343799491135
B,Y,20.567364249779445,70.06247253780812
B,T,166.50044219298016,-87.35960924703008
B,L,121.88813426251555,-71.50016801286142
B,K,-55.355629613147,-91.58563185615112
B,K,129.68175731816,-150.50136328240572
B,V,120.68099019112047,-82.32414695531243
B,M,158.81147271625184,-108.28272984648174
B,K,148.9734067186072,-62.32641110207791
B,P,153.94618649535883,-61.59596415689685
B,L,-39.893197373714834,-75.2354260348313
B,I,144.62210953898722,-158.32691165408224
B,T,169.86208552599905,-119.1636876130304
B,S,42.09492334944116,-134.95669077075644
B,N,139.12961868639238,-53.32323621429957
B,T,-31.05664258646826,74.04414416451463
B,V,-53.743473872122536,-80.84028652448843
B,T,155.12275023287106,-157.35408089793964
B,D,-7.926381537647022,-93.84884272622418
B,E,101.59017144343257,-135.18371066021268
B,I,100.65058893925284,-116.75050457631488
B,E,177.43869833724713,-92.53695736321153
B,R,70.22402952431133,35.98471456280677
B,A,127.78694154641818,-62.655857721916945
B,N,138.5931212622444,-135.03737675538417
B,I,132.55018983466675,-153.65907345716207
B,F,164.971812934973,-153.23692370345793
B,K,121.69428548019275,-103.21410039532017
B,K,128.95581499918993,-132.53247907606203
B,D,35.644062756075435,53.79136831201155
B,G,-9.263041669334356,84.70772994538915
B,K,159.38281599465364,-102.08845664031642
B,W,118.25678016621687,-106.58346342943267
B,Y,123.03014712224645,-103.2375851420795
B,L,133.22614681024817,-113.44393313854664
B,F,154.26488846298378,-130.96555032958804
B,T,146.2208060589089,-157.20991004787305
B,D,138.50115219145545,-95.50594406644328
B,S,140.77914840281213,-145.72414104677284
B,R,134.4224501262499,-94.78974074745324
B,G,-27.074716940605988,-66.14131379106429
B,S,-30.627419951375895,-64.55450684101503
B,K,-10.580499322618326,-91.34047977966726
B,M,162.25970810120606,-85.60717130452701
B,T,24.84670251184185,-117.30919792337588
B,I,134.64255827426868,-97.79131821704918
B,D,133.57526569477363,-67.48750753681753
B,G,-1.711976688717119,87.8937415938307
B,I,118.3885785817498,-115.09458837983883
B,G,-167.38207880938486,-110.62657803464998
B,Q,-36.063014346877274,-64.53726232290609
B,D,-12.398060377862514,-83.63508221268908
B,D,128.0318603878855,-73.61129058223128
B,V,137.04664061866214,-131.97521963501217
B,Y,152.95245337412803,-130.695388445242
B,M,123.27503985574846,-111.7647072243822
B,L,152.85033323453524,-103.9117075034363
B,G,145.03443114409725,-139.56777333469051
B,Y,151.81323868088364,-141.99663204744047
B,V,144.6389043949013,-130.38070042958003
B,S,148.5537462624023,-145.48844658283713
B,N,-29.184693050847304,-68.19289856528327
B,T,161.5213622951123,-126.25163078665818
B,L,-46.17150938015392,-57.83154355628335
B,T,7.6212440335828155,-106.20041731631429
B,G,-169.18296004051288,-75.01651554971741
B,K,123.61128028013533,-77.42053016901795
B,Y,122.60370913356762,-93.66443260161293
B,K,140.2236368895742,-106.44413427681366
B,P,137.27697116210143,-61.24110974310013
B,L,140.7801980680989,-76.16827592672911
B,N,32.88601849429058,57.487667035548654
B,D,-19.738373712350715,72.08182677199018
B,T,-17.432780600652865,-123.39202482033652
B,G,-13.66300862063907,101.39058339518506
B,L,124.58599314378452,-67.7008581925922
B,V,-47.05819945387252,-121.09598579806949
B,L,142.06711250162226,-131.57360182779573
B,H,116.76522378708066,-133.0734346481685
B,M,119.3139637580499,-119.09058825191038
B,D,16.61910765199142,-125.95842984545894
B,L,147.1258633414071,-67.69144345622713
B,D,139.1490925855354,-63.16929252383957
B,P,-25.35155028333572,-54.696386061430786
B,N,-18.995735847770646,-75.26905064959728
B,D,145.3894563469671,-67.04006171172152
B,K,-43.79257583029949,-62.66229432895248
B,T,17.205651898097603,-88.60091750289806
B,F,125.46074194005989,-58.458395966238754
B,T,160.61387813614974,-116.42314788767702
B,Y,156.26984531080956,-159.73847221124035
B,S,47.47467300858173,66.70906037953846
B,H,133.78906118682855,-65.24054073031925
B,F,124.34082863304029,-138.86188658477823
B,A,112.04261200670332,-85.35561150876997
B,V,109.75488117018793,-98.10613656055739
B,P,151.6358227804702,-65.33136980726427
B,Q,163.7617217716666,-112.97765446209429
B,T,-43.780818060420536,-63.93891245098634
B,K,152.95258617849424,-139.45575771595736
B,G,171.76938910620342,99.4912912958439
B,D,4.911418703755347,-100.16782058749523
B,N,141.27867352964284,-94.56166451280598
B,V,146.84818686683073,-115.73388734214754
B,V,126.48843866236066,-88.99540002674526
B,I,116.6490200430231,-97.01846529899704
B,T,147.37914835240295,-104.32978007754731
B,S,168.8776891320847,-155.7537623022859
B,Y,148.9347616007024,-102.83678536223404
B,M,116.22099473154078,-114.15695548990777
B,T,-32.351900187320446,-56.238576445258104
B,N,26.994912798791106,53.95867229562389
B,R,84.82168105109183,-75.56373393858132
B,G,161.11550800424408,-104.63697185830046
B,F,-25.325067153480123,-69.59637431778582
B,Y,179.650815245382,-114.50906789586331
B,E,144.58941555915538,-122.13400080844372
B,D,145.6716376403184,-57.72305650781598
B,N,-8.856668994732654,-140.03782276507525
B,H,152.68126275350147,-109.85926497386727
B,S,131.3372132264752,-55.06378664420766
B,T,174.54308045132262,-145.4974180862523
B,F,126.43261245143765,-64.41605862119599
B,A,153.24188995505295,-77.3175646473658
B,P,128.7831359930747,-57.16262171761488
B,S,156.9648591862319,-77.30146120914388
B,F,173.16797364722854,-145.37232014845353
B,L,146.8421945686677,-110.11533960027967
B,V,125.33689644749631,-131.33161187065227
B,N,134.91542026983754,-78.95528008773073
B,I,118.51709168712294,-117.37100880877745
B,D,105.86551032925101,-135.38817438084138
B,G,-118.10941494568054,64.77543248043037
B,S,15.510227670492363,-102.81069484469538
B,K,140.6849258647203,-119.5965204067224
B,T,153.45267171353987,-128.15997965237761
B,S,130.79487509151136,-152.06971085571888
B,V,132.99066000776014,-69.09949288355098
B,V,111.84968352373251,-79.07382383051116
B,K,146.75113382573014,-70.1090039732005
B,D,35.27484192355017,51.30798198339638
B,R,62.71688559148034,-134.6866868715794
B,V,127.61313515022813,-80.07320142638633
B,L,-172.0794119951546,-90.93498327717838
B,E,156.05692714869397,-67.5177960916543
B,Q,108.65393910733542,-63.770682822774575
B,G,5.852236466622038,88.53593772106527
B,Q,135.4492045978381,-63.73389184244232
B,L,-31.650401254396066,-107.96479583303594
B,T,149.34481460536495,-126.64863911606155
C,K,-16.694131955649556,-79.88115285041623
C,D,130.04152942227083,-59.19802112053744
C,F,174.69515327761653,-150.57105740417745
C,N,107.60221079620725,-144.01884424495117
C,N,115.12456589919933,-138.95723604774741
C,S,-8.756762587049504,-93.48710567012164
C,Y,23.486544086240677,60.2702046169854
C,G,13.555394854111169,69.99839155032484
C,I,166.10376607463277,-125.49350404881693
C,S,164.1833038135267,-82.49102190186949
C,H,139.47200338835407,-143.0653713309538
C,I,103.94211885279786,-80.1112465764105
C,T,156.85056256514082,-87.7355923023613
C,R,-29.535450308829205,-69.29682555441045
C,D,-41.69744023748684,-63.246732034321774
C,N,-33.44328058261489,-72.76728585740727
C,M,-37.579068982058075,-74.05276466380211
C,V,-10.691743248488969,-71.56355068996521
C,K,-6.854991954352896,-93.99015554912688
C,I,-44.766026615082964,-66.28374204372429
C,P,-57.543642101716095,-39.262531656610754
C,Q,-18.28638453753669,-87.40642959524568
C,Q,-37.665364061764414,-69.57871733492043
C,Q,-19.965989239395288,-66.23058122212127
C,N,-7.443791060938707,-70.27289530741201
C,S,140.0996585000229,-81.64834473310714
C,D,-3.5856220790745845,-66.4686805263048
C,Q,-22.69440282701774,-68.71007573491664
C,F,-14.662061197611783,-122.32248984415303
C,K,131.92886464299923,-73.1891779421921
C,V,124.1693645134765,-64.92089940269979
C,P,146.21798622399027,-57.7941119091805
C,A,132.36371044084242,-62.79106547647359
C,F,150.1270394102673,-103.39177949637269
C,D,116.56091228199497,-82.46063911161784
C,E,-24.009926949739853,-73.5749310425855
C,S,-13.554867174204006,-79.66295762458317
C,T,-1.3715712138009541,-113.43942397000332
C,I,123.37683635569275,-66.44001008374397
C,K,144.09772118150477,-122.80336933525763
C,N,155.35895151176732,-66.83080598571333
C,I,109.49178996504898,-73.28324044730883
C,A,-37.44704058152137,-60.31174264738026
C,S,-13.73296700058982,-80.3344688282231
C,A,72.66328050177955,-72.63489503174084
C,K,139.73471030266305,-127.95717467920763
C,G,163.687445482758,-165.79569682452686
C,K,127.33199038257014,-80.2181312657711
C,N,-155.77482116789272,-78.07858563656484
C,A,-51.323337629614365,-57.267659826910524
C,S,-8.82287674597239,-69.39934741093252
C,G,27.276793764614247,81.15124949719849
C,N,136.90588499769171,-103.9782523855065
C,T,97.79740982364153,-73.26611933684363
C,I,161.04507058962366,-114.65868983184468
C,D,125.51694742329164,-74.77801866371304
C,L,147.70777082055406,-87.09643495444757
C,D,125.97445919106865,-86.96730850020207
C,V,123.79094430273848,-107.77453755360625
C,W,-124.28228924123094,-110.9782857540772
C,D,122.89296562479186,-48.61680361813357
C,S,145.87949681602484,-130.43723249193852
C,W,135.85820169701157,-142.35984513818158
C,P,152.92872277037398,-79.77579492137708
C,L,124.60606467269082,-66.60450539586378
C,Q,154.06710498911306,-119.87467831164886
C,N,172.69300444078962,-74.64143910536899
C,A,-39.704087351820114,-53.978108326659445
C,D,-8.270746827881629,-79.99986274676495
C,G,-15.03716979454613,108.53294571652596
C,T,154.43578753680092,-66.68389717802015
C,V,124.15656043058728,-67.88861647766838
C,A,146.3087963556128,-80.35372124668298
C,T,119.76348323250555,-106.58600260879263
C,Y,104.56303733949389,-113.52579140846575
C,H,42.4595471012082,50.507502366751375
C,G,11.847997385211501,81.02448976491941
C,Y,149.9380373492373,-116.68436274019763
C,Q,126.7629016945564,-102.56497714116003
C,I,128.8926952146656,-108.55820732985467
C,V,122.53123131668988,-121.0503261998232
C,F,136.98555929814697,-87.34433419894007
C,A,141.963370875195,-143.11141418132652
C,L,131.56800749821986,-80.5631230027432
C,A,153.45794017416986,-146.91475336442642
C,G,-168.16534271900755,-169.64619896371593
C,D,121.37781839170539,-127.06152306485737
C,P,-3.9773047704909334,-66.27714776471456
C,K,-18.301504327786507,-77.92577489056191
C,D,73.73270319587908,-121.91242424226697
C,S,-43.00573443617386,-50.549562041699346
C,N,84.71213974064122,-105.97609486506961
C,D,104.03766230222267,-167.7646055593962
C,T,138.8776408971799,-126.77436326493239
C,S,157.6340738516799,-135.76686599574157
C,V,125.63685190251006,-88.56413964754917
C,Y,148.95991728903653,-110.98082812818126
C,L,111.7950457108741,-107.04033847905883
C,F,145.3365989881977,-104.69836712083838
C,Y,150.844597401564,-145.1272467915813
C,K,138.60071826061443,-155.16475019709048
C,K,131.8483443385813,-57.792280679231126
C,A,-35.55829718146111,-52.666713432735996
C,G,-32.039908331281104,-73.28552050229347
C,D,143.8262942041223,-65.77987726452218
C,K,-40.86493965213795,-114.65975120531834
C,S,154.06079714036395,-67.80862526840876
C,I,-25.26259239437142,-66.03874922983876
C,D,-16.489757456047396,-69.67890317424087
C,S,-14.87552329303684,-85.58294088356521
C,W,114.03510147152716,-68.2211127724663
C,K,162.21526593577474,-95.69402925383378
C,N,110.82082914593781,-118.59293526932757
C,A,-6.709584872614915,-78.50623405654817
C,G,-161.43381290345954,93.16366224453219
C,R,142.7583831103232,-71.13269717053666
C,V,-47.25492998745294,-69.72140682960872
C,F,139.3968308743785,-109.48639102318164
C,K,154.6321964522028,-78.36632743301352
C,D,-27.588998475243656,-54.49191435005512
C,S,-15.708251760151377,-83.55293106751468
C,D,-33.966940589838785,-63.51051357245225
C,K,-19.044067150223857,-72.03121159242872
C,F,-8.05872599854735,-94.85613174146138
C,V,-55.14332494712037,-68.99108159575391
C,P,157.24619474556178,-81.41128767651968
C,N,93.11960689934693,-75.08890702392375
C,D,140.4086129372464,-135.26047376368834
C,P,-17.475222093650263,-73.77412418620136
C,H,-35.19622430672935,-122.00980324321088
C,L,-33.16680740964334,-57.89162049175003
C,K,-14.28481211026812,-69.97790607311188
C,N,11.090980168503501,-97.2881530764569
C,Q,138.7032680545872,-74.80612515377675
C,T,-31.64931246995323,-122.1949615787584
C,Q,151.45760501920464,-134.76007375195084
C,E,119.62605533040725,-108.97766321121321
C,W,-175.57674876753697,-108.72851497060857
C,S,161.20334853942362,-66.89875645332145
C,G,-139.56989562793783,-168.50109067864273
C,S,167.25647048998093,-143.80437380527627
C,G,133.99408354776486,-136.97033763756338
C,T,146.36347835757232,-128.44034194331337
C,L,114.07358020936852,-97.51628031015974
C,T,166.5040477309301,-72.07709889520157
C,K,-25.78830825836091,-63.59967263340936
C,D,-2.580403060766056,-80.23408878972901
C,G,26.347097626082025,76.57951215004384
C,K,147.77500231030936,-99.86627784482359
C,V,110.11489539592984,-83.90121996206304
C,R,110.44525587167475,-111.16766156476714
C,L,136.18224509334956,-99.91532075949227
C,F,135.29076967271854,-118.25183946433451
C,Y,-178.93137053219723,-152.41141384623307
C,T,118.86502267868109,-109.17000185229075
C,D,108.47254028429306,-79.87582052091503
C,Y,129.5454632176712,-98.44311276069655
C,S,108.17328932447217,-113.92131030025455
C,G,-21.79324322032047,-73.15242744083936
C,K,-6.5430731090758645,-90.39273888486596
C,Q,47.96792580445332,-118.76329848314845
C,Y,24.512321658923838,58.72172175102323
C,G,30.261815358683457,89.75604828586056
C,K,134.13189074983455,-63.3409840132852
C,Q,124.13935282271476,-123.51926651458497
C,T,129.17165054639014,-126.56954157081437
C,L,125.13646935486376,-68.17947748046338
C,T,150.42876426033212,-132.7823567896028
C,T,155.0311393236063,-134.24261822360003
C,A,147.76715976785772,-157.93244229295186
C,Q,127.66842435107102,-89.01269118727605
C,V,110.59945675845486,-97.63036390265749
C,N,126.83729351417433,-80.02318304758653
C,M,149.42866384880276,-117.99584701873762
C,S,162.0792886557614,-139.95493681188046
C,Q,98.71001506276569,-117.66903453265449
C,P,-37.22518210520105,-63.00314792713758
C,N,-175.04689689247616,-144.42016030863095
C,D,-24.474285951795252,-63.678643835781415
C,N,4.920570538631702,-117.9826518687057
C,T,136.13866763463514,-121.58074172831535
C,L,140.37914735497608,-108.91095301944019
C,K,136.11258771480132,-124.96488002874405
C,V,107.63196339025136,-87.03221431685131
C,D,-42.92176253730852,-73.80364724182066
C,G,-169.73444507137387,166.58933386157435
C,V,157.61512549091657,-124.10084209891366
C,E,165.89243843138058,-145.04830426363864
C,D,43.77924915250079,55.43874629007479
C,Y,111.6335400193884,-90.51027154393584
C,K,149.70607455647956,-158.81201125698007
C,S,148.05778212172598,-72.36860338379017
C,I,-54.87635648419522,-110.81741276543269
C,F,133.10638837073435,-153.25211003350148
C,D,18.102836892544683,-128.74946257308858
C,G,149.1436158070472,101.80675770851938
C,D,-34.2933843714367,-110.15480434445597
C,G,-32.95204377103233,111.36163504396622
C,K,-39.7989738261572,-95.75067855327987
C,I,-37.328260301475424,-102.75939281710792
C,Y,138.25632438434616,-133.1569550674454
C,Q,141.85474711209386,-62.96715824570135
C,T,162.05652533634884,-99.55769468202935
C,V,-24.742538551543085,-67.94921168993126
C,Q,-38.55338174594133,-68.72565308592036
C,Q,-31.03808970555918,-65.0501770904834
C,F,-41.55126286013996,-70.3022793791925
C,I,-52.239149592570534,-65.87885767063328
C,D,-34.74099647062873,-60.75343415553784
C,E,-26.30811528837982,-69.50357886777986
C,G,3.129424666096999,136.61329875505075
C,G,-145.5416986269815,70.70078296356935
C,A,-18.094787523567412,-69.3701278172712
C,D,-30.00115136388485,-64.36429380110714
C,T,-27.185942170387907,-70.18256320555805
C,G,-0.6280363275784674,96.04625762118195
C,D,149.2774981752937,-69.97201955146367
C,N,101.84585404550704,-123.14684187083239
C,H,121.75452004640324,-84.59362299306906
C,T,148.30702705539647,-126.36345232690921
C,L,67.62107865089999,-165.52843062465556
C,R,-179.66728046758303,-142.31485915356507
C,D,58.18336964863349,58.172808112276954
C,P,129.11719252278152,-73.76178524701261
C,H,124.65166464696858,-112.49865341376884
C,Y,135.98283510285282,-82.91812837655982
C,I,149.39892550992892,-151.93009181770805
C,E,150.08857134528705,-116.81726944021216
C,D,127.334778604177,-159.04834015231685
C,N,36.89036778159621,52.6727189217914
C,G,16.55644184222985,74.52768011143178
C,H,143.29831345509436,-111.99046627303751
C,K,131.4625393645873,-102.32507166909362
C,Y,161.750270206638,-131.83009509427657
C,L,123.90608423938917,-127.52564911320218
C,V,125.66351694914121,-101.34993678573542
C,F,160.65205666685824,-138.9286220329645
C,E,130.76245885221678,-78.70191469816807
C,A,-175.32884664958146,-152.49214920786704
C,N,146.5140253304522,-126.25509366871536
C,T,152.55082593762958,-60.28614683996712
C,G,-169.0191196392044,-95.82639928478717
C,T,-23.583736549569778,-64.64943990112609
C,E,10.203195798838092,-110.1875445891345
C,D,46.95224425766407,-141.29066623209957
C,G,74.10849269815262,83.83937015185506
C,Y,167.05729796582054,-79.33959550415754
C,Q,165.68174510737362,-63.34553787411799
C,G,175.59559355773223,131.0647763730051
C,E,-37.32890599975057,-65.4204231684997
C,D,-24.301214243311858,-68.69694082373317
C,S,-23.973333996846254,-63.352361667550475
C,L,-2.0775408925141527,-75.87723309637425
C,Y,-5.594717766811115,-109.06697703784079
C,N,116.39258954081426,-80.15140384390219
C,R,-27.863043190604223,-61.11044410203095
C,A,-22.86166972424243,-63.49650533240517
C,Y,-13.244765072084707,-89.42387650908667
C,Y,-43.937776229213846,-97.03699942215081
C,G,-166.73066288143994,68.5750326915226
C,G,-154.63203021652095,61.27207132339593
C,N,-177.63515557165658,-91.40960643941322
C,N,-44.408960754710854,-68.3987580608387
C,P,-40.95740789223953,-53.0995822579577
C,F,-47.44640055377347,-68.50723933807237
C,F,-49.693887111775574,-52.695993519666125
C,Q,-47.34282709492062,-65.26820189266552
C,S,-36.90626258432739,-72.5824263664722
C,E,-42.266734736372804,-70.98764826387016
C,K,-46.34677596457205,-60.40278595006199
C,K,-44.377390938036726,-59.171622201465965
C,K,-38.984631391564015,-65.75573088869419
C,L,-35.27853583201126,-71.70141834584015
C,L,-20.81424232584334,-75.3241419329188
C,E,-35.113297395660005,-101.62037409848531
C,G,-167.13019014505053,-72.57603948305598
C,S,-5.998995036198431,-84.06209495079166
C,N,19.38286627168856,-106.33951181750635
C,K,-52.51690433921698,-65.22941997082123
C,E,-38.01626031326579,-67.4982008611382
C,K,-43.64981781420083,-62.221109413086985
C,A,-36.311398500852654,-69.62245322485131
C,S,-44.63514503290086,-58.57279487833932
C,L,-21.19080333189181,-77.35709662747654
C,A,110.73732006320525,-70.52996259429747
C,N,50.70010195189522,-146.66953995524187
C,G,147.58014230185603,-60.82187871420407
C,A,138.19304304956597,-146.6709512457635
C,L,99.81448140939764,-97.57112389393679
C,G,167.70462526699166,-92.78557546000839
C,I,134.7906167761476,-145.09794808032635
C,I,146.13097520525275,-128.5670779501576
C,E,139.57490810053017,-91.19947517840781
C,L,156.7264972955028,-106.23849794211512
C,N,171.98591746660637,-80.83196670111613
C,D,-18.972831068634694,-69.94996729131445
C,D,8.031446191087374,-90.10211525180779
C,Y,19.34802632301104,71.94615814242708
C,T,158.99811140797928,-86.26070284766216
C,L,125.57112313517298,-64.36056196879444
C,K,-50.363931215984884,-102.29758353132607
C,K,135.29917981160546,-145.67087251562555
C,V,117.23448362194075,-86.82547697218064
C,M,154.42043990995515,-107.44320016629979
C,K,149.780452356467,-61.00372475162681
C,P,156.88524698891973,-57.15482429453021
C,L,-40.99271191309797,-78.4250177133492
C,I,143.99250548063992,-156.74218331975553
C,T,168.77702609106123,-122.40970280911027
C,S,48.93841139926069,-134.09869661429582
C,N,142.52173732059316,-56.889995263835125
C,T,-29.172401596783015,68.31449691606078
C,V,-62.63687493299684,-78.20747925677028
C,T,156.23915113384479,-151.8448637856507
C,D,-5.17722706210511,-97.80665646541397
C,E,97.89979093713092,-135.9510600957806
C,I,107.88207227367481,-115.70262103073847
C,E,174.45070988754986,-103.87895101659281
C,R,64.62500483603385,41.27160776387153
C,A,130.64109774488747,-55.95894075430113
C,N,137.6575454109472,-142.86263823412682
C,I,137.9752895850273,-151.0782195798211
C,F,166.3337063563974,-156.47600476576795
C,K,132.63557121535845,-103.69673930337774
C,K,132.27655084694524,-145.02679574087446
C,D,37.83329477068386,52.038573582843064
C,G,6.006289118634093,75.20211488775183
C,K,147.82797720893484,-116.38860147099254
C,W,128.10428360179608,-95.22593811906468
C,Y,118.95435702884281,-113.93605263440335
C,L,128.07110941276213,-113.25810394423776
C,F,153.7029579539201,-124.78434370628106
C,T,146.89114823818383,-152.86429976942614
C,D,136.61516145388853,-100.24024445097675
C,S,138.01159693761582,-142.64727809946064
C,R,133.28359189246783,-91.39797933912888
C,G,-34.6368483426047,-61.54809161711595
C,S,-28.643175308742286,-60.611531039818246
C,K,-2.913391179013941,-92.3513265901913
C,M,160.4306325234997,-92.61016477826784
C,T,23.856142898704547,-114.04358720513501
C,I,126.3507261995296,-97.29331458110721
C,D,134.91465207724653,-59.18710760721
C,G,-13.736755371490576,95.12848880901241
C,I,125.30846748332898,-108.34306962493704
C,G,-171.23930310231725,-112.8810294827729
C,Q,-41.23376951728134,-63.341194683177385
C,D,2.667153527702097,-89.94255225711098
C,D,122.71103814675581,-81.85020669879651
C,V,145.9468786144856,-122.32092564179028
C,Y,152.39529522542145,-131.77259902598027
C,M,115.40201885705905,-115.27575031224573
C,L,144.5443627975997,-97.19668349964944
C,G,149.13713209146053,-137.00424571297998
C,Y,152.97103042934268,-145.18832775491447
C,V,139.53378743298288,-129.99068797740176
C,S,156.62694845681887,-137.67777439919254
C,N,-25.64666466175063,-80.36887367000314
C,T,164.7801359204921,-125.96625557055087
C,L,-41.21166432484167,-61.01621781673704
C,T,9.570976246691265,-111.73912833833813
C,G,-161.68120515646663,-80.10883556943735
C,K,117.28829528525246,-76.11807328792838
C,Y,114.88984737166797,-90.86866967956315
C,K,145.21311215179193,-100.03728511728482
C,P,131.86283050412513,-65.83207335593738
C,L,141.14727979230096,-69.02699819176756
C,N,32.53178370618046,55.30610920825429
C,D,-20.49526943080301,67.58668539821157
C,T,-29.29811577728061,-112.38552657771663
C,G,-12.116351452534794,109.96567661654494
C,L,130.2431765266435,-69.62728381394297
C,V,-47.23738099005445,-121.3688755318429
C,L,140.93983532920615,-131.1038436521204
C,H,127.96381063846188,-133.61103039406507
C,M,124.22776602696467,-131.85978874323362
C,D,20.942810177547994,-131.98538610665375
C,L,145.8936055380938,-66.56791544198904
C,D,140.1142686372574,-61.6566382070409
C,P,-22.144152828362753,-57.52373470631381
C,N,-10.696124856377862,-87.09066660088679
C,D,140.2163206759948,-65.34232116494549
C,K,-39.32677378426658,-56.91425043317949
C,T,19.67909442192801,-99.07353058061943
C,F,129.35512481388722,-55.729874061283795
C,T,147.6968004059172,-123.19914609028369
C,Y,156.74255449672424,-145.55385441088987
C,S,55.62965749682294,64.58896308329406
C,H,128.73865668513739,-68.96435942627598
C,F,120.30067371848625,-131.04342513476067
C,A,117.21775151478033,-82.56953572278215
C,V,116.56116101209217,-105.59989566269435
C,P,155.1838258918655,-72.05927035207064
C,Q,160.40412235096403,-114.71587506199845
C,T,-36.2697220670503,-62.466902565843775
C,K,157.88751808426866,-145.59620034294483
C,G,175.06502621729354,93.76640011653674
C,D,8.207635364477326,-104.76364881147276
C,N,144.28868847883697,-103.99776317330875
C,V,148.08547426186735,-115.63190228106792
C,V,122.5899656966287,-90.98141395873571
C,I,112.78232907669603,-96.03503706061106
C,T,151.9849698501344,-97.89552540726574
C,S,170.7544678798048,-160.974111942767
C,Y,143.51335065910732,-105.82961444665929
C,M,112.95759104061952,-106.64314219333625
C,T,-35.639559893625375,-56.287902664330076
C,N,50.6307785343189,59.390429185783425
C,R,56.687543759246765,-90.6864504102246
C,G,166.98881303684317,-84.9989850667635
C,F,-45.926366748117665,-77.20440282249176
C,Y,170.96365060076062,-86.91097363663604
C,E,144.85662421911087,-80.56353089629316
C,D,138.81156232513632,-86.68971341126048
C,N,39.34608236326101,-138.48975348010245
C,H,151.1021090485122,-115.72061007582954
C,S,132.00758140917026,-56.65529275782385
C,T,176.81906630110547,-146.45755097713158
C,F,129.61839776659937,-64.4941431825546
C,A,153.11363028078964,-82.00340023570574
C,P,128.9820097696158,-55.74526189040649
C,S,152.0543275309654,-79.67480819325425
C,F,175.18637486223625,-139.19657509344162
C,L,138.0807382172154,-110.6280846905296
C,V,125.01205611343114,-123.345421481039
C,N,128.17683612896155,-79.39218677235712
C,I,126.67142643607353,-111.00859470036892
C,D,95.43369972419548,-151.64976225773094
C,G,-119.44877950061017,70.73320017037061
C,S,10.3078736074942,-101.83987003656388
C,K,134.5637877507622,-106.65774169796157
C,T,147.37717491600327,-128.12482035537346
C,S,129.9810415100575,-150.99987520325092
C,V,128.046772261119,-62.33544040690358
C,V,121.53300255580442,-74.7815937927794
C,K,141.87548761106507,-66.07480316036884
C,D,38.73768229069727,51.38516449185141
C,R,79.94540219358954,-134.64027356445916
C,V,142.09333848723196,-98.63952515148334
C,L,179.2597383515491,-110.99916865367662
C,E,152.51415832663864,-66.21203250176505
C,Q,117.80486590951755,-54.22591347547212
C,G,2.9320647428506335,81.6282514959812
C,Q,135.13641710089732,-60.9599573329578
C,L,-26.689733147479718,-105.64259594420103
C,T,157.10982243355468,-135.72670286393958
D,K,-22.475149508617875,-74.90838302411356
D,D,134.12358582448928,-63.54794152195291
D,F,173.5026198379818,-152.3565292064903
D,N,110.14767028134013,-134.90887959493926
D,N,108.98209040303564,-137.61067804096322
D,S,-28.364552196088123,-80.74091407946287
D,Y,27.254671687581137,64.42887789626238
D,G,20.89247661444613,64.820551336086
D,I,170.7691564223521,-132.6371885339262
D,S,161.32157349946385,-89.91195022636244
D,H,143.27633264701615,-140.25527969944613
D,I,97.08364117056443,-82.37345728942283
D,T,151.03826166471865,-78.85883806915876
D,R,-37.26120349310518,-64.06297910942641
D,D,-36.81271581843279,-60.618419596396
D,N,-37.944560466082045,-73.05931968366517
D,M,-36.60855363187939,-71.34924325574215
D,V,-8.340418252839523,-71.09721766922753
D,K,-7.963430163529312,-94.48405548553744
D,I,-44.58270540540705,-67.91431861346564
D,P,-60.98859913108504,-33.79599981677198
D,Q,-34.242267596942966,-82.2954212887267
D,Q,-36.038392940211786,-56.94786179023401
D,Q,-18.703898085665873,-67.75735750196864
D,N,-10.075910937207768,-70.68414228532174
D,S,143.14142276368264,-78.96232088136406
D,D,-1.9304441253364681,-68.11898554285119
D,Q,-25.703830484080576,-69.38470583617264
D,F,-11.597999978821836,-122.2357284694039
D,K,132.79129347987154,-75.68441228669316
D,V,125.63341628413482,-63.63790029588993
D,P,145.30207190927368,-59.85178064782571
D,A,134.48124700759746,-67.27476454068699
D,F,152.24744237265548,-106.42456588065939
D,D,120.45043807602262,-83.42684998591082
D,E,-34.46498294211199,-69.3206529549021
D,S,-23.88244685705683,-68.101548677263
D,T,-11.43473169846441,-97.62375389399868
D,I,125.37313650035988,-64.76070100686734
D,K,150.41235183715312,-127.7065305119062
D,N,156.34108497332986,-69.04386968084013
D,I,110.44910326279637,-70.89972204228364
D,A,-36.08962327143343,-60.05178284912261
D,S,-10.065176193006529,-80.87258900499032
D,A,61.5109667763568,-72.23208178692825
D,K,154.3866456519955,-111.61680660309034
D,G,171.36877209617975,173.88180364957353
D,K,136.00043075045207,-83.58462245930384
D,N,-175.15921007810067,-72.15686026651622
D,A,7.062717011070254,-79.27633959893703
D,S,-17.368841962298507,-109.69189691949394
D,G,-34.53239194380406,122.86551159794034
D,N,155.7906919186378,-85.3404187480465
D,T,122.62849451181908,-85.32716321799535
D,I,175.62427851794547,-136.21511414576665
D,D,135.96880721497305,-81.8043733088792
D,L,146.22995366440963,-93.90273656511462
D,D,118.21583440421291,-90.63337068580495
D,V,123.13369979386881,-106.25716362211107
D,W,-126.73780993675439,-111.06534346083336
D,D,125.50057493497312,-47.38592466240698
D,S,144.0319340407743,-131.49519918550502
D,W,134.10498391022065,-139.51471413382816
D,P,153.5299043398897,-77.97899851629953
D,L,121.37730084399934,-67.83081890662756
D,Q,149.2274216174659,-113.46378837506924
D,N,165.8820472737513,-72.05139499646133
D,A,-37.13697424989638,-50.64183451883108
D,D,-3.4478029463200968,-84.91148423900725
D,G,-14.653315251935867,104.20362292562811
D,T,154.95372604542254,-67.06588851501692
D,V,122.82827283237275,-69.81499986923343
D,A,155.11888708507564,-76.41759953538019
D,T,118.09378475761557,-116.56341085705552
D,Y,105.53298526852701,-112.12418893029503
D,H,40.22128211448097,51.04281597255912
D,G,8.164195682899576,86.97930393128934
D,Y,145.7148806619833,-118.53141365506039
D,Q,136.22484486187273,-92.71164585318249
D,I,128.04760674482137,-119.59957370646654
D,V,123.96751149644474,-120.59564279259543
D,F,139.337773091778,-88.57957701753469
D,A,139.2495734284199,-146.6185952736931
D,L,134.58518814841344,-76.83906009574387
D,A,158.50473028155272,-147.84003143364953
D,G,-158.5814701351888,-174.89721356728413
D,D,134.03797920783416,-133.84281582235437
D,P,-11.534987398925242,-73.98231057417185
D,K,-20.002010432588094,-77.55290677698052
D,D,65.55076306344739,-112.14524258577978
D,S,-52.15452242813524,-24.635560267459297
D,N,79.49258180685443,-137.23639101972353
D,D,114.10429290312148,-142.65948876812843
D,T,139.22039648042897,-121.31602045139871
D,S,152.76157332385966,-137.52695147134057
D,V,124.0487807941153,-88.1306503152233
D,Y,152.35432058858908,-109.37484735608818
D,L,111.45367826680604,-110.82954912219098
D,F,147.4086268424741,-104.00729228259375
D,Y,149.56582181392292,-144.50610660997003
D,K,141.82406492440975,-149.88456245427585
D,K,134.87860819414828,-56.7346249749472
D,A,-37.54826251627905,-53.146669375585276
D,G,-21.34043132938085,-78.9720647418005
D,D,155.63437856126623,-72.25177153108584
D,K,-39.58634954630948,-122.804176429166
D,S,157.1029075861915,-69.3739550111273
D,I,-30.562926840395654,-69.8409661817073
D,D,-16.65403247769291,-70.36967694740042
D,S,-20.74010410216204,-75.79515594333728
D,W,129.1740646174309,-67.64173772247347
D,K,158.5283272498343,-110.55227168887674
D,N,120.86327699163088,-110.25007079941588
D,A,9.278402544039938,-92.06314867117828
D,G,-163.89925009716356,78.4079843726231
D,R,145.6403652546583,-70.10934940335585
D,V,-38.61347721518671,-68.24995461421558
D,F,143.55232979425512,-116.94855217902368
D,K,156.84403276937675,-83.92192591286411
D,D,-27.04317590416066,-55.25297792907193
D,S,-30.838382275655054,-71.65156144373908
D,D,-34.268340441483446,-57.79563366551387
D,K,-23.172271950418168,-72.058212955518
D,F,-4.010017977448505,-92.21385422094004
D,V,-50.27308187356062,-76.12873998829076
D,P,156.75909245712464,-79.79687846972453
D,N,102.00939066014647,-74.14141980786489
D,D,140.9304157355697,-147.04816256872476
D,P,-13.872697198465836,-75.12014747378724
D,H,-34.72121680858716,-125.76934726031611
D,L,-32.34590149251921,-59.255782849044635
D,K,-12.58821097675887,-74.52761741425765
D,N,1.1169355547886588,-92.63704758256264
D,Q,133.90403257913349,-67.38270572573713
D,T,-35.49990203715837,-115.72478206512683
D,Q,150.97997158438392,-131.63254203959454
D,E,113.72594737026502,-108.33590731519358
D,W,-174.0973858310009,-102.34811791340623
D,S,165.09499279413123,-65.07648126301876
D,G,-140.04489703135133,-173.9065110041057
D,S,164.25784045514746,-144.92172346345126
D,G,132.45960972690574,-135.24432202885652
D,T,140.33255309144658,-127.69429795288465
D,L,120.02126292724097,-94.35435611248117
D,T,168.46028310549963,-76.36583392359071
D,K,-32.26860549981772,-64.01256807916647
D,D,-7.906283449518286,-74.22370347614006
D,G,34.42823269299737,80.17442587573152
D,K,144.45019015792312,-107.02173457937134
D,V,109.54321595328217,-81.49007396476571
D,R,112.82912434791507,-110.28039291336468
D,L,142.42976395679221,-98.39185423303189
D,F,133.77989672290678,-127.70213990320036
D,Y,178.73926446068387,-154.10574434181737
D,T,119.85646949546748,-105.18173151475857
D,D,106.88264134474498,-81.46187473125613
D,Y,136.3161383972803,-99.82817588121411
D,S,110.7270502174879,-121.85677503248598
D,G,-12.932700299771708,-76.3539397535952
D,K,-5.449377107190833,-96.80628812663802
D,Q,54.35657670411528,-128.74654808393822
D,Y,27.621998756023633,57.467975120671476
D,G,38.04604668262639,77.55181409302536
D,K,127.88675822339427,-67.42974696361568
D,Q,126.39960111201613,-115.17394214146387
D,T,127.01005703597582,-128.91554752025158
D,L,126.40588846516951,-66.67004036401718
D,T,147.4460765628549,-133.28868092153013
D,T,155.8087420446016,-132.28060138044435
D,A,153.40479159776552,-160.40593659283908
D,Q,132.19282715657272,-93.39133126982176
D,V,106.58362715541163,-100.70322674158446
D,N,117.78072324260853,-75.67909066302892
D,M,152.94185175568106,-111.45481597508724
D,S,163.54677196405692,-142.0493680859801
D,Q,93.68725419382397,-121.54743175565291
D,P,-35.116204277613505,-63.92936187879572
D,N,-176.55494849479288,-141.19023899579432
D,D,-6.131831874339254,-77.6423197648469
D,N,8.884970349445819,-125.73361932107422
D,T,137.88726578992024,-127.97012270260723
D,L,139.51314536555725,-111.14147928031025
D,K,135.1194456570581,-126.8886085957111
D,V,114.61607338507984,-82.12587157157871
D,D,-45.26045398082881,-81.26068096291473
D,G,-168.2015892612485,169.17348576839467
D,V,152.27041870155784,-128.96159107671028
D,E,166.76859405314283,-143.7654237805147
D,D,46.52767636240633,52.43334091372823
D,Y,108.31234076643297,-89.5947219944651
D,K,150.623787930544,-154.21046180693136
D,S,153.30100466947914,-71.96882871669494
D,I,-54.16875139308723,-116.92589074622842
D,F,132.49690434480485,-157.21047201856246
D,D,19.5678748365916,-126.89301423909336
D,G,153.79213805883595,105.20060576934961
D,D,-31.365145780773922,-114.69878543406841
D,G,-38.36798202724754,108.02953430861947
D,K,-46.73697322535937,-85.78724271341493
D,I,-40.92234782590364,-101.81667941324902
D,Y,137.499282746123,-128.2925139244877
D,Q,140.3431602743539,-62.9311183570524
D,T,162.9107625990275,-101.71193344711565
D,V,-26.99877484957841,-67.45565621478993
D,Q,-41.332077239232504,-67.17044810519359
D,Q,-39.34219907472246,-62.664886276496
D,F,-45.29388370487355,-55.08856559392004
D,I,-45.7288260515408,-69.78949287303605
D,D,-21.572626966901847,-64.533665795729
D,E,-6.289503167940446,-89.41969630339219
D,G,48.20822044645062,75.17622682909506
D,G,-24.865034937268742,-67.95268595390608
D,A,-15.192971020439366,-68.1310837576826
D,D,-15.394865995211056,-128.78542478702025
D,T,-17.90179998713664,-78.43281673694477
D,G,7.908751051155511,94.8716650826778
D,D,146.13783887747587,-73.02649031478484
D,N,111.28816445922203,-124.46007893436564
D,H,126.24660605304396,-91.85280764234827
D,T,142.42514583946667,-128.4859115470366
D,L,72.35437224523503,-158.64995856781547
D,R,-178.71627357599618,-147.02295919182208
D,D,55.53940208582236,60.37965284556968
D,P,122.48998625297456,-68.28559865316282
D,H,118.6246988126948,-109.54871681083658
D,Y,138.0013814264815,-78.54331918217478
D,I,154.81661343624955,-150.66268493466717
D,E,147.71239176260661,-123.0901073932727
D,D,125.47897268920458,-157.21464991785095
D,N,44.66620117150858,50.50082257535618
D,G,-36.61474883277606,91.83931174289536
D,H,151.765326748332,-77.29575712345216
D,K,135.9901774067006,-106.53549973000892
D,Y,153.71104879939784,-133.90596376311555
D,L,129.9864944313096,-121.08610745320227
D,V,126.58882738792984,-111.21214264003892
D,F,158.61978543659006,-138.8126825901444
D,E,130.405117772195,-74.22403972411043
D,A,-169.58698720521483,-150.9330260877888
D,N,156.1793671692287,-131.30541936298246
D,T,153.9181746043282,-68.13657003865285
D,G,-166.5180271397282,-100.1361088973255
D,T,-27.65727514467053,-62.47361958431651
D,E,-1.9126553063123355,-114.35876724807324
D,D,39.51910991448994,-121.09369111431276
D,G,72.05003620373869,88.31362101943812
D,Y,164.17062293599673,-74.9473814325948
D,Q,166.4945949352405,-67.02879228177551
D,G,169.8492568733568,130.92730180090552
D,E,-34.148984125750395,-60.51649954542369
D,D,-33.25662954402213,-56.03243837097771
D,S,-26.004247947064595,-60.93796961543009
D,L,-7.793260717890229,-72.9847036036454
D,Y,2.91394034001292,-105.2739930981418
D,N,113.39833678586503,-89.82786251803321
D,R,-33.35763532114007,-58.66385097612213
D,A,-29.536507389029715,-56.12650858046251
D,Y,-14.679072619774091,-86.33926655727953
D,Y,-49.481593091912465,-93.221876471329
D,G,-158.49526970484106,70.43051544927141
D,G,-151.53846048275102,61.192521621986735
D,N,176.11457456596372,-95.52501191816971
D,N,-44.4293360232056,-66.20158581631689
D,P,-26.485093439340375,-64.22510425911722
D,F,-43.61878794306719,-71.01454038553209
D,F,-39.99387982663087,-58.51605596624549
D,Q,-44.09357412762787,-73.62546822265706
D,S,-40.18921072291221,-70.20415202660818
D,E,-37.61294402138435,-70.05946316076184
D,K,-45.838304356936945,-62.89914623566068
D,K,-40.56465785292739,-62.33308295672113
D,K,-41.559679135274344,-64.89868636535859
D,L,-37.52567871261689,-71.431045226459
D,L,-23.07079116268856,-75.04501611644609
D,E,-30.39306388023229,-97.39072757194971
D,G,-173.30538608022925,-79.16495590241867
D,S,11.43507377111631,-87.53933803500684
D,N,12.141679792024588,-106.88659232921954
D,K,-58.324953183863926,-60.12343032177593
D,E,-39.00712067528889,-67.36094726828632
D,K,-47.21367664687199,-57.04723884538693
D,A,-38.08072419811239,-69.38735478317464
D,S,-41.02856233983347,-60.76934182255105
D,L,-21.902162198371883,-79.81038708342064
D,A,108.89061582288944,-68.58350639819758
D,N,42.19099022661709,-145.01819911537177
D,G,148.43251871273944,-54.05771069785699
D,A,141.57935935287176,-145.3061602511749
D,L,102.55509942111212,-101.40009062210503
D,G,166.68045653738224,-90.25951638425359
D,I,133.2646740929507,-144.19396956117373
D,I,144.0161576756988,-128.5220126632464
D,E,134.5135127539393,-89.96571241092626
D,L,154.44035021272848,-100.57816705715933
D,N,178.89974573441353,-74.16519632000441
D,D,-30.66325744231288,-63.42100403511424
D,D,16.836516181613728,-92.8847261792687
D,Y,12.330248382153867,70.07703265449432
D,T,162.6396225527691,-81.71123520681029
D,L,128.693039821286,-65.79022421842735
D,K,-50.35967594197208,-105.73696671885948
D,K,131.08899346885735,-151.6325798897792
D,V,117.88777103058499,-86.06893144518443
D,M,161.59086959624642,-106.30196830018764
D,K,153.37598792056826,-65.05207315904043
D,P,146.95906568488647,-62.58311815324624
D,L,-45.064252371054046,-68.82664380445381
D,I,148.0914088591684,-151.70405885231656
D,T,162.7350577406988,-121.90914397762138
D,S,41.5085903260792,-126.20694510103039
D,N,140.46500346697567,-51.89623851430051
D,T,-29.38531081285744,68.16987478011428
D,V,-60.77921806946891,-77.45034237945748
D,T,159.1677391566185,-154.5982833332478
D,D,-6.394121485645964,-100.23074548314011
D,E,97.07840498856035,-132.93522522303317
D,I,105.27853416389904,-113.21408641219698
D,E,177.24106000397887,-101.1803636316709
D,R,53.383210701614246,41.55155077928918
D,A,128.53375304697093,-48.92154498455417
D,N,139.5300728401222,-139.07537423163393
D,I,134.99608411813827,-153.89109217459279
D,F,158.81625731596844,-155.35841802882703
D,K,135.31314624869506,-95.28514761418326
D,K,130.17244734036728,-147.35783880958567
D,D,40.648116417430636,52.35309549345987
D,G,4.137871568502128,75.67838858799982
D,K,146.88217612222476,-120.56541846004451
D,W,123.76959515249008,-95.12656343211405
D,Y,126.14301214277005,-109.69400476327569
D,L,130.88908935762004,-116.12251723435757
D,F,150.5696517417322,-128.55270142974618
D,T,143.47523353975984,-152.24059651699403
D,D,134.25268230165844,-93.26381583597866
D,S,141.84412128003095,-137.10765510188693
D,R,131.03751210744227,-99.975212246606
D,G,-26.882826926743963,-63.12341205191107
D,S,-28.485849662722984,-65.87097692800606
D,K,0.6833634654179715,-94.95994228516808
D,M,164.5982920199212,-93.84150331107911
D,T,25.886389216927483,-121.62693716840135
D,I,131.49597489621775,-101.29210105519238
D,D,134.546312916477,-61.12215392767155
D,G,-4.245824466294515,90.3550533784093
D,I,130.8340255415174,-119.8944719013482
D,G,-162.4077841215883,-135.0840782945118
D,Q,-43.65093116052247,-52.368405101602896
D,D,-16.350044493963168,-79.01628956285045
D,D,125.58886277655627,-73.82841564275007
D,V,132.48954574303403,-128.49154483294282
D,Y,151.0333585511897,-126.85640925155418
D,M,127.69457533719792,-109.49870621682867
D,L,146.96327519374458,-112.28901729413734
D,G,149.12431223751346,-136.82276020737424
D,Y,148.70918563692163,-143.5758539659367
D,V,138.43316991727687,-123.90063442725504
D,S,154.08488895323433,-137.42054043234418
D,N,-21.876149388374717,-80.71448027678434
D,T,166.02703851469306,-129.101921492179
D,L,-44.59855592316959,-60.325731959874005
D,T,10.220140017610266,-108.67025213664033
D,G,-165.39271335189773,-77.83314702102076
D,K,124.95684942773401,-75.56886648888805
D,Y,120.210050681987,-97.71264877114292
D,K,144.49202655064494,-104.13462066896656
D,P,132.0182254863558,-64.0164554770139
D,L,139.8762758756039,-71.91073940732475
D,N,28.77852371470609,59.693465906211415
D,D,-20.617861577466847,69.67206513536232
D,T,-27.399378783614495,-111.27430599350386
D,G,-20.209996696423506,110.71870859059348
D,L,130.68137006891862,-64.15235737715591
D,V,-51.6031237517425,-122.15294580846397
D,L,143.43671670503988,-128.85361162043762
D,H,128.61409594357607,-135.8608335320571
D,M,128.89809001684543,-136.81185864142805
D,D,27.102898147823243,-136.74061496589513
D,L,148.42956474995606,-69.71219933204574
D,D,137.05765836905098,-64.51948418084949
D,P,-19.987092328807343,-53.270481038447734
D,N,-8.339773359950575,-89.69991516077029
D,D,138.92261788398505,-68.45702339857574
D,K,-40.78816180134077,-54.767239911580404
D,T,24.548770731769658,-98.40226829845999
D,F,129.2177276608206,-62.466391299032175
D,T,148.33804102940528,-121.6953513359556
D,Y,161.7887765043226,-147.61559576863058
D,S,42.36345179724961,66.32597947233239
D,H,131.53858286933553,-60.931051053779605
D,F,128.85609568869924,-138.83474271531443
D,A,117.5367445304795,-88.7276265832443
D,V,113.33523430957543,-103.61230146456388
D,P,152.25776640649264,-68.50491154759227
D,Q,160.76702858531868,-114.61305046767835
D,T,-28.61139034450453,-67.98707591375958
D,K,156.46013671643883,-148.91066170028654
D,G,175.99248042340292,90.99014573813439
D,D,-0.7754769891265253,-101.26622489819697
D,N,139.83083065731577,-93.74406812668828
D,V,152.6023015920544,-111.79009701294231
D,V,125.67180574009987,-93.00136685094442
D,I,114.29942205794643,-96.34755727442781
D,T,147.91495027488477,-100.14155676646106
D,S,167.43813822877337,-160.51525476024352
D,Y,147.21786046829718,-103.45144736682907
D,M,117.01291371603325,-110.56524356128621
D,T,-29.689975880404468,-59.2067733174267
D,N,36.120810631028434,53.88494103722759
D,R,52.95456573431194,-78.96828016569873
D,G,167.6204114575356,-78.45346433031592
D,F,-45.1515611776801,-76.57887467721662
D,Y,166.87140916675312,-89.4151324023024
D,E,143.75333495884897,-79.34792917568396
D,D,141.33393899374772,-79.0495856369
D,N,33.43828148374999,-141.74874638958886
D,H,152.28644051663835,-112.7741154225192
D,S,130.82071928878682,-59.12619341636098
D,T,172.8184366978077,-147.39363019042972
D,F,124.15944798745925,-64.27347051982167
D,A,152.4671175607377,-73.44871699394642
D,P,127.47855695039014,-56.98068833553163
D,S,156.9124126548881,-73.8230195710809
D,F,174.98867785359886,-147.44082174972434
D,L,144.7500500136626,-112.6579147252879
D,V,124.86640727715402,-127.79474049856044
D,N,131.873831289355,-80.05688907784669
D,I,120.2316462483214,-114.41582303926265
D,D,100.42694877449559,-142.35112586614247
D,G,-121.78880537173335,66.86365475186285
D,S,18.536314015544168,-101.71573318646689
D,K,132.10116224912687,-115.82663599500862
D,T,150.48002900205057,-122.32595309356569
D,S,137.32987482511717,-149.7827844586844
D,V,123.56629309750275,-70.91207447453021
D,V,117.1609656178477,-69.56894954682494
D,K,144.88050158546494,-75.71941860032192
D,D,45.89947153040951,47.00145266052029
D,R,67.18377518259503,-132.661832494372
D,V,120.490809939547,-86.77680456940602
D,L,-171.71744949898095,-89.52834438170859
D,E,160.94534697851049,-77.21095741956901
D,Q,113.45844527965218,-59.804893247008444
D,G,16.934525946865605,78.77888638871677
D,Q,137.72999628180042,-66.81250913763857
D,L,-34.143810155994856,-106.3150882595533
D,T,149.0578121187878,-130.17576354265992
