Chain,AA,PSI,PHI
A,H,-22.333088531163355,-67.07949060760075
A,I,147.22197260281348,-138.40826163341666
A,D,-40.482734857802946,-83.41374691838573
A,D,100.02207825284863,-110.29070503390687
A,D,0.2437950515931673,-72.97644164319127
A,D,-20.255942757213013,-96.50273418875571
A,K,130.34210407395807,-88.88668012177673
A,H,146.98266883421073,-129.45260174077046
A,M,152.13332107307292,-95.10761814081965
A,K,128.9327934931305,-119.85845379224801
A,H,144.1175880628657,-124.17859507109438
A,I,131.21117064396347,-100.55120799182686
A,V,122.44429001523932,-123.67622144248664
A,I,100.19984985513966,-106.19945401576729
A,P,133.3946935873938,-73.35890514456393
A,A,124.56558184047958,-145.83662938620097
A,R,167.51236615859176,-150.72632929637814
A,F,73.82868178437394,-87.64955871524697
A,S,-23.464459060856306,-94.90183144002295
A,S,104.29765936835364,-109.21358826533992
A,S,-21.69400637648337,-66.66106396418289
A,R,-13.686152245626634,-79.42250360964381
A,L,83.58878250494897,-125.0114327632659
A,P,131.93919494725108,-61.39969409365775
A,G,14.836072780522922,75.69122437193603
A,K,-67.99663987973004,-24.393774838787742
A,P,-21.7003528003509,-59.620932235912925
A,L,-10.18001210564974,-94.04637316096834
A,L,145.51580157411615,-63.82681756296754
A,L,130.0074379560059,-85.15616973815402
A,I,109.55606351936146,-115.16838339459282
A,H,49.196593427768555,51.65085618872088
A,D,20.13387578789623,69.2769452661496
A,R,130.9783551116085,-137.8843462013198
A,P,143.30580262796798,-55.54047354344096
A,M,-51.080440202611236,-52.17798142009828
A,I,-39.931675040705706,-54.20793143024872
A,L,-34.78973965377835,-66.28172585644735
A,R,-35.540688963130606,-69.0773974715819
A,V,-41.58798650525518,-65.38860806666074
A,V,-43.922449799442354,-62.21874413024121
A,D,-38.752825518279536,-54.785409112107054
A,Q,-37.21374965986733,-70.65906284488058
A,A,-33.02341377517096,-67.28580114085239
A,K,-17.08244070579741,-69.84433966747675
A,K,-4.4675590182156935,-81.82237198882476
A,V,121.3808663092212,-80.16540825699863
A,E,153.39333585332918,-90.41203538655623
A,G,-0.05628738089072241,86.05232587367401
A,F,154.41642503013733,-99.91709070723351
A,D,-34.35742877357244,-88.57967436650948
A,D,171.50683242765382,-160.03210421666435
A,L,142.00470127394973,-139.88377135681185
A,C,157.539006207604,-150.85576509923567
A,V,132.41097811701957,-110.26230436164641
A,A,117.45861836377567,-111.31793611974169
A,T,158.11206100812143,-146.1344284169736
A,D,3.195301531787521,-107.22737364747658
A,D,128.9329139134893,-118.98306243223543
A,E,-28.220046444743677,-62.863750595381276
A,R,-36.120567963353636,-65.25644157920524
A,I,-39.48439397295853,-78.84801692474248
A,A,-40.79376199823044,-63.773138421323864
A,E,-54.4460807572751,-54.85985459835684
A,I,-27.201447531863696,-64.89527599358689
A,C,-41.87201274046297,-74.0020140649241
A,R,-37.26781463688439,-63.26901548376909
A,A,-24.124637905442196,-56.66728371764726
A,E,8.196328945550132,-98.88619669606598
A,G,26.2177411158645,74.7984491214779
A,V,137.55827953440075,-98.73434764460053
A,D,130.76236834073526,-71.88527406759994
A,V,127.69936825012553,-125.40060664367518
A,V,119.80746503493461,-109.36217995337165
A,L,102.8891433007158,-82.1103144498009
A,T,171.84632544459012,-89.22907984661913
A,S,160.21717460481256,-83.9617405633686
A,A,-15.304523206918617,-75.68263063689449
A,D,74.16273830121708,-74.8892745393946
A,H,90.12586190182138,-120.16048942680143
A,P,-80.40089015748677,-87.96051795478022
A,S,137.905809527856,-67.59553212188618
A,G,-33.04277335978675,-61.810223640851326
A,T,-44.644596391780766,-67.08493368965162
A,D,-36.72063467105729,-58.24059716567823
A,R,-47.90771953666808,-62.288605569086855
A,L,-31.334489121515553,-62.1938785472901
A,S,-39.73568544345277,-67.72529511668846
A,E,-43.38420842563794,-66.71224957930505
A,V,-50.36400931115672,-57.557255312859134
A,A,-40.49295590294185,-59.90690717606566
A,R,-47.25049360117708,-63.755052722548584
A,I,-46.03231935582073,-59.63870824307988
A,K,-21.74751846852753,-71.40465064455248
A,G,20.25856479252608,74.79637344264816
A,W,145.16211993776295,-62.468570791471876
A,D,151.191211013828,-63.648928813615726
A,A,-30.867314463788507,-55.33323874181475
A,D,0.3512074736723997,-90.34155407557644
A,D,160.8435820680358,-68.62332770763538
A,I,142.87739086011268,-115.88599644734015
A,I,133.00219041558435,-124.34426780143998
A,V,131.2662959610106,-116.40909835027684
A,N,129.573450604249,-85.44551863919574
A,V,96.51140552673618,-124.40964192099416
A,Q,139.38244520217597,-53.6824590606927
A,G,-12.56102400111007,-64.45445354105549
A,D,24.78231184179086,-109.5136929102174
A,E,70.7613476041365,-125.80028029555277
A,P,-11.763152527075736,-66.26625964907566
A,L,21.58682603643214,-112.30188498036094
A,L,117.02687711176367,-64.43183618157501
A,P,133.65689601457638,-68.55996290054695
A,A,-38.416845107813955,-51.96937807173946
A,Q,-23.842627877870655,-66.66958300100008
A,L,-35.400599431267985,-76.12405786346467
A,V,-43.550493901548364,-65.86093843236335
A,Q,-40.84519646310967,-65.67632700068566
A,Q,-55.811752704197716,-57.440411202100904
A,V,-36.756422663974014,-62.02311469328261
A,A,-43.98849063783426,-69.6555575135792
A,K,-37.79566119112555,-66.04973724734461
A,L,-45.47983874230332,-56.25797959331483
A,L,-42.72055775550163,-67.6060568565359
A,V,-42.34018591231282,-58.80036617002244
A,D,-10.80882711928093,-76.35123916736788
A,K,79.65358072659178,-117.35312899865662
A,P,-22.895195271130895,-59.15262144592325
A,N,-0.5620010863028764,-84.18254991099869
A,C,145.8019178243612,-106.94745641624739
A,S,-25.815362505495045,-92.59021728991745
A,M,169.44257821385483,-147.89699221260534
A,S,166.3440476006648,-138.25682361867504
A,T,-179.43020334979389,-163.4892281334
A,L,168.43090274241524,-127.7842908790464
A,C,164.11215968466342,-145.4031954816852
A,E,151.1936298540464,-136.57306213201798
A,P,149.696523678946,-67.18790451936113
A,I,128.07834270788896,-102.28101653132526
A,H,-12.232259012639705,-112.15710497735905
A,A,128.90956459853115,-108.02317996644945
A,L,-38.84848171473199,-56.93437004136377
A,D,-43.366646694791115,-62.51024394568081
A,E,-53.719942636783614,-57.229559966782716
A,F,-36.06696710011876,-51.17151221604504
A,Q,-21.260054845153004,-85.83242527000264
A,R,132.79019835591848,-67.41680328861881
A,D,-5.402421141508701,-79.62924539018944
A,S,-6.683062998176113,-85.18050703325169
A,I,119.96886697208393,-104.40237210066294
A,V,120.39065545387908,-89.0267805375654
A,K,151.77849154566957,-92.84842860039664
A,V,146.78368385336265,-134.27671687519577
A,V,135.6324343331162,-121.74298781307749
A,M,154.13860293355182,-127.88480921543395
A,S,-176.80865970669583,-76.83050723164105
A,K,9.070475303223484,-94.8866300184428
A,Q,37.42382769368127,-118.95585862641563
A,N,46.73850323939991,53.206441750376015
A,E,146.46082048767596,-132.14726302671414
A,A,126.094561911695,-86.08782296826644
A,L,-45.099757471454346,-85.17193942405268
A,Y,154.93363140409127,-160.70850186838004
A,F,138.48362601731003,-126.11062553289611
A,S,152.79743850471888,-159.76977936255443
A,R,-20.32583057312205,-79.71062209631991
A,A,167.12495200748359,-70.35092574258366
A,T,85.87833129687614,-82.1106873265709
A,I,141.75271995930362,-118.15231117620104
A,P,152.85037782095148,-72.4039006832664
A,Y,138.97140352229314,-83.5520812612737
A,D,98.11894682064093,-104.50930663643774
A,R,-58.46344416928405,-54.13673812963969
A,D,-37.58675017883439,-55.86383487258084
A,G,119.62161647126143,-153.63434489881314
A,A,-174.151034844985,-87.79288310707251
A,K,112.18773694010392,-76.51287441184793
A,R,-110.68613749403488,-113.48281746617401
A,D,-74.37756985144483,-140.56013030017812
A,E,78.07007285359963,-121.9775480298806
A,P,155.8775016016199,-53.50282249358478
A,T,142.9270008580683,-122.69420628510633
A,L,132.9362460251868,-68.02277800372087
A,H,179.41482421594776,-68.89744464099627
A,T,12.81404760422006,-99.25459841244377
A,Q,30.732045129246977,-120.50156856877831
A,A,130.76596692033968,-92.46633104140737
A,F,135.39444518702933,-136.74248434662263
A,R,130.53060398831582,-98.5151860855144
A,H,134.5632127414996,-77.96722876338416
A,L,137.3944744201217,-102.28424791438327
A,G,30.771233153567152,-68.36543158276554
A,L,126.64158656968787,-107.56074163499173
A,Y,158.34951247818327,-133.0258688541696
A,A,128.92897102444243,-124.49583734792998
A,Y,143.9749960264685,-124.258830139666
A,R,137.7409163994573,-81.57601813211159
A,V,-33.54267742995668,-56.91099578216613
A,S,-42.9048561777764,-58.132197128883384
A,L,-44.30998823686749,-62.66562016654648
A,L,-34.01058421337362,-60.24091139426572
A,Q,-41.24469277162326,-70.52771722517457
A,E,-42.300855629749464,-71.00560837906464
A,Y,-48.330600503242565,-47.624233333895624
A,V,-13.61458206031201,-74.8827325761503
A,T,-18.894758175149438,-90.09506575708787
A,W,151.08528605664873,-82.59004134025214
A,E,155.95964326617462,-77.14122752750596
A,M,128.67882358371824,-53.70541222900948
A,G,154.2364670926143,-65.83643759503106
A,K,-39.87756983632899,-74.05965335697101
A,L,-39.889101625968536,-69.48808328985275
A,E,-49.3399907024736,-53.65292331392108
A,K,-35.68133147216473,-69.15492108688115
A,L,-50.812964992982565,-69.26381154222656
A,E,-28.255481933352844,-72.90537470438416
A,S,55.97995070027686,65.33517652512937
A,L,99.78362522526552,-138.02997018157956
A,E,-40.151314692704645,-44.29497172031546
A,Q,-19.773243608140444,-67.32057988497512
A,L,-16.9993047979511,-64.43191052018551
A,R,-32.08195443602511,-69.87851655559938
A,V,-47.93155633481589,-67.42668495898546
A,L,-46.55863184123065,-65.50361544343377
A,E,-28.373046672257253,-55.62095228889409
A,N,22.1599715737811,-98.79313029261277
A,G,23.371035241072338,74.30147075132541
A,H,152.56681434603414,-105.12964285983145
A,R,149.6555184367926,-103.00664136976805
A,I,116.3672329758731,-119.22327339324481
A,A,149.06405466974675,-73.57906741343719
A,I,156.37286412289353,-151.83162501183352
A,A,155.23737099578116,-159.65197023629284
A,V,129.31753139170388,-66.39147412503053
A,A,134.81517335571752,-56.76296228214015
A,E,-8.731402768198533,-80.16077847347398
A,A,173.26548934711704,-148.90425215754885
A,N,136.46625128580894,-74.2973664125188
A,L,102.82220489213772,-101.83959501952322
A,P,154.76519707230833,-61.767560959179605
A,P,156.7559376062061,-73.81258368502169
A,G,-171.44057329478778,-62.69165385330121
A,V,118.35601450782912,-112.30502983938374
A,D,5.9594800527463905,-137.53745914767265
A,T,162.15463330035888,-147.42895095407715
A,Q,-39.21402270649857,-57.81840127473371
A,A,-37.1099687091977,-63.489613371285415
A,D,-42.55450761433534,-59.87743715102222
A,L,-50.83578297971856,-64.28029674870365
A,D,-40.48728991232232,-51.954470478505236
A,R,-35.83507771755979,-63.58846064898955
A,L,-42.531530200490344,-74.46896323551617
A,N,-19.79482759160423,-64.47936872637901
A,N,-15.605288808661246,-84.49820806232563
A,M,157.73173538015143,-79.72446469332378
A,P,140.18508891473695,-62.48493816820651
A,V,-23.086565991384475,-62.23898438319193
A,E,-25.497265979369683,-60.31067097858732
A,S,-21.863434213035468,-61.732864256520145
A,F,8.146108429861993,-106.83579876584035
