Chain,AA,PSI,PHI
A,L,135.36610990308702,-63.53125403056342
A,E,128.9486133526248,-69.96353303566949
A,T,-2.710465919423909,-103.5589885897717
A,G,-168.6738215570973,76.28419462368595
A,R,5.9275359843593565,-115.95008006405182
A,Q,-49.92582802411319,-58.600695246198676
A,K,-36.50983957073935,-61.86883282467895
A,A,-38.94894356872964,-70.75097413557039
A,R,-42.73437644457416,-65.25729966542961
A,G,-37.35179602264311,-64.35738606569072
A,A,-43.495956824559656,-62.958899147960054
A,A,-50.63888002755126,-59.17768183054725
A,T,-40.01762632942162,-61.20019814929128
A,R,-43.43659735234803,-61.395430623336026
A,A,-42.3858709539082,-65.65986003786954
A,R,-31.70173451348958,-63.7054036929213
A,Q,-46.09004122681787,-70.98971710472183
A,K,-32.145058600293176,-57.42774397411634
A,Q,-51.71462597235557,-66.9854048507216
A,R,-43.617958394259134,-60.49210952924455
A,A,-40.79601456943258,-62.3815488085973
A,S,-53.596034482397556,-56.593576165431976
A,L,-37.3275833170224,-61.180317251319764
A,E,-37.27336637211043,-68.34713601915973
A,T,-41.52372662644741,-68.40117715094986
A,M,-49.55332448279203,-59.11483975022222
A,D,-47.86204897485118,-60.547525513978584
A,K,-23.823705109696807,-69.31968212019918
A,A,-36.46490217954565,-78.2904177440572
A,V,-29.135356058437168,-81.50592701900037
A,Q,-34.986656214490175,-69.32461811593427
A,R,-25.00040934526398,-69.88036647550099
A,F,-38.37934466197071,-79.38165823250048
A,R,-20.032554670151445,-74.69986760764336
A,L,-3.3370499449412807,-78.47726610591548
A,Q,-12.689198462240855,-125.57143197960097
A,N,69.39319933515286,-139.54354686040656
A,P,-18.029351465649587,-73.68100328516655
A,D,-26.317833162252903,-65.59431229943253
A,L,134.14723788792614,-64.0078113813602
A,D,107.40534850710449,-95.96702379227267
A,S,-54.99817564741693,-66.29224245403198
A,E,-36.1274455492547,-61.38794818133926
A,A,-37.43738559473434,-66.27454425413428
A,L,-50.18993826871369,-70.10710887527992
A,L,-18.767273555843417,-71.17195591813817
A,T,-19.25599032400811,-90.15445439461199
A,L,134.94846742161639,-57.73799233059303
A,P,152.79466994651548,-67.29853134588943
A,L,-31.27297582354663,-57.99947624862354
A,L,-43.997770079338174,-65.15169574492286
A,Q,-40.40186522664697,-73.43678453285855
A,L,-50.82936370036217,-54.99966991147579
A,V,-33.66085724107413,-66.56578978757442
A,Q,-15.874753654216887,-82.7569153705392
A,K,-34.56448268493621,-82.81999997452004
A,L,-31.84666202876126,-61.23554894104197
A,Q,-45.24062693168183,-77.8352288295018
A,S,-19.5176279776691,-70.08376816443449
A,G,-2.981161560907583,93.42938184909708
A,E,-24.416735279981477,-62.481546854433866
A,L,131.64967807812752,-130.96838940746858
A,S,144.81967341567,-81.24226151882097
A,P,-24.26935954575761,-60.10703183910234
A,E,-36.758217151191715,-71.95806112679284
A,A,-50.90196660850074,-64.44951660020027
A,V,-35.554891446733116,-67.5729525159158
A,F,-50.817640969977525,-65.79213625443015
A,F,-20.8241329876035,-77.76112964446246
A,T,-51.230813066674756,-71.90534070695942
A,Y,-35.266092110066666,-64.51364098616823
A,L,-37.01174338610155,-64.17076933464229
A,G,-41.994687280784376,-70.69982263192952
A,K,-42.79312903622475,-62.151892737138716
A,A,-40.96718766510829,-59.66310861637989
A,W,-45.03397688770391,-62.13192544443978
A,E,-48.11303905332773,-65.20272631978379
A,V,-21.834096746349083,-69.53420891164701
A,N,-29.12340311266999,-69.5039099211444
A,K,-28.249663747854083,-62.702384820533545
A,G,-19.258455182774643,-103.03065183453955
A,T,-33.55025756421554,-110.70218519776002
A,N,56.612170577280196,60.5808133419507
A,C,-21.662448711540627,-103.72837922790403
A,V,129.3133731290902,-92.90622335829578
A,T,-33.4426088734872,-99.82005169588477
A,S,143.8070910261495,-153.9422085433792
A,Y,129.54159490519226,-97.81812388705646
A,L,107.14285820039733,-75.09383298556222
A,T,-48.96372368237816,-55.2461989236819
A,D,27.31825511416133,-90.20697071299863
A,C,-22.23573941655915,-78.85998435678829
A,E,-29.44446061326833,-73.09216702067411
A,T,-20.6482948283507,-76.4956714596874
A,Q,-32.56596920260309,-77.9683469560898
A,L,-42.935233109238006,-55.84114907723999
A,S,-32.934219861413865,-78.75116745926601
A,Q,-16.932860972812005,-80.24180796615073
A,A,123.43734512415661,-47.51629992286726
A,P,123.16094053537957,-61.6142436030118
A,R,-29.652407129317368,-65.38386103372018
A,Q,-7.7372150244725315,-86.02436722352255
A,G,139.02655347538098,-59.07738746557378
A,L,-19.277940314476812,-65.89781002337836
A,L,33.62855650299713,-116.92094679052822
A,Y,119.57250964738927,-54.84300119034947
A,G,17.139100422640798,70.49803540925015
A,V,119.04424742525644,-89.66014851396828
A,P,126.2846912826054,-71.91303984905883
A,V,133.28201490675286,-121.6087343011412
A,S,141.46800981950906,-95.88713905140459
A,L,133.28850178552068,-118.7068448343436
A,K,143.29076844453994,-57.07725285120238
A,E,-28.246008288833774,-57.210213827518864
A,C,-27.22470341467168,-64.195277618054
A,F,117.74477953401679,-66.28080014675916
A,S,134.8360365251177,-79.7139599561578
A,Y,132.39207649068558,-127.46335043809685
A,K,126.87291907663086,-45.77401061930689
A,G,24.064812042694342,70.22728352571247
A,H,149.1788883917927,-132.37621707680174
A,D,138.3754580584634,-75.30150686720442
A,S,84.38728070787221,-113.34673867307787
A,T,-37.29207852685984,-72.48057179729057
A,L,20.132156462333747,61.59850463877723
A,G,5.674959133189016,72.54057293085478
A,L,123.9381571952351,-95.56294945012051
A,S,-45.05697189529531,-54.442417183857415
A,L,-8.571517304111028,-65.03869847855957
A,N,-2.6365400937817753,-100.84461827164436
A,E,142.15598471456374,-88.01419318353001
A,G,35.37643989875074,80.93340485247586
A,M,63.58783250650205,-140.0469010221377
A,P,136.61078767913332,-63.15537538595593
A,S,139.57781755469153,-64.96067575339806
A,E,-31.887992408374654,-71.2922357250779
A,S,160.94026603207269,-135.13205147777109
A,D,140.69245498499214,-72.66216205887291
A,C,166.33030221418397,-72.1805280249529
A,V,-50.708725636299455,-53.03418636293183
A,V,-37.860087856526214,-62.8266344523636
A,V,-50.33358191862731,-57.65915193070568
A,Q,-42.22959892736066,-53.88233970494461
A,V,-33.420250943166536,-74.0661354136855
A,L,-50.30900412175885,-60.78335192935139
A,K,-44.39309184124944,-57.2723484386934
A,L,-23.303661704931162,-65.2142006701393
A,Q,21.424599775346522,-95.69207359833959
A,G,1.6499483926013432,79.04651995176444
A,A,158.5072322781367,-75.70499858663938
A,V,97.00586953536157,-124.15389460204668
A,P,134.73580773775342,-67.51148922018439
A,F,-20.808765868407463,-133.1499674196634
A,V,151.43482230487865,-142.39945344178238
A,H,128.788062370862,-99.98743673870143
A,T,154.0639632443791,-102.98668844680296
A,N,146.76614910756356,-69.50380861419299
A,V,160.34826448888958,-123.31284645782463
A,P,155.32898205571044,-74.22526953560676
A,Q,122.48508160347919,-54.389475687516274
A,S,-18.74361181321665,78.951172349916
A,M,-3.127944015423488,80.21103433183825
A,L,59.138655221195684,-93.45802072161904
A,S,153.96993409339916,-164.19888983209097
A,F,24.61839344026124,-105.6963007418752
A,D,-165.90068935473104,-100.23528666645448
A,C,68.26977020275336,-151.8999031210973
A,S,143.1038874404557,-140.18804736973934
A,N,146.2710022313688,-150.2134224395696
A,P,-4.385816917244872,-65.30583084929972
A,L,-52.34650313534552,-98.61986116887431
A,F,-0.8513836927966542,-107.23097908135165
A,G,-155.18436202567727,86.94281836830714
A,Q,127.70380288062732,-114.16395294172972
A,T,137.26228349519127,-85.7020594240859
A,M,149.11216428559325,-115.04855392734343
A,N,130.9663658132879,-65.49600063000861
A,P,-11.699823575574213,-68.64265962552541
A,W,-28.2898814203846,-94.00119330961402
A,K,125.87141484720718,-157.4697147199852
A,S,-35.016567251832704,-60.361074065795684
A,S,-19.813235042407015,-76.40245334274033
A,K,155.2884310093237,-90.71040855762037
A,S,146.07183328354245,-78.3020706331853
A,P,-10.041982648404987,-80.18199368290422
A,G,179.22757831780496,99.60677453760647
A,G,167.16346392626951,-170.74234001401817
A,S,-5.891842978593876,-87.1865568925751
A,S,45.541319921930175,-87.60054216517261
A,G,-38.3743198165823,-69.42498070889071
A,G,-41.746206462217074,-58.25844814423757
A,E,-34.32956392750759,-62.52303801487681
A,G,-43.32819445921977,-69.2374860334996
A,A,-37.75049873275353,-71.32182453714265
A,L,-61.33760549394476,-72.47894009619066
A,I,-43.75038827685371,-56.832040095743956
A,G,-32.47334409500202,-58.62741503629596
A,S,22.264021416482908,-103.87315671266079
A,G,11.805412023347769,79.54386778922746
A,G,-17.203630009327725,-77.99889603938242
A,S,132.72479704162402,-150.32261555628142
A,P,-11.035402443863338,-81.3405718107543
A,L,134.91150961748934,-166.50564976893207
A,G,167.25408542276188,-139.33348520555066
A,L,136.25124296590823,-125.36967827271377
A,G,172.55840832775775,-135.512068261643
A,T,160.4934407384542,-114.76190303846727
A,D,122.14737772180456,-150.92915047820094
A,I,-13.650324009322993,-128.23758415694186
A,G,8.389347483380023,-153.4561306090283
A,G,16.49284881322852,127.03668157328319
A,S,-17.12904221654439,-68.23755112487147
A,I,-40.598466671951,-94.6977879877881
A,R,-35.07697772627063,-77.15471265988768
A,F,-52.82725250040236,-62.88765306547583
A,P,-39.34959647892919,-59.43870730334976
A,S,-48.43615771656812,-61.65065229180323
A,A,-41.9896231280694,-68.33617357268879
A,F,-30.78589928138058,-66.87086538060458
A,C,4.908272635337661,-107.51882938236261
A,G,37.18232497431662,71.59198354330128
A,I,-177.67212573762947,-127.12619719166196
A,C,151.70055389778298,-122.61153526010887
A,G,165.97391928856894,-150.47274020462442
A,L,123.82730900918445,-134.96729797625144
A,K,100.83732106330567,-102.16069776491743
A,P,171.28293516013466,-78.87674838351326
A,T,134.62286195352723,-46.36875467952419
A,G,-56.769261308421214,-34.56032180716527
A,N,43.70217615798107,-105.67475373835013
A,R,-29.46489954913202,-88.99337150219772
A,L,161.82754169917143,-117.02373211445264
A,S,125.13085310037219,-75.00872651138863
A,K,3.7765252575619495,-93.99616454342782
A,S,124.53425895015171,-74.922819139111
A,G,7.953227855747144,93.99494121142929
A,L,129.46955638335314,-87.95774003599861
A,K,129.23634988460554,-74.27509236011899
A,G,170.1550411093956,-138.01833139248544
A,C,-16.188325564531628,-100.36797443405129
A,V,131.9964848956556,-130.21872190287823
A,Y,146.85991026009918,-120.81236975711742
A,G,11.244681669925129,90.35869409771482
A,Q,114.90845922643419,-94.89465859744863
A,T,-8.964927862190661,-115.2248613960865
A,A,-67.26852866686896,-55.93081722834195
A,V,125.88815357738218,-87.51575197924834
A,Q,123.32366384870325,-87.70759182187439
A,L,132.593958319888,-87.77289335592396
A,S,159.0358287911935,-137.59859959068663
A,L,149.76816011192935,-125.46000878998507
A,G,175.93842444983684,-161.99305503273345
A,P,154.15467472927537,-82.8045939833261
A,M,130.08471320653763,-133.5321954349247
A,A,174.50548294897422,-153.0985512690365
A,R,-40.12379489625803,-71.10394034365214
A,D,162.54588785698724,-124.89911491868057
A,V,-28.8533820805149,-71.92428292910519
A,E,-37.28537323029522,-55.74524048827899
A,S,-37.36922477708942,-63.93583851137586
A,L,-44.626770346363315,-64.05078059282083
A,A,-24.090965310993795,-68.06066750893113
A,L,-45.752022413879466,-73.13094201491036
A,C,-41.67418994293439,-64.27362713192515
A,L,-39.80177221332005,-64.87127794777545
A,K,-38.04447855767958,-65.40756923108941
A,A,-36.90638283367746,-68.37963886570347
A,L,-37.23191523392619,-78.0254375922366
A,L,72.53191633737781,-80.55176935736235
A,C,175.63391050738434,-138.87987942697947
A,E,-30.5728457145757,-54.192428830836924
A,H,-47.63585673062492,-59.40129647558152
A,L,-46.571428920460065,-65.99174632311022
A,F,-25.20158058432637,-68.73677733893014
A,T,-48.91590306020583,-80.00908281204467
A,L,-35.28425644150074,-65.60259552809421
A,D,88.51368748213694,-130.8551142495861
A,P,-11.928170272760772,-65.20424336273017
A,T,-13.765943036963865,-74.52885410451849
A,V,124.47184739532909,-86.29278671408282
A,P,129.6644848692104,-60.477813407576
A,P,65.02479302654257,-69.84686122766756
A,L,106.49582312233977,-97.52716842157643
A,P,160.90106361635762,-71.64679314663873
A,F,111.22667293531927,-69.34697333381926
A,R,100.93985289055507,-74.87275628903791
A,E,-46.77112024963368,-66.70272824341725
A,E,-26.727849353719357,-62.89737031481179
A,V,-42.37679101550676,-73.00808977450627
A,Y,-36.3705802307022,-67.54242148611264
A,R,-18.56720697179928,-81.39659821458109
A,S,139.31563540932885,-50.28714455308406
A,S,20.082293722140363,-120.86302698409386
A,R,150.88449900114105,-69.32800211903569
A,P,143.6965735400188,-59.72312146238799
A,L,138.74610705398513,-117.2246580337909
A,R,106.97617826485423,-81.65765614378913
A,V,119.09252667277913,-109.2119556661442
A,G,152.3312043146551,-82.88341161730753
A,Y,159.91737687748395,-153.79850478536548
A,Y,147.21642917563338,-149.73002699517696
A,E,-17.329679359442228,-87.54260983892573
A,T,143.37075174401042,-159.88673084271772
A,D,2.250912706130218,-87.10107109788973
A,N,29.196966988423895,56.00040199294213
A,Y,-57.883663339789194,-127.85443610375967
A,T,119.41072633046831,-107.6036929021413
A,M,124.95188412718899,-66.60495747874413
A,P,149.59934493326986,-64.61911367227142
A,S,159.9925245835713,-66.63875681285789
A,P,-29.285526644330524,-59.978120672795114
A,A,-43.92842493287176,-70.04801889332053
A,M,-49.96519926297817,-58.28667830532211
A,R,-49.37934113049448,-57.56294791278398
A,R,-46.4046582743639,-60.549628450696254
A,A,-46.573349233168564,-57.20311790471771
A,L,-49.131117214187334,-61.85931009607398
A,I,-43.407944406186125,-65.2415482327745
A,E,-47.81051935857291,-59.75747533069765
A,T,-35.16869351322335,-68.06335808740644
A,K,-41.8169587516508,-60.698748541931785
A,Q,-39.409572763251106,-71.69073025010299
A,R,-24.276500258931716,-72.71595988378314
A,L,-37.77293479647519,-73.42390704001565
A,E,-41.817881170635964,-62.816708911813016
A,A,-28.127890409738,-64.98977483665129
A,A,-20.525524795214455,-74.11010325088527
A,G,2.061526954909113,116.11823440232662
A,H,147.8433201104328,-84.63929117554729
A,T,120.96065905828905,-93.79659372987349
A,L,129.06073346994444,-101.47760900157196
A,I,129.06234196743736,-126.09516698038641
A,P,128.21766013154368,-60.03950561622151
A,F,129.28984873041796,-152.92713905390315
A,L,120.0158406506204,-138.4531265710977
A,P,131.13304223021387,-59.89697151153737
A,N,146.88308958699844,-62.76757468266412
A,N,53.73758938400387,52.780469759842774
A,I,-45.87979934510577,-62.07904988515651
A,P,-34.43733875828242,-50.133672227782846
A,Y,-49.17647579302813,-67.92106621030112
A,A,-34.44533350417588,-54.864245485345315
A,L,-51.86628478573474,-90.80363826873644
A,E,-32.64986826820989,-71.84883264618752
A,V,-41.30257579349382,-119.49433554072354
A,L,-49.67046619183724,-73.98115232121559
A,S,-54.0929209204836,-77.01943571392881
A,A,-42.21590736421927,-58.384147706113204
A,G,-33.09251864855424,-71.06761662581481
A,G,-26.60625061967951,-72.74851049767504
A,L,-19.88500966319621,-94.86158953782282
A,F,38.213726079797205,-129.95459900431217
A,S,-38.38397985004422,-56.79553974580701
A,D,3.0558387090222765,-83.90457878538722
A,G,18.125076110537265,77.53333258027233
A,G,21.778369138013687,73.43133896972819
A,R,-48.44294307721272,-66.96003331140199
A,S,-33.971772204448094,-64.68216975735929
A,F,-42.248602451571095,-64.21788157994818
A,L,-10.205535657760942,-74.1240889822732
A,Q,-33.47709635987723,-67.15844058121745
A,N,-10.122879770187861,-72.25054314013315
A,F,6.976948527241681,-107.29074668952691
A,K,117.65064942150254,-72.99774443050838
A,G,15.211507810941566,74.5894051725393
A,D,163.1524556097305,-113.53698779197643
A,F,155.0399158928977,-76.27365958735388
A,V,110.52022769726779,-111.09378124306957
A,D,136.16056241188224,-60.99748537840643
A,P,-25.829775646444055,-55.09893014269967
A,C,-3.785140128796557,-74.60921691084718
A,L,-5.984057163987088,-89.87059428409363
A,G,-133.29867422165134,64.1942059795214
A,D,13.364600207856009,-106.03998142528054
A,L,-37.76292683576822,-55.969100264105215
A,I,-43.02847450355083,-73.80979790161749
A,L,-40.34646629594757,-63.15449670011813
A,I,-42.8091730472904,-71.46411898141353
A,L,-27.207277725022056,-68.30191635514407
A,R,-23.312915267104753,-72.3974818393114
A,L,140.68179943830134,-61.609007004608955
A,P,153.4182193216599,-59.655830065234326
A,S,-41.56698087800979,-55.810153391912365
A,W,-34.174270933538736,-64.36301942237812
A,F,-35.44515504219999,-75.03600210899991
A,K,-35.697030563825116,-64.46044413697534
A,R,-53.49937115906452,-69.64143998719024
A,L,-50.03943768072944,-55.80573204719975
A,L,-35.26018400997794,-62.95903976165686
A,S,-42.01305389434166,-66.70229622905217
A,L,-39.26312354093094,-67.6933036288203
A,L,-42.3717323459352,-61.047755395231256
A,L,-23.758344202219217,-78.22028007238588
A,K,-44.78662081678618,-52.958593265002484
A,P,-50.62994298790214,-59.928856289687204
A,L,-40.49760326807556,-90.62056974328549
A,F,88.7983543816512,-123.8941245229288
A,P,-38.21469162780903,-67.96676978581861
A,R,-48.88629263018169,-64.53348725696472
A,L,-33.05382693444104,-61.99097142674676
A,A,-53.55263582589584,-66.68954505678049
A,A,-39.995461611343906,-66.72776635516081
A,F,-47.630338325034636,-61.3182300364143
A,L,-35.602908307367116,-61.931551564231945
A,N,-36.80765400613301,-70.70403281618105
A,S,-16.845166586150714,-72.49272657099422
A,M,14.027154709270425,-82.44718802886122
A,R,146.72710632697877,-92.5812908281561
A,P,139.36415774566987,-68.74613585219976
A,R,174.9404794064569,-126.2492031912157
A,S,169.62364630913797,-79.61108529623668
A,A,-36.57481371259086,-59.66273713202662
A,E,-50.13610878149033,-57.50822829526022
A,K,-21.38469372773472,-71.11658985117157
A,L,-44.8327847632991,-70.11571684728385
A,W,-49.114139529100996,-55.596659520131745
A,K,-45.80620877186979,-52.783715148252504
A,L,-46.85231456047303,-63.374943117581005
A,Q,-32.99277272584271,-63.91271550915082
A,H,-39.413830968018935,-68.7860889692291
A,E,-29.625389950355814,-67.92346911654873
A,I,-39.76625149467914,-72.92849576291384
A,E,-40.904433483023986,-61.89241391944605
A,M,-44.163258760794285,-69.04975698840694
A,Y,-38.24566344903935,-60.67228935593338
A,R,-45.803747295080655,-62.88631878430518
A,Q,-33.167793541573666,-62.68854451399462
A,S,-53.89096898514653,-66.78180253127158
A,V,-33.06966355236808,-65.97889142003184
A,I,-44.71689655516707,-64.13819427652881
A,A,-46.04136441537983,-60.90508610212584
A,Q,-44.67983481056778,-58.501059628419135
A,W,-53.45729936954206,-55.17233628161118
A,K,-35.86822136487909,-64.47856727888215
A,A,-35.28799389994844,-63.388280038822785
A,M,4.797162503816334,-89.9278489681452
A,N,37.657198528035515,51.424496227979155
A,L,148.7348365921945,-69.27115138194091
A,D,-48.777328992004435,-89.70857838070266
A,V,166.91499476350054,-151.61479653754225
A,L,141.05355514500522,-128.04224975444666
A,L,125.87870813565232,-116.07285185575016
A,T,144.39133950256215,-128.94682488369673
A,P,133.64634731071578,-66.46429759234876
A,M,128.43956750312603,-103.26887993124306
A,L,125.38654320461742,-48.686025906912285
A,G,165.42309404355512,-174.87434045486097
A,P,179.2265471423723,-81.89270384667795
A,A,133.50835282066734,-44.319672269233564
A,L,154.1808886213654,-86.80544848244038
A,D,150.06268357558523,-57.47129134693861
A,L,139.44916218011412,-54.299315538035415
A,N,22.43893377848508,65.33293942409308
A,T,-35.57091077327695,-107.58096921942979
A,P,-40.086969699813515,-52.513361491769
A,G,-1.1776538550900206,-70.30390019944264
A,R,-2.749933043764538,-117.25548683856726
A,A,61.40152884947772,-126.92383859748486
A,T,-38.74571986063111,-55.423175755755835
A,G,-21.3653921301013,-50.84073277296578
A,A,-7.84662184415217,-73.38772138865609
A,I,-2.0017393309809055,-78.34760902278754
A,S,-12.069219658909427,-63.09600743526142
A,Y,-19.973500897836693,-95.94566374915054
A,T,-49.42090771913667,-110.4238448505614
A,V,-21.709264660747714,-63.038362644418044
A,L,-33.54634335614405,-55.54317118365508
A,Y,-3.949474768629927,-100.48503318204338
A,N,-36.559173956098874,-81.52320701594442
A,C,-46.87804412128605,-66.88720397614186
A,L,-18.738744243903913,-74.68894858258714
A,D,59.66359532488408,53.08583071098214
A,F,145.5947361876859,-108.97775942338478
A,P,130.6758103780659,-64.84010832027575
A,A,124.63962745781949,-138.5557818782387
A,G,160.5423893065058,-115.75488543711307
A,V,131.1161092050007,-129.23839249953832
A,V,133.12522656534492,-133.32556664304187
A,P,139.1678313155898,-69.38746752111682
A,V,-33.14677596729741,-126.31932611222375
A,T,176.5385751728458,-153.11296008897395
A,T,155.16413864740971,-124.81268161209226
A,V,124.53394032276793,-64.09798977984957
A,T,165.97054055138648,-90.26616260016979
A,A,-39.14588690961476,-59.832714710452585
A,E,-39.05539000526508,-60.757144165720426
A,D,-41.848805828416715,-61.621322423953785
A,D,-31.486931154796753,-73.68677287208115
A,A,-37.44384774922739,-68.38177304657181
A,Q,-18.528687477960876,-65.92263114532112
A,M,-21.001671196250456,-64.69731042597199
A,E,-32.95199765412282,-65.96654354230466
A,L,36.62500886608075,-96.10807431821019
A,Y,119.45067831736759,-102.2155597689231
A,K,-41.25067163729457,-103.98966257122821
A,G,162.73970151056704,89.25335590931111
A,Y,-22.35808292682499,-83.69747740957659
A,F,-32.04196180226922,-117.83743992734662
A,G,18.113189528276866,68.53561123539187
A,D,172.16913021982285,-81.07381982635466
A,I,-19.640804853825525,-57.855317336832876
A,W,-40.82641090116227,-69.80018239340275
A,D,-34.443170877048615,-70.30505169213747
A,I,-45.30658460828408,-64.22846623130454
A,I,-37.97206022232917,-68.84595518838832
A,L,-32.288944857050815,-70.28120922752345
A,K,-42.16714397441991,-64.38218769644045
A,K,-33.27723656966916,-72.19561645559534
A,A,-29.36594558405108,-72.28808342929126
A,M,0.5113711323401575,-91.99933511766308
A,K,172.16328368214974,-75.63485345476671
A,N,46.44351925867593,51.595267299711466
A,S,15.781852150810547,-118.22036155424553
A,V,131.19493190168959,-62.24479534726325
A,G,-2.94600759695585,86.50751259984361
A,L,150.80317208126826,-81.02250359849764
A,P,147.66781890444835,-77.01604356148349
A,V,133.48519043328378,-131.8547350207331
A,A,174.97571217190892,-113.65383517257901
A,V,157.1778893972265,-127.06955642528126
A,Q,132.54677643378915,-110.91666008190317
A,C,127.22150019566493,-113.29300091576638
A,V,131.93775855770608,-128.74261865498775
A,A,173.86973908649375,-122.09937194324728
A,L,154.88302797886578,-68.74617282447456
A,P,134.210699855032,-49.34665622591457
A,W,0.22468919324581008,76.43332400277468
A,Q,51.04577400937759,-104.90174120768094
A,E,-28.947098725244317,-75.20858199475329
A,E,-30.925855779519704,-67.54249168839763
A,L,-43.74152315136566,-69.3306507400307
A,C,-39.068755853402244,-60.67608211803661
A,L,-40.58854285959961,-71.06238533749298
A,R,-41.68889740566771,-57.86049254699341
A,F,-39.720737873143776,-69.33244765865852
A,M,-40.68963974847017,-63.44184584799279
A,R,-41.36110504611405,-59.11394320631396
A,E,-54.59966010815633,-62.781357933992666
A,V,-45.27385728621166,-52.77888827841878
A,E,-43.73359095852831,-61.73172918984633
A,Q,-35.39874528368619,-64.867651419597
A,L,-34.62879414928453,-83.05276859278888
A,M,-44.49555318288119,-91.35770263219575
A,T,79.36104561734227,-132.31188998291017
A,P,-4.876968508464916,-72.04391094734055
A,Q,-26.762356268221676,-65.85819935732125
A,K,12.370853238813934,-86.26295678487493
B,R,13.16066793789851,-129.87756186420543
B,Q,-45.675599036305556,-68.62233873408863
B,K,-46.574599990935035,-56.52635532135618
B,A,-46.641860549010254,-62.07906191668387
B,R,-36.22683978778845,-61.47851151214725
B,G,-50.54592253263561,-68.85783642208324
B,A,-43.33020395517408,-55.32261814372993
B,A,-40.018944706146165,-65.3338890107561
B,T,-47.62290325033369,-64.49233791344464
B,R,-43.46750786034698,-62.435161573763665
B,A,-35.02563043289649,-65.73990532921185
B,R,-32.20646604694399,-68.40026363992159
B,Q,-43.23844113935895,-68.9502924543898
B,K,-41.89894671285465,-62.48939808365171
B,Q,-37.653694746814004,-66.84955261548131
B,R,-49.029586867229,-63.66745353637633
B,A,-32.734678671160985,-68.20370295789435
B,S,-50.91055292219471,-59.31948153924154
B,L,-37.81945074146649,-66.30909451915193
B,E,-38.597098719690564,-65.46627292450351
B,T,-46.113206951220654,-63.94623781742678
B,M,-51.08040218348589,-55.55305398976018
B,D,-46.53156205844975,-57.038680708811526
B,K,-30.6533076513816,-68.23819589570533
B,A,-40.96789980188503,-72.86218262903729
B,V,-34.815678531347224,-75.79657325094652
B,Q,-32.41233547832774,-65.99124705731359
B,R,-45.67247560941247,-69.27186988383225
B,F,-41.59647861843913,-71.32915181531689
B,R,-43.50887167828892,-61.091399142398195
B,L,-38.1290041592467,-68.5258518823759
B,Q,-24.945608016518225,-77.27806966173888
B,N,64.54224156562078,-124.6115927374564
B,P,-26.872205544394728,-75.81157444143683
B,D,-32.57005306055357,-60.209673251114204
B,L,129.858743458096,-59.42909908562071
B,D,100.29820144168603,-85.729117788458
B,S,-37.18941702405632,-72.55287660854118
B,E,-44.88895077169817,-66.83496087561134
B,A,-34.522018566486366,-60.73805377245729
B,L,-51.33041759654763,-64.05024039512786
B,L,-25.328594598254558,-72.84231696391777
B,T,-11.050802283802748,-89.37504317108477
B,L,126.3405214621668,-60.13323546881861
B,P,142.21950474292106,-60.94365590329229
B,L,-36.8455134980689,-51.76203952315776
B,L,-41.940245077279606,-60.56363039812685
B,Q,-30.516685720488802,-72.75754957346805
B,L,-43.94132834568446,-65.74470591416467
B,V,-30.70962444674029,-71.48262157987139
B,Q,-42.24324255861557,-64.63333023060817
B,K,-22.905860726396927,-73.90853424537495
B,L,-38.515881058233994,-79.80637287936895
B,Q,-31.60942385905029,-72.95014442849993
B,S,-20.9254869761982,-79.81633637344837
B,G,14.385516928789405,87.45901001607501
B,E,-32.14264748824099,-72.1251433554723
B,L,145.05539918536383,-122.84936983343442
B,S,151.18581234281234,-93.92272313448892
B,P,-32.27632180555134,-59.85693170097291
B,E,-38.423745835816156,-63.574610586122695
B,A,-55.591619868814206,-63.43763288251989
B,V,-33.94958655996052,-65.45366351669693
B,F,-59.114663497805616,-64.20566571724322
B,F,-22.96053655473243,-73.28239961032772
B,T,-43.62342019864803,-67.37801665250964
B,Y,-36.41338443494796,-71.92686566639513
B,L,-42.66663495783715,-60.269299565752604
B,G,-43.647120830400596,-62.25321436405916
B,K,-40.69615077766391,-65.71084069628677
B,A,-45.23653262694335,-60.923559504004935
B,W,-43.295615787847424,-60.76551115350941
B,E,-45.14914622448029,-68.79704549453606
B,V,-26.36284568071405,-67.60721761446342
B,N,-26.09383772779368,-64.42901076298192
B,K,-33.281214917313335,-62.52659826444746
B,G,-10.402424137622484,-99.45950689093104
B,T,-35.68127473999232,-117.11793868713734
B,N,69.07070808202675,59.16021289972675
B,C,-23.92086763121792,-121.74022098341571
B,V,123.34720144232645,-81.31394664717007
B,T,-31.339883432649174,-98.2693703344924
B,S,143.5356390321859,-160.39231167871193
B,Y,117.02022891721302,-102.04605324003839
B,L,94.76449940171855,-79.77078971544006
B,T,-27.928806459917787,-61.247182120638705
B,D,-27.121107654292853,-54.49832399499364
B,C,-37.00633176875084,-51.08987928099343
B,E,-33.74233816306622,-68.76632700126216
B,T,-38.583686712158375,-80.48694716694767
B,Q,-32.17068816851679,-62.720394649683314
B,L,-45.40345757707905,-55.044318591031455
B,S,-25.49106308183975,-75.2757355298998
B,Q,20.762149813277507,-101.16169405736613
B,A,130.20264145849302,-72.80304011121117
B,P,119.02659465685532,-59.272466716486285
B,R,-32.49889112055867,-61.42722356810653
B,Q,-17.278240534674453,-74.97459278730516
B,G,146.99346014562968,-56.39682725241176
B,L,-14.994304545929593,-77.206084944182
B,L,34.799861232500426,-118.93722888738772
B,Y,121.34559811918224,-61.1067366536578
B,G,0.5475742544352926,80.52816839320354
B,V,122.13618974812458,-79.93063813743235
B,P,126.19494490763554,-79.22627779846702
B,V,133.8054679173877,-118.34148432656475
B,S,134.13705019769273,-96.71340500820479
B,L,136.89468449312676,-112.82567326748189
B,K,147.01398896294722,-62.25799798835054
B,E,-25.301332687706246,-58.91222437996041
B,C,-7.233508440502365,-76.87085912160349
B,F,88.70537881638766,-83.87039829711871
B,S,129.04047466595895,-56.397661393759726
B,Y,136.50595609193005,-125.08638465390251
B,K,124.76543910590584,-56.19105807509695
B,G,3.707901018943849,88.70907396758557
B,H,156.34899900996618,-125.4249586722979
B,D,151.150548953266,-85.95521112017533
B,S,77.7510852989607,-117.72990824131759
B,T,-37.07508238835765,-66.2822099867245
B,L,19.4771558838671,58.34965053412463
B,G,1.932200003221849,84.84781227705807
B,L,150.53173948452488,-96.32846485052359
B,S,-51.397777918589284,-65.86987638902417
B,L,-7.933660271047988,-59.9583722709411
B,N,-2.5690370394801425,-107.68246864580887
B,E,141.28164060755586,-78.53484450718722
B,G,24.511801345574113,70.21554955817555
B,M,82.30306626363674,-128.6858340840896
B,P,150.73111896041726,-69.38659136168887
B,S,137.36415191589586,-69.54100759689106
B,E,10.743394086953565,-97.4264794395615
B,S,140.0643739641553,-162.69371933894706
B,D,139.08912814352644,-70.00724712390029
B,C,165.7777862795285,-71.33349254544012
B,V,-50.242103505651336,-57.02809300416163
B,V,-33.9963466693134,-61.81373763575623
B,V,-38.85040129183463,-64.84167536803378
B,Q,-47.43870869154426,-62.23395124026679
B,V,-36.416906153784964,-66.4741340621211
B,L,-52.07713923692255,-57.703595456032474
B,K,-40.17480329312807,-59.372303729839075
B,L,-17.36032340075466,-69.01141211239474
B,Q,11.830837910042726,-102.52857510023505
B,G,-0.7406487580153949,89.95830794352855
B,A,152.51987723387276,-76.05347379043457
B,V,94.26247738835644,-124.90567326153796
B,P,129.6136558896232,-66.6319397320065
B,F,-26.97001568899251,-117.60515902152595
B,V,152.95216525541232,-142.03609492285221
B,H,135.88210227999522,-97.55391521417576
B,T,150.15242600515623,-111.57237046417615
B,N,150.10454898642178,-67.21091242827531
B,V,156.53938791114192,-132.820233592841
B,P,157.1993176938504,-67.12568265346466
B,Q,136.9434820729239,-57.52841606939643
B,S,-5.267273605717073,60.18406351657785
B,M,-2.6747507407048117,72.13099050204832
B,L,67.39266764982654,-95.09975597307324
B,S,150.9016815128571,-164.5535591368892
B,F,29.83581382914236,-107.96643931141996
B,D,-168.37678188991265,-109.87430979506864
B,C,75.98831882249631,-153.87923484130914
B,S,138.05689892752864,-147.45924318581964
B,N,152.4310973251283,-142.3623064541569
B,P,-17.375931699743337,-63.418045114436694
B,L,-56.657658667481336,-80.72571374290992
B,F,-0.1786085154521123,-107.62739363373434
B,G,-153.7437353237039,83.46183537438758
B,Q,141.1430128849825,-101.12596980058373
B,T,141.5192133839904,-100.41689802764978
B,M,145.57499924626518,-116.80402975096223
B,N,126.47647413630898,-65.18523760799
B,P,-8.552038208772919,-67.77171318278195
B,W,-32.91377954428615,-95.36279845466281
B,K,122.13978019875152,-150.99786888337795
B,S,-36.752265792558156,-57.10113345883101
B,S,-7.779496899744208,-76.02902102861344
B,K,145.64606412216762,-100.69733397601132
B,S,143.69855310691943,-74.71587715912287
B,P,3.227808013438762,-84.31929504921884
B,G,-178.37453249669818,85.33042503016352
B,G,169.3570666116305,-175.45080007995887
B,S,-9.968831369286026,-83.44943209714658
B,S,38.638002014883575,-80.42673512264903
B,G,-45.32727588604027,-59.80090288249128
B,G,-48.0664166523964,-53.39399056935713
B,E,-40.775922383646716,-60.29453222683825
B,G,-52.44336653046703,-58.34917885436752
B,A,-45.378857708963054,-65.3938933580366
B,L,-63.53249236055299,-61.04428625312701
B,I,-38.12188925104723,-59.65377050412387
B,G,-17.254264116428832,-60.98963733009571
B,S,21.279825569580314,-123.19705813041648
B,G,17.8893891008036,76.5684528536315
B,G,-14.37165149563854,-75.02490524038411
B,S,141.71882579754686,-159.03235702768723
B,P,-19.66752716392685,-81.69863142246238
B,L,146.95275472310703,-154.6845699438418
B,G,163.65621493279068,-152.57951799845426
B,L,133.5344952327395,-122.17100679459588
B,G,165.84505296334743,-135.43199377929247
B,T,167.46664945303834,-109.38083628195173
B,D,108.70572388460467,-157.07331424291476
B,I,-21.595469703678404,-104.70542881951872
B,G,15.268881928003172,-156.01318224387515
B,G,8.306590310442912,130.38840878002074
B,S,-16.80369828146073,-60.98354761856435
B,I,-39.6330185041342,-96.31531040307924
B,R,-32.60135965377066,-78.4334265605637
B,F,-51.3478933532668,-66.57217258543452
B,P,-31.489672760498365,-68.17322437829675
B,S,-40.206118704468054,-67.1024968609475
B,A,-40.307126279504224,-70.31257923713717
B,F,-30.7665939315487,-73.52458439407881
B,C,-5.749824956981146,-103.80902719596632
B,G,39.27291843890672,77.24380067850647
B,I,174.10994713295352,-121.72697600237233
B,C,141.43869788994496,-92.73404548802588
B,G,155.35904462140232,-146.06840317292617
B,L,129.3624614487637,-135.3932923318632
B,K,101.122452573397,-107.37631021862624
B,P,177.94499723434248,-71.08846476729835
B,T,137.09571372728905,-60.3412536629281
B,G,-49.58327878152669,-32.35850730444286
B,N,27.52166526653906,-106.18909952022703
B,R,-32.27850731240705,-75.94034905526306
B,L,159.210272939167,-121.67879886335541
B,S,121.85130203640128,-71.89429706882231
B,K,-3.0218696708961437,-90.03217391633004
B,S,121.63241886303467,-67.40412449789439
B,G,-6.326009378011747,101.67520521833873
B,L,133.06979961132814,-75.07068175158265
B,K,139.21509628729856,-85.78956517958481
B,G,176.51093313045538,-147.4410561683384
B,C,-51.1220451700926,-80.07408410568694
B,V,128.16047791009882,-124.40726831900997
B,Y,146.0266405776353,-106.79553752254189
B,G,-0.06770914224442275,97.15796931260324
B,Q,111.8020908736254,-82.71117797880441
B,T,-11.741218234081108,-118.26425977071597
B,A,-51.03355408246962,-59.78234560607732
B,V,117.25452630076389,-104.92480608270401
B,Q,123.21959282100292,-76.69875372134697
B,L,132.6089319849632,-80.05897824801835
B,S,151.35610646950136,-132.48717881441127
B,L,147.9676461680664,-123.94587690819021
B,G,170.12878557491672,-163.54130759736066
B,P,158.43122985903338,-76.3362656746544
B,M,127.908859209285,-141.43676201216334
B,A,175.16917460498007,-156.41148355816475
B,R,-42.16409028246563,-70.94148914336202
B,D,158.24793457295561,-126.9453887908891
B,V,-27.12105455577093,-65.42133962252859
B,E,-37.54844729647842,-58.642561747823294
B,S,-33.52595222201113,-68.77797758948954
B,L,-39.48978745419908,-67.22425413645294
B,A,-37.89842938154406,-68.98470703838987
B,L,-39.45553199919733,-68.40197475111115
B,C,-43.1430377472153,-63.35411407209377
B,L,-35.33203659813692,-70.89392223861192
B,K,-37.44310354413848,-64.9974624234695
B,A,-39.68857843093005,-67.91298444642173
B,L,-43.0561147918288,-74.21475481669955
B,L,60.765155288087556,-74.22641922074949
B,C,-179.82976049958256,-128.3338916750646
B,E,-45.58977344722675,-52.191669769657686
B,H,-40.87806315716934,-62.45699543651023
B,L,-42.84695088683985,-62.25705028552619
B,F,-29.00426676380085,-73.04028808369564
B,T,-42.68657022045865,-76.15845542308647
B,L,-22.146794642710788,-76.68106088002419
B,D,95.21158245254344,-142.34601860799327
B,P,-6.987024784258537,-74.85332717162152
B,T,-17.7804679615691,-75.2514925684694
B,V,121.13986389371189,-81.66776314491389
B,P,124.17939666308435,-59.121083973629815
B,P,65.0774777990474,-72.29527438674293
B,L,103.90213230044601,-90.73524886102953
B,P,163.02625892260906,-66.95556628191247
B,F,115.12803614479914,-67.43639473558841
B,R,94.58533095057746,-82.70363383072736
B,E,-41.42599198744835,-57.89805249494178
B,E,-30.051345114975774,-54.53476647778414
B,V,-48.62543865431913,-84.58636224308567
B,Y,-41.56897176534007,-61.81819375573998
B,R,-6.961767098862323,-78.81452362287364
B,S,150.33623722327854,-58.24830475912331
B,S,22.32978400404222,-137.18767542770885
B,R,139.77085409385495,-69.6202497366013
B,P,140.31589260507667,-53.98032786381265
B,L,140.23349896275408,-109.79279290708526
B,R,103.3751876132362,-84.6104420223399
B,V,114.67659227422499,-103.38103307084111
B,G,153.21172872988527,-74.63538919524186
B,Y,152.26019495277558,-158.39258015962875
B,Y,146.8084028527868,-146.40082540363264
B,E,-19.752146914820297,-91.95687871707345
B,T,146.8194474770889,-148.78567233191856
B,D,2.0100704830233393,-93.98552396172857
B,N,26.215887692464346,58.0892877025732
B,Y,-49.85222900961324,-125.63757325208404
B,T,115.69365187365557,-114.44089739587724
B,M,122.94798953127949,-64.34071033332111
B,P,154.480886285937,-67.07298491293167
B,S,155.62044981784837,-73.4180534309353
B,P,-32.84454862604191,-53.39427908361347
B,A,-41.81765760158598,-64.50460604408163
B,M,-52.94773227933106,-64.44002152174342
B,R,-42.20014622916164,-56.43212681347025
B,R,-47.186811406977434,-65.48710838608514
B,A,-43.517626469354745,-54.07459490938689
B,L,-55.142387140071456,-63.211093771433816
B,I,-39.37594221853174,-64.10271406201039
B,E,-43.94118408587265,-60.345681238308934
B,T,-41.91102380816609,-71.49591842892423
B,K,-45.674875488919376,-50.82831586050425
B,Q,-44.080569574198755,-64.80508154036592
B,R,-27.756201042211238,-72.32419152946507
B,L,-37.335202940858046,-69.32617280813199
B,E,-45.30599815301038,-65.00227248498112
B,A,-23.17157846306721,-62.251825178284385
B,A,13.632842172691031,-96.78631760898736
B,G,-0.8806572229655594,89.63138106741519
B,H,132.69207030352993,-81.04221879852865
B,T,126.37719515890645,-85.11381227292401
B,L,135.71915062023692,-104.0253083274831
B,I,122.25195882125963,-131.82414480340142
B,P,129.74787540794617,-59.04011294630143
B,F,131.46577417164568,-155.20528986571105
B,L,128.14974892796016,-138.40884102475445
B,P,135.24020126271438,-58.69857874806454
B,N,156.8024649244336,-67.52619093344408
B,N,49.95898295221991,43.98145776591424
B,I,-46.01572268424559,-60.28276998258489
B,P,-35.96768189612279,-56.56089099829513
B,Y,-40.00880586267612,-68.76244348663391
B,A,-30.6345426911698,-70.06614427443223
B,L,-51.7080263146617,-85.12230111280907
B,E,-38.87424444485519,-73.50981448812715
B,V,-42.263915212964996,-105.40976572102446
B,L,-61.39270416947405,-79.52231516478923
B,S,-45.257107785774586,-64.94045647637682
B,A,-41.38975489195868,-67.93225074406779
B,G,-31.65681871891147,-69.62486894954914
B,G,-43.703979809320444,-66.65863931203482
B,L,-24.807316280976508,-76.61322558622594
B,F,47.59104960959615,-128.1555566433517
B,S,-30.88435529836693,-64.89585008074933
B,D,14.41584395270736,-99.72466164580055
B,G,10.284365247560089,73.30623375590935
B,G,15.011248656862293,78.70184056803728
B,R,-43.43082453931674,-55.8637383239412
B,S,-37.07181689794003,-69.40066812088675
B,F,-40.60618063326641,-64.65835506812765
B,L,-20.014592737000804,-69.52859904473517
B,Q,-32.25169675745961,-66.27794486939885
B,N,-14.93376103997359,-66.31535372738671
B,F,9.144653383488574,-102.39288622491493
B,K,116.07531090563555,-64.21341212217209
B,G,22.844084055929173,68.31309048431095
B,D,161.8118571611356,-114.59060611367966
B,F,147.4634560491173,-76.46529475663881
B,V,109.31002949110207,-105.60205504787726
B,D,131.38803345257287,-60.437978085051185
B,P,-27.2520328560308,-46.998057556840166
B,C,-23.212587774042497,-69.87623685376174
B,L,-11.557847696090485,-76.32982261642336
B,G,-126.7281144344615,64.6988751302834
B,D,1.7861324393655023,-101.4771308559915
B,L,-50.41203141988336,-47.92253622280198
B,I,-41.35712778631119,-67.42109727292075
B,L,-30.71193855068108,-74.8362772700832
B,I,-41.98637458653205,-64.55743706275952
B,L,-34.94530268913263,-69.83022739626131
B,R,-16.22755279569644,-64.19311444271491
B,L,141.13315382784683,-67.81533016256562
B,P,148.91905214812547,-67.92668463973011
B,S,-28.982804847695572,-62.112542723588405
B,W,-31.253405385288133,-67.33503267064064
B,F,-29.770140333644353,-87.08542123055321
B,K,-37.51774712486145,-64.25622675450707
B,R,-38.20447007174231,-74.51443973347985
B,L,-46.30276701227343,-63.4427181914421
B,L,-32.04677994089895,-69.332346164346
B,S,-54.40971001559109,-56.09240798740552
B,L,14.279789845102432,-93.95782443765376
B,L,-33.15118657167859,-97.97503241890855
B,L,-15.013746110906274,-88.57986909015683
B,K,-48.140111970074145,-48.69279225338179
B,P,-40.303810314128846,-64.99417038182018
B,L,-63.352997568435164,-77.51155829374744
B,F,91.50522436188561,-125.85527883848548
B,P,-34.15046106211356,-61.75677122683545
B,R,-54.48804400919971,-59.940997751300216
B,L,-38.82860873935964,-62.41750827983401
B,A,-43.57429903138247,-64.9249212275523
B,A,-25.939910320460278,-76.67655563057677
B,F,-42.5661696443703,-74.08916650636046
B,L,-31.32898906769656,-66.23047978605506
B,N,-32.494948019720766,-75.14342106761005
B,S,-2.2243658572328404,-79.64850423565412
B,M,22.938985402437982,-102.67054342907657
B,R,146.24100948774662,-97.75201730828664
B,P,142.7281304977558,-61.800092090209965
B,R,164.2406651622388,-120.15360196433657
B,S,162.67990621835494,-84.61462520581046
B,A,-33.12969024099813,-58.627368867124204
B,E,-43.606071124546354,-58.34920465380122
B,K,-30.675594348595844,-72.30132791656422
B,L,-46.02773640285777,-66.64505725283294
B,W,-45.76652160356115,-53.395969011196556
B,K,-44.282647879214984,-58.45899556504529
B,L,-39.25320956305593,-68.99553638275734
B,Q,-37.93252338220264,-64.2008886795567
B,H,-34.82673658919226,-70.2021940211566
B,E,-36.07016329329141,-66.5150719438005
B,I,-39.27622791682109,-64.8747199093508
B,E,-37.46844970449223,-67.62318061135811
B,M,-43.35387480133635,-71.02247687778619
B,Y,-45.22214886432732,-60.723203625949616
B,R,-39.21466530856399,-56.54632931495405
B,Q,-28.982253616863982,-74.20348316392229
B,S,-37.966377110977206,-72.87644817516721
B,V,-38.89356993226414,-71.31919875027467
B,I,-39.27523489651133,-60.167554608355964
B,A,-41.536022106779306,-59.97504612612431
B,Q,-48.578871396944386,-64.64708147005412
B,W,-48.30422609180794,-51.85555734696165
B,K,-41.17445754662659,-70.21747630298303
B,A,-38.074192931649215,-54.06758492871969
B,M,0.4134613384861203,-92.83129055965922
B,N,53.82774198034098,51.3812336927068
B,L,147.28100379396403,-82.28649545543512
B,D,-48.893388055000955,-91.45695842178237
B,V,162.33801300112574,-149.93462782538467
B,L,130.59527506752383,-125.72108614921217
B,L,131.6046768669712,-101.25885469510288
B,T,146.0996543934286,-137.02196215624699
B,P,152.7134064518302,-68.57259076765132
B,M,119.56143531872303,-120.3483479979491
B,L,112.36633722262722,-42.924314804920144
B,G,171.3986294363153,-165.60973571335998
B,P,-175.2643524103764,-80.64000597028203
B,A,132.714174130712,-44.07861211605827
B,L,155.25557143443498,-81.71820547344191
B,D,153.79513794258256,-65.00793492011945
B,L,134.27442861682835,-59.15046334240275
B,N,22.349303215104403,76.54781469665468
B,T,-27.40439385662346,-117.2370576641185
B,P,-33.73911992728766,-52.392728067419654
B,G,-4.22883291960125,-78.00404477303056
B,R,6.4002380608951475,-121.50852294655927
B,A,57.6282901499289,-131.07640278016083
B,T,-30.05916144838644,-61.025893518396344
B,G,-17.007233969635802,-61.934772181537376
B,A,-7.560038033838089,-75.18980299851053
B,I,-8.591558678862615,-74.07282224582181
B,S,-46.615930342471344,-48.99903857726893
B,Y,-22.726930752246385,-67.15537070536088
B,T,-50.32771908672933,-104.90341448690072
B,V,-30.135875798014485,-62.44533099394721
B,L,-35.459472714373824,-53.48367817128535
B,Y,-2.026449902742455,-89.17787745880644
B,N,-35.051345719312295,-87.05317174450684
B,C,-43.12996945448735,-66.97881302348404
B,L,-23.706146859200594,-75.40398996311588
B,D,59.570914753047155,58.167398095522145
B,F,146.88075552937897,-110.98255576425487
B,P,124.90768855132504,-67.0597752367306
B,A,132.4170099737424,-138.14262706325695
B,G,147.11892251405143,-135.2078145682599
B,V,143.2558610424108,-107.9984980734419
B,V,122.68469114004435,-135.66382103041263
B,P,124.25268169679055,-64.89377413600808
B,V,-30.99850811269397,-116.06183532045782
B,T,-178.80145137313175,-142.3568859548402
B,T,151.33690393697347,-128.52480327106943
B,V,114.98650810113088,-71.05172805613478
B,T,152.82456948322448,-83.00761905882179
B,A,-32.452274636967154,-56.00725021801895
B,E,-45.85899427134171,-57.018873690288785
B,D,-44.24710569972379,-66.04223190505776
B,D,-34.82887072812765,-63.19221235474909
B,A,-36.79835530037667,-66.08619074051121
B,Q,-13.366355872806286,-70.84709907994959
B,M,-7.983044457060803,-64.70594101618181
B,E,-13.675485503917141,-79.65633008188178
B,L,-7.101920936591097,-101.83219622536303
B,Y,126.72831541928984,-62.944202228315966
B,K,-26.663613195119446,-121.56670536107366
B,G,-178.25366259759082,84.14273531475668
B,Y,-12.715814540537695,-102.51156879988082
B,F,-36.07389296519561,-124.05310287811041
B,G,18.505293229813248,71.70396488307794
B,D,-177.8068254494874,-80.1220867276398
B,I,-33.83669600889323,-57.63907505902431
B,W,-38.2249324623298,-60.742566584982214
B,D,-34.931405040617726,-73.94380556665503
B,I,-55.498460216175495,-66.44065295404113
B,I,-41.1882862293564,-58.30925274997632
B,L,-35.06130715802393,-65.96453644951715
B,K,-42.58172184138536,-61.464485508441086
B,K,-45.25731094714724,-74.09650776914411
B,A,-36.56903558392961,-58.72404731810133
B,M,-6.327255888003745,-85.76272375740459
B,K,162.79129016946493,-67.36773524491413
B,N,63.31686799587893,56.88265534964121
B,S,7.573450878227047,-130.91392211376174
B,V,129.8595736968411,-47.659503716927894
B,G,-7.661613080820094,88.70179224674516
B,L,141.90564814157756,-79.8956693257568
B,P,139.53237961390744,-68.24935969073626
B,V,135.06614970620944,-118.01852920808057
B,A,175.39426363083717,-115.39125860756964
B,V,154.1931933044276,-134.12247450927921
B,Q,133.82804516627044,-106.71369282402942
B,C,124.71676014296537,-112.05660809834815
B,V,138.86837463898786,-120.64521897158393
B,A,173.34397222044592,-129.15310363711455
B,L,155.9492359598251,-72.46660641565808
B,P,138.30616745177122,-46.182974957294896
B,W,-3.1216706056061305,72.69234318208046
B,Q,55.88500296078004,-97.786324659751
B,E,-42.79180001523418,-65.9688780842978
B,E,-26.825602133038615,-66.79531953952379
B,L,-38.47025051451508,-74.2181558737906
B,C,-40.327686121684316,-62.23250765155866
B,L,-35.55081829321251,-69.16177144911354
B,R,-42.222590538476766,-59.430399947390235
B,F,-44.73544223904497,-68.20181725270237
B,M,-39.78261008338827,-58.950872354012766
B,R,-41.91409023815256,-59.75687350907442
B,E,-45.94728266447085,-66.21916025792002
B,V,-39.32897471528677,-64.05663260576857
B,E,-45.76109937857879,-65.05856451922824
B,Q,-34.541012635274726,-65.45101986257819
B,L,-26.241156741116754,-84.35823653931766
B,M,-33.04104273210157,-102.58114860006548
B,T,68.82859064960917,-134.6840084158039
B,P,-17.74946889474776,-58.52889663361432
B,Q,-22.45986748703905,-69.46226921921158
B,K,-4.981874014552415,-72.94418187178165
