Chain,AA,PSI,PHI
A,E,150.73828417996094,-69.71004393230585
A,P,144.69292505550206,-58.26848206028266
A,T,158.49802196336765,-131.8594713598421
A,A,145.91893490745312,-129.58459818606218
A,T,110.47193870913294,-107.36168776674596
A,V,122.39109074171948,-110.07796460416294
A,C,-11.887433049820872,-121.56732421804567
A,D,136.34386093342465,-59.27685430752201
A,R,-34.71908656105479,-52.5484629905029
A,W,28.696261498194193,-113.52951316898285
A,G,151.61983203830806,-74.6902349903295
A,S,162.4761683846806,-150.23486897155033
A,R,137.7795534291789,-141.23474998469564
A,D,137.22138337664762,-71.14992620245602
A,V,164.39391991930682,-134.2862906227044
A,A,44.551564160334145,55.57539334148845
A,G,20.16824848218323,67.14668063974891
A,G,-0.8821680020681991,99.95265692078746
A,R,-33.81496929030976,-71.56512039153743
A,Y,168.00681860524003,-126.4914964346171
A,R,142.93574924023596,-133.67163352393263
A,V,135.52579918198165,-114.79375953124901
A,I,136.01981553954388,-128.14073536876012
A,N,-46.77946106920429,-69.6647011276356
A,N,54.180483915772136,57.268003295121254
A,V,71.43278959320656,-84.65893337398765
A,W,-20.76408916919657,-80.25188045072294
A,G,8.294356833740949,-114.4343208412371
A,A,174.34451063941893,-160.91462738731775
A,E,-0.7426656539207613,-111.29751078133795
A,T,150.87883552411657,-59.63111585525483
A,A,145.40637308054482,-77.31274680800249
A,Q,136.07557684769384,-153.72464778353353
A,C,144.27261289934074,-125.2827302359611
A,I,143.02242405234549,-123.20025186373272
A,E,117.71234250062331,-100.56644771013762
A,I,126.04147217551257,-111.47337417858286
A,G,117.68514434328193,-77.84684259889468
A,L,-22.07912409811941,-70.14955956292113
A,E,-45.17756927327115,-88.90364563748884
A,T,-24.524912345648914,-90.62431640769444
A,G,5.51641072417925,74.45322936735853
A,N,145.8860048389566,-58.084887258435856
A,F,149.40124715752603,-146.55630532259153
A,I,139.48543749407753,-128.7086355263495
A,L,111.77446244238868,-73.40445994474854
A,T,-16.61873325474964,-96.8983036323296
A,R,128.36621989094397,-149.8998064972917
A,A,101.88063309143658,-150.2345309159892
A,E,31.724097050383964,-101.63381524456693
A,H,142.87820593281543,-77.71091338645473
A,S,80.94622695461841,-151.785786299758
A,N,22.590236543621046,-113.46421935905508
A,G,-134.60855741201027,61.49552574426743
A,D,19.793073629460686,-103.3463873758083
A,N,132.33465076839207,-101.99719005886256
A,V,126.6765457348479,-59.40470289980991
A,A,-33.89920958043303,-83.58289553750403
A,A,156.23633098245304,-162.80779528064792
A,Y,71.19857138295527,-143.6758241960392
A,P,130.02254826713596,-54.17440105074199
A,A,160.62535615253063,-156.44771903244902
A,I,146.1299506739124,-120.48946237883393
A,Y,156.05273453928936,-147.46069163050984
A,L,138.30895060736583,-109.74274178494649
A,G,-146.3582100420249,107.60574961597518
A,C,110.11608409189137,-122.52381926146019
A,H,105.48111699046154,-104.13469865449818
A,W,46.90264169028325,48.28021876934135
A,G,-6.97274466457624,83.21838182915282
A,A,104.39351063002792,-92.10726827231758
A,C,145.19558889515142,-97.00898894527333
A,T,177.8770548352143,-76.15130029259856
A,S,128.00311299234826,-85.65424677782858
A,Q,55.667325199354835,44.972069499446306
A,S,-21.841387549208395,-79.29972720608522
A,G,2.124908294946199,78.738950386498
A,L,158.69159314253145,-111.72327187441911
A,P,154.44942687024025,-77.83385142402994
A,L,136.1058668743765,-142.5240193663584
A,R,144.15218612237365,-63.70796336054983
A,V,-40.32014017317001,-55.884917044883984
A,E,-15.659406830613019,-71.10056401271449
A,A,6.768832022627612,-100.4977850263268
A,I,128.38835680506946,-88.65027693282211
A,S,-47.9762603260199,-90.21645868395412
A,R,151.51545801114548,-143.46513655241898
A,L,117.83592721913762,-155.83463847130852
A,Q,161.8334854904692,-138.50338568247403
A,S,144.7670903903768,-151.3496921719059
A,N,150.5061833347719,-102.38136564468992
A,W,148.82806261748897,-163.35582120693994
A,R,134.44946602276931,-132.54233661256367
A,L,150.23352697661804,-121.4234072723976
A,T,111.56728788433001,-111.20415954882904
A,P,167.4172204461959,-74.35500859985443
A,I,166.52953858284602,-127.85842797266166
A,S,30.689649228621374,-103.79536676992736
A,S,176.19835570086468,-154.0711625653625
A,G,177.97734838519497,77.79751846347347
A,R,114.5100759846116,-129.83145943468077
A,W,164.35590659230851,-162.92864450781244
A,N,165.43370269728422,-131.96211240665335
A,A,119.8774252086317,-119.0374190510212
A,A,137.73706625923697,-156.3814373516025
A,Y,156.86861782129245,-71.80055054338716
A,D,111.51519542201372,-145.86062495066622
A,L,143.72255454839268,-113.48649099488497
A,W,134.680379273299,-122.36562362546452
A,F,151.59532565561116,-130.9622335045267
A,S,165.88364947385344,-166.57670103079118
A,P,-11.78971207746716,-73.40270721058323
A,S,148.51509912376147,-90.40392890426955
A,L,-14.558257462392698,-75.35824148374093
A,T,155.65092841915757,-117.03758795806988
A,S,8.92090356696936,-129.17837648836274
A,T,-31.352432404029056,-53.12128899412778
A,N,20.35145782609178,-105.13864704844468
A,G,-160.167338469707,90.47236294669938
A,Y,28.498946852485528,-129.63732552158035
A,S,137.33689919923086,-59.53183911013978
A,G,3.5802169889561015,82.55583893143512
A,G,-137.14988057749218,-117.00382812009174
A,A,158.97161166083092,-152.49350231172798
A,E,128.7286050872186,-128.69278032295327
A,L,116.04642822300386,-118.4789208411395
A,M,153.98477413245473,-105.25904909926622
A,I,106.18162965493853,-135.6872140616103
A,W,122.83991526674886,-92.57510756968581
A,L,-26.427882155553583,-104.69802463346502
A,N,161.3955261749507,-164.90019222172677
A,W,170.54773586812618,-174.91209085419828
A,R,141.93163332546482,-147.74408262000372
A,G,18.46729472294055,99.4011373453961
A,N,29.682035400185594,60.3890150575248
A,V,148.45281596746005,-65.29689805759105
A,M,145.5319816218953,-125.63911588943297
A,P,156.1148670451871,-60.492934268579155
A,G,158.62523939189808,-58.956187283906424
A,G,-144.2152303800636,79.56132244755332
A,N,148.75441142221305,-128.63395672297165
A,R,124.40881755687434,-71.85221362287544
A,V,-19.02186958241973,-115.57899394415747
A,A,171.36882210348992,-169.1089205936201
A,T,138.79702787523385,-130.26870470176542
A,V,141.348844923118,-145.25371114033288
A,S,117.49931898626295,-89.6734475461633
A,L,138.4219422690885,-144.81274951605516
A,A,22.15416614037911,62.87615076414918
A,G,9.398122710537642,98.23324524760773
A,A,179.72751022081118,-151.21396856164625
A,T,142.19135608343407,-114.14430015604468
A,W,141.68567350105346,-140.31046027171968
A,E,137.0464160727589,-74.18491935817472
A,V,122.91587118469224,-107.23220594275888
A,W,142.7027204108608,-116.17452333140668
A,F,132.16753225260356,-136.46969542680412
A,A,143.94023246484514,-126.26645835590284
A,D,94.38415168190684,-100.87777933305111
A,W,-155.84284216018406,-113.60434373593871
A,D,-27.382365423617237,-60.544871974736566
A,W,164.29737664093875,-122.29745888014797
A,N,130.09819600829402,-83.38446556706926
A,Y,121.14037913836975,-108.44472508374977
A,I,125.08036345623077,-123.27224610959206
A,A,134.40331791990465,-121.04309558169518
A,Y,114.42696044069228,-108.83766409024769
A,R,123.61686421539022,-104.10967107471699
A,R,141.3761003409564,-64.6479884598001
A,T,-27.349512149091318,-69.51986066987735
A,T,145.03153133102435,-130.48998453742016
A,P,151.34105367146444,-72.2639817693499
A,V,172.96462153627655,-128.58166943251143
A,T,-0.0147349152852316,-116.21310271451145
A,E,147.42767547368615,-158.83884916499636
A,V,141.04272678134996,-129.13707423612112
A,T,118.58819775580714,-123.00432948394162
A,Q,50.30409410498357,53.033412992009616
A,L,128.41789447763693,-67.135154970186
A,D,90.43410031202646,-80.56893091908944
A,L,-31.720286278567926,-65.50806242364472
A,K,-30.982697026948486,-62.757361881031855
A,A,-43.35367629810273,-58.3247248720032
A,F,-46.4427835045754,-66.48183606803967
A,I,-47.990846466727405,-51.93446986909387
A,D,-31.20953165452154,-68.27265354230302
A,D,-45.582344450299594,-68.58337087232081
A,A,-40.33858152940797,-59.445102053774214
A,V,-47.80633126595676,-61.292788491211006
A,A,-34.34954145147592,-58.41395809747981
A,R,-9.846374268783016,-76.72808679544964
A,G,12.693825452381226,86.32500833356671
A,Y,-27.104936454889003,-89.42489241554388
A,I,130.62889843209473,-123.80000322032527
A,S,132.6437375538875,-78.91551876082237
A,P,-8.98945739092675,-67.25050681914196
A,T,0.16689025456697612,-93.99348570914341
A,W,153.39396766665203,-76.35489586895167
A,Y,138.45322467280775,-89.55285719633271
A,L,120.91896293458547,-75.30270905461668
A,H,-35.50680437428839,-98.46195613975235
A,A,141.01127896267403,-153.35618725881812
A,V,116.99031508353498,-118.84409739699862
A,E,157.1722023738306,-126.20843085877193
A,T,159.8240758427078,-145.16449113406827
A,G,-152.21383554825567,170.64030632665884
A,F,122.06022452298498,-130.7084479787063
A,E,128.85578397894585,-78.58004269027188
A,L,123.5129455208059,-112.2261882437152
A,W,-38.56389529438991,-98.8898956322948
A,E,123.53379115843117,-146.27834515502664
A,G,-146.34126638036648,68.9636096288445
A,G,-12.210528928443175,129.0461502560934
A,R,129.96106633388135,-57.5746270448258
A,G,-14.915026322804112,97.92024537455707
A,L,137.4333308282663,-62.87854380641526
A,K,139.5518313037704,-131.84547851546014
A,S,126.49782957251598,-110.69204094586048
A,S,154.5794362194947,-134.84161857179308
A,D,32.490584012044835,64.10381069032874
A,F,136.40207770558555,-71.07261759355545
A,S,143.3704184291881,-147.8198662661186
A,V,136.13584112419304,-128.60873228082514
A,T,117.35836585967674,-124.31296253890274
A,L,135.9958576044205,-114.24062783095975
A,T,129.10764814643565,-127.09943708817895
A,A,152.78270843701006,-90.4250956370146
B,E,152.71945868640563,-70.88295970254495
B,P,149.45740782775175,-59.95183787434626
B,T,164.44941407269087,-130.05103898317253
B,A,153.10933670447864,-135.06460083302306
B,T,134.5381449901787,-112.51168112219203
B,V,122.15407192931866,-131.29442478126896
B,C,-9.393281752303176,-122.25898644495338
B,D,153.89661114472872,-88.35491988701389
B,R,-45.12340815824145,-49.33328543290225
B,W,21.19641051281447,-113.83697123756613
B,G,150.35617699629103,-65.8312548778322
B,S,159.7771293338173,-154.4558450231598
B,R,142.28068223307432,-139.3295241057357
B,D,138.12503854844468,-71.62641902419801
B,V,162.8447862583616,-135.81781658634364
B,A,47.97293125650368,52.91931426636491
B,G,13.377993715772119,69.64780298610896
B,G,-5.736670145625714,101.51423716870809
B,R,-36.174683442112894,-64.96449969781882
B,Y,170.634082968211,-125.74536513817935
B,R,138.75672547543024,-137.84690235620283
B,V,137.65700140003722,-106.99670183346433
B,I,137.06395481815235,-127.12292718021885
B,N,-45.62247260607926,-73.77896185337379
B,N,55.6195565541441,56.48135588762393
B,V,70.56850969204372,-86.1716826468405
B,W,-19.60978179028861,-80.31558655591816
B,G,12.645391353066698,-116.22094042888092
B,A,166.49117964589715,-164.3057489719721
B,E,5.041264422036421,-108.8071460184672
B,T,154.39795162537044,-73.5905056129841
B,A,143.8173874797749,-71.125150256893
B,Q,132.62712659705608,-154.40919017761703
B,C,150.5327553885991,-124.80030669480365
B,I,152.55433835808296,-129.92071911333505
B,E,127.04391703954684,-114.07733081628174
B,I,123.27844064212239,-120.0672442970339
B,G,116.33073650496094,-77.54414986676791
B,L,-21.094568799389542,-70.41675987698457
B,E,-43.006916543162184,-89.79676925937062
B,T,-27.455459918713675,-89.3879608310631
B,G,4.234891275336635,76.4249823168127
B,N,143.1372634748535,-57.04076869598516
B,F,153.05292379109466,-145.63902425169115
B,I,139.6649327003086,-131.92029042629443
B,L,111.99814216458863,-71.89890703325266
B,T,-14.284030551988172,-96.3735266183542
B,R,132.92669725243726,-154.6519844380851
B,A,98.56679724612809,-156.71945219932903
B,E,24.98385793793456,-101.6988408308746
B,H,145.64940971263368,-69.21907477314294
B,S,79.57015695620366,-155.38824648603642
B,N,23.430835053035175,-110.32997972000189
B,G,-130.84074076878727,58.59088175906395
B,D,18.508131413520555,-102.50365165012916
B,N,132.50924230528136,-100.72915741590111
B,V,126.46068045322605,-59.54797507370715
B,A,-34.29504661633434,-83.53587902816203
B,A,158.06978302832562,-161.9133021194447
B,Y,73.20372975300664,-143.99765926735103
B,P,135.1141991898693,-60.2524496582348
B,A,162.04102490164382,-158.91616239703822
B,I,146.44498763587404,-120.59075195066708
B,Y,160.24746251669308,-147.32880637084435
B,L,136.6752215702622,-117.31491869340607
B,G,-140.90388216471138,108.10946468149373
B,C,109.13055635215724,-125.29846201171657
B,H,107.26707559257117,-102.68940426337691
B,W,44.81603263233598,47.04805509984928
B,G,-5.0446454806196455,86.43786592271809
B,A,100.8914736217653,-93.29426538356452
B,C,144.56133927220526,-93.14117765050945
B,T,178.79221748900665,-74.76181307831062
B,S,123.75989518426282,-87.09550269899114
B,Q,57.76420355045072,48.031144709883485
B,S,-25.31113635045897,-79.74857013858691
B,G,-1.3744063071576575,83.02620403029321
B,L,157.68588484967637,-111.65983628638762
B,P,152.02144453593877,-71.48669867601075
B,L,134.02926864103668,-141.42723197081662
B,R,140.84363641093609,-62.81488866939796
B,V,-40.6340820029719,-53.57119167861776
B,E,-20.5323714066206,-67.10673826964315
B,A,7.716039845386281,-100.77257814309915
B,I,128.70239164849278,-87.14565632444017
B,S,-54.890372426896,-88.55656641528654
B,R,152.0030171183537,-141.90194615214358
B,L,119.63957854659947,-155.48396589687212
B,Q,161.91491870975295,-143.56845588734137
B,S,147.53655176461524,-151.6700347616851
B,N,151.89958597515675,-108.05374717162624
B,W,148.5649123489346,-162.28799481438193
B,R,132.2217711015189,-130.45799638453985
B,L,146.8155239221983,-120.40242606638705
B,T,110.29940204648132,-111.04302768538476
B,P,166.69233274853127,-76.76523842239092
B,I,167.8904778585265,-127.00573307972334
B,S,24.696508857036402,-102.85300659798513
B,S,174.59078063042287,-146.01884969096736
B,G,-178.72950763168382,78.45989205291869
B,R,114.05873799161445,-131.76920266226364
B,W,163.60083620692248,-161.1770636767949
B,N,167.23680203029903,-130.18682775280482
B,A,116.20816439314017,-118.19289260813976
B,A,142.8880281868622,-150.9249789462687
B,Y,153.68406961831374,-73.12108452177057
B,D,115.01746337261072,-142.14645025386977
B,L,137.6823540817638,-116.98873889957103
B,W,138.30748462652446,-118.40430980615372
B,F,151.02197069603372,-131.90797270684408
B,S,160.81642544265793,-166.0003829421593
B,P,-11.985484805149666,-69.41347877754954
B,S,149.42492863909652,-89.7550380264829
B,L,-17.585520647184754,-72.64094506899721
B,T,159.25592499571192,-119.01933802394291
B,S,17.21137301596559,-129.05221249705156
B,T,-28.90417008605418,-62.47671273516429
B,N,12.755257246200044,-99.3618501590793
B,G,-156.99818167102006,91.2538447339585
B,Y,30.33548707020485,-128.64728349274216
B,S,137.73817442303536,-59.115408010496935
B,G,1.9017381668131685,79.73796823187831
B,G,-135.817307836387,-114.437461451062
B,A,161.39485552851835,-150.9707910469197
B,E,126.38898147517496,-130.20105305751864
B,L,116.95324547935618,-118.27976837900245
B,M,156.7140787761682,-105.20617903980651
B,I,100.91113396078565,-139.04087007973362
B,W,126.51217735368265,-85.8132837818504
B,L,-20.73370524774865,-109.43808914186066
B,N,160.67011483684155,-169.10908949695343
B,W,170.68965299166155,-173.25590795105566
B,R,145.8386757850018,-147.19287637841592
B,G,21.450774898383642,93.2417847064821
B,N,28.389624539453564,61.20446030152013
B,V,148.57435758485371,-60.31789672271897
B,M,142.31311943400254,-128.19652270949246
B,P,158.97349601750736,-58.83307172167325
B,G,160.29670459492974,-64.99342705473477
B,G,-139.39421213383045,75.52318319713909
B,N,148.6905594449209,-129.69388631277408
B,R,125.60152409998148,-73.35877734682143
B,V,-20.8283375835114,-116.46546963623709
B,A,172.5243707831141,-165.87948586439293
B,T,140.8652041963929,-128.93632275798169
B,V,142.48262401838167,-145.56642460482522
B,S,119.32171892829265,-91.07556997687216
B,L,141.23001198284965,-148.27093986530232
B,A,27.381847647037084,57.40001416587152
B,G,13.02083990481081,91.41310277943424
B,A,-179.08215123375376,-152.22485543027162
B,T,140.02487365779734,-117.83260249823252
B,W,143.4892339383726,-138.24374680005656
B,E,135.99163133365587,-78.41411326955439
B,V,127.66505637149447,-103.1535043419746
B,W,142.1490292643603,-119.2845899384714
B,F,129.5070924955008,-133.99180601656144
B,A,135.10658101511837,-123.67055214027326
B,D,94.68360182148865,-94.76649229227549
B,W,-154.28886428090436,-114.26818800752123
B,D,-27.010213532794413,-66.59656406355933
B,W,163.74875039942066,-118.80820561161302
B,N,126.2728527151299,-80.30998485784284
B,Y,119.91080625107269,-104.81340683978445
B,I,126.19184312244626,-121.13064248346156
B,A,134.63717671405314,-123.77895830262808
B,Y,111.60018570545206,-110.36252913820518
B,R,119.38065038263949,-102.81706944894177
B,R,140.14636019493074,-62.983571805114444
B,T,-26.498707404120267,-67.79714103736427
B,T,146.75557796662036,-132.6415026316489
B,P,152.5571268316431,-77.55964820174869
B,V,170.60724359467298,-127.82018579132061
B,T,-1.4942065379252554,-115.16684679788014
B,E,146.0914724857965,-155.00822760109548
B,V,141.35174129527257,-126.37223956554685
B,T,119.2904005023302,-124.06005359891063
B,Q,48.66504462829583,50.81275769774532
B,L,129.38104154970605,-64.75063262963835
B,D,93.07750442885374,-82.98206035798493
B,L,-32.6908431761167,-67.58847927222831
B,K,-27.788413041931186,-62.11710546553978
B,A,-41.343728653106226,-60.41335313095894
B,F,-43.858579000222974,-67.85266506170544
B,I,-46.46115053391495,-59.95721015770788
B,D,-31.872780860270332,-64.8622558705371
B,D,-43.4199006536161,-67.99975420988548
B,A,-35.85168509791551,-64.84117916702645
B,V,-46.92394904028477,-64.03008049509475
B,A,-37.570664262633144,-57.02966362385216
B,R,-10.315814497356364,-74.36829458979783
B,G,14.82951330516456,83.42313082476123
B,Y,-25.142390612929862,-87.4312759833884
B,I,131.18471400681733,-124.63248113652259
B,S,135.8590683302757,-78.44231070608646
B,P,-11.171208972416798,-70.96490315513408
B,T,0.4937991201277898,-87.8514554458183
B,W,156.03084780073138,-77.5930762236916
B,Y,139.99594782264683,-92.533011633409
B,L,121.99156687530662,-82.71240906191625
B,H,-36.13442821625371,-100.05493284246579
B,A,143.70314323734183,-151.26006904886708
B,V,113.06897260028522,-122.49751767858854
B,E,158.66822481694257,-123.15384202909894
B,T,155.12946511967655,-147.4161454693583
B,G,-153.3671216469474,169.70125635863522
B,F,123.39198574598409,-128.25507675563412
B,E,130.846423725685,-80.00526378016365
B,L,126.82387473814059,-118.34358876072882
B,W,-42.70971049008457,-102.20191978707705
B,E,130.7156917103358,-141.5143691223809
B,G,-145.3739991981362,64.82358773937295
B,G,-5.027124483997329,129.44003614761672
B,R,126.23930111647245,-63.886023610474055
B,G,-12.703376194951932,98.87755862498439
B,L,136.9888477775569,-57.41261392237164
B,K,139.21366188707785,-133.83190252953727
B,S,123.6262654645156,-114.0491137091694
B,S,154.069143775913,-132.8245559342417
B,D,33.78100144758461,63.11885265084604
B,F,136.05077040670193,-69.72613603887153
B,S,145.4980922795098,-144.87017569187705
B,V,139.0548201646724,-129.90539371626534
B,T,117.28606422057075,-126.94890954850358
B,L,138.0168017323983,-111.88273954473674
B,T,131.94894499591425,-128.41019890269186
B,A,154.56168429251392,-95.56436203474799
