Chain,AA,PSI,PHI
A,S,141.64037375391118,-170.52824958650595
A,M,151.78656685022034,-144.6689914224689
A,S,136.25954341211718,-109.58157994104755
A,V,111.68634986255041,-137.22190402799401
A,K,46.109289415137006,55.40578715261899
A,G,-30.89649503619918,86.14431981550159
A,R,128.17815435247343,-69.09057278005207
A,I,117.28920317596008,-96.58196271768432
A,Y,120.439712380079,-112.38862093780318
A,S,126.42786940220999,-89.78800942348637
A,I,123.5124950114916,-68.80497378114099
A,L,-50.67807931278074,-84.27615921303797
A,K,172.23220403014832,-166.64374589780638
A,Q,124.98870669493195,-107.18592219156268
A,I,-67.76301251041268,-85.39648473935517
A,G,-179.6134992990913,-131.93497068073123
A,S,142.93485820978822,-164.14522264539752
A,G,55.361025282117666,-134.16837865673304
A,G,-94.29789546828862,74.114027848753
A,S,-34.55169670607176,-60.64433665882508
A,S,162.9393942083984,-92.87054842138318
A,K,124.7505555406855,-157.22637806971446
A,V,134.93734439550562,-105.43472883342372
A,F,141.06790662748134,-123.88949038519621
A,Q,117.22991205831514,-88.18806117639703
A,V,175.6894089205313,-122.44166788870575
A,L,138.67410643208353,-139.6053060651998
A,N,-174.1260862866843,-81.5235210271179
A,E,-39.28447511694081,-56.24381447411789
A,K,18.891555734150916,-88.21759459072999
A,K,3.3255508534445495,68.76509068282941
A,Q,138.76033565048957,-66.22898398712051
A,I,142.55324126917486,-86.46606180945132
A,Y,170.89983150176172,-148.5783306207084
A,A,124.0983420667534,-125.53576623689288
A,I,126.23133088026846,-108.63776993496428
A,K,130.47725828161802,-94.93472368866668
A,Y,123.82105112808772,-117.34701926332303
A,V,135.1768600202702,-116.48531093784
A,N,108.72901695466064,-107.13659997221646
A,L,-9.330688921077657,-84.23290718134078
A,E,-44.05086768867102,-39.44774033595506
A,E,-4.674768739345563,-108.77303472205158
A,A,138.7193991728585,-69.42933234958024
A,D,170.0474274837783,-75.23981328440482
A,N,-38.22887967418069,-64.03865464752855
A,Q,-42.423965889329985,-71.0070967025293
A,T,-42.67122136930211,-61.36970603717707
A,L,-38.298399755705205,-64.85836582891713
A,D,-18.722667307457687,-75.00028028315187
A,S,-39.72131727561004,-72.70841672094335
A,Y,-38.75728231753136,-73.96131723573122
A,R,-39.03858740687841,-63.59806385244764
A,N,-52.54972167695504,-70.17712607678827
A,E,-46.51045454654089,-53.40170586205294
A,I,-50.62420861326032,-56.16335935179774
A,A,-51.32773462905368,-53.023840431289344
A,Y,-47.95477610425053,-66.15860654742156
A,L,-28.546969349943375,-59.823825494722904
A,N,-47.989381074444125,-80.0566790590182
A,K,-55.171050636189534,-59.41838892957136
A,L,-9.351345157910876,-64.30007100257316
A,Q,-37.807591598987145,-65.6505662569144
A,Q,-15.454870269430666,-71.85702849054888
A,H,-2.3909131057778286,-102.29607192604409
A,S,127.59093253590227,-172.288312629132
A,D,-12.306159764414206,-68.51832483699806
A,K,13.643443400122083,-89.38449979262555
A,I,133.14330560085335,-120.66206835696359
A,I,132.44523003297346,-50.87366392747733
A,R,136.95619706345576,-71.05734929967701
A,L,106.05378380673791,-126.03874490054008
A,Y,-45.87871854662821,-78.48291848386086
A,D,167.00589532725584,-157.94030146490434
A,Y,150.387653502813,-154.70851062592715
A,E,117.90933849036517,-123.55754860082405
A,I,128.67487651324285,-121.7711024175246
A,T,-172.50828137035373,-133.4245341056558
A,D,-20.4940389621558,-81.1661020616547
A,Q,-42.99696627012496,-91.19669462866023
A,Y,179.69308354819884,-139.9838496727231
A,I,121.34972159914959,-141.65087913508958
A,Y,117.1355664536419,-114.66841109483595
A,M,120.50003146890529,-113.91538940862347
A,V,108.55732339677353,-100.57554466308773
A,M,174.31403638296592,-119.55342509434536
A,E,150.6384310799656,-74.05498626197195
A,C,121.13091978556687,-99.78668993825947
A,G,161.1996572568038,-91.98558037718543
A,N,-55.41519564665192,-69.13422168547646
A,I,155.80570385196881,-159.17324752372107
A,D,154.1900849227415,-78.03139153749215
A,L,-35.08145092408903,-63.28788645377379
A,N,-43.49807167753675,-63.44003503312653
A,S,-36.74907021875385,-69.1527380073584
A,W,-39.0237951216537,-65.93968116429394
A,L,-41.28215802223117,-75.9345421909928
A,K,-30.434164537532137,-62.99715777714638
A,K,-63.721259133106365,-79.96626923370425
A,K,133.2610099245769,-47.661258213671736
A,K,-58.72076969494229,-89.87515267663098
A,S,159.36612704801172,-91.53813991251516
A,I,111.59571966953884,-139.0668168144866
A,D,128.76248086444238,-67.8820840379423
A,P,-34.45837178732819,-50.55981184021811
A,W,-41.3181366029207,-66.74530790881896
A,E,-51.07790767756638,-69.955368031303
A,R,-50.89571023068747,-51.23812115986688
A,K,-42.20297575794701,-61.22268547495876
A,S,-47.6686424272272,-61.69827085970986
A,Y,-42.18781475013515,-61.212779681918995
A,W,-37.60299982290279,-58.63629678165073
A,K,-42.42646841632577,-69.98479333733029
A,N,-41.1303381098557,-58.882317068557775
A,M,-48.54209756569825,-68.00361813417632
A,L,-33.7384004611691,-61.296238571294474
A,E,-45.56796304204807,-66.47705544130227
A,A,-62.958705954923055,-65.44737797409971
A,V,-40.34681935054281,-49.7930714976167
A,H,-39.78845695553783,-65.91823470263293
A,T,-53.4164165922298,-57.79559709054572
A,I,-43.110055255666566,-59.285563108929686
A,H,-37.08490410584387,-59.371898625710095
A,Q,-31.384016067130684,-62.15114729569946
A,H,21.71404248640961,-94.42048316099365
A,G,30.864150374701005,70.23654808911938
A,I,129.8166617894788,-108.23650807333863
A,V,119.57166205600755,-114.97359878919411
A,H,-43.27359290706557,-64.982623768423
A,S,-61.83129830317299,71.2282294340202
A,D,70.49167687852726,-89.49042871782251
A,L,131.60949580748488,-90.95014201865993
A,K,159.80105160476668,-147.8608052431856
A,P,-24.529061659384155,-58.6131573090876
A,A,-22.89048377052164,-62.43853460411036
A,N,-1.4718205459994969,-80.76543695853637
A,F,146.97732156754589,-113.44170705567397
A,L,126.88252459446218,-145.08714671289945
A,I,113.54161178320896,-78.08843430182053
A,V,117.19353485308504,-133.39901417253103
A,D,43.610150629778126,60.17728231684006
A,G,8.134366454448589,61.48693750283633
A,M,139.2384453560195,-113.04443245921462
A,L,143.92185717613793,-78.73935128521777
A,K,142.1782788317087,-142.14540566932465
A,L,126.05141473411045,-88.42506688847944
A,I,-40.06828596359984,-101.64846633993716
A,D,134.35093875838086,-103.15479253225848
A,F,-0.8627502860592492,-95.86069110416385
A,G,15.066241241304779,70.87458412734019
A,I,-66.96885549851763,-79.51100200762068
A,A,-170.35936432458846,-83.90734617126026
A,N,124.40037958190729,-82.66594596774524
A,Q,133.61572182508164,-71.62861403533535
A,M,45.5785029520944,-73.11872301259008
A,G,73.12424058028088,-157.94231586802715
A,T,137.83561114194393,-68.10879324397169
A,V,9.291002381899071,-100.05817377319103
A,N,-5.327353755651436,-71.83864442499289
A,Y,18.591430262430055,-123.21998846398616
A,M,127.69074589032707,-74.14021872534244
A,P,142.01125302389698,-71.32098699370621
A,P,-40.49623927875598,-56.82212604044982
A,E,-32.51710416777554,-57.596133968199084
A,A,-46.213715308630285,-67.95001870743283
A,I,-36.741591772459515,-65.99066457476701
A,K,-14.060836100725195,-80.79292334370109
A,D,30.021181995659923,-85.62576483986791
A,M,-31.053190504260154,-78.4100869438582
A,S,-28.076840224674424,-71.58028854247642
A,I,115.3922174512585,123.57300564146529
A,S,172.00915137816438,-154.33997221867784
A,P,-23.136121911505207,-58.326079706408485
A,K,-19.5696715488209,-68.18848051858264
A,S,-39.89619497214341,-66.29498640595811
A,D,-29.697855236329755,-72.09271010022846
A,V,-52.05236863270125,-62.006853151668636
A,W,-50.80022496453061,-50.38019817354911
A,S,-45.875914659769286,-59.684405987979225
A,L,-36.91806046581192,-64.30750137959944
A,G,-39.818371210396336,-58.500994610290974
A,C,-34.50855474285501,-72.11822986999394
A,I,-37.03467683662139,-70.9189031653273
A,L,-38.162975091907384,-73.94537841135266
A,Y,-46.577679144357326,-60.561047377456596
A,Y,-20.03544014609051,-68.88141519490321
A,M,-14.37516434009287,-87.90037564430216
A,T,-56.635264387050896,-103.67147090900835
A,Y,-1.426347580861151,-94.79001019810225
A,G,-8.76409186004252,77.9508609143999
A,K,156.90035554002918,-141.66738181708132
A,T,157.2562136652795,-69.9833684386212
A,P,-41.93128279764353,-61.661857284647894
A,F,26.072815162540802,-108.61087765771794
A,Q,-27.68952375042213,-64.4650064003804
A,Q,-24.64218523620305,-74.45258863901613
A,I,95.55543860787317,-78.52845696365202
A,I,-52.67583518012926,-55.70898216444655
A,N,123.85211314276621,-72.3543095273607
A,Q,-32.499964833881805,-68.95199414383157
A,I,-39.75951689205636,-66.65361522173893
A,S,-38.47341458564707,-73.11500866437824
A,K,-32.04088779917009,-60.667312247601565
A,L,-32.83806723069864,-76.62029763306724
A,H,-38.43098427333519,-66.18146599086214
A,A,-52.67915854063471,-64.97555371079211
A,I,-32.38465027771791,-57.60147161012541
A,I,-48.133466694366355,-78.22108765163532
A,D,115.71388669740168,-62.60468514187868
A,P,-21.017536884077593,-76.18821994075108
A,N,5.80199112293232,-75.16916057328574
A,H,125.55599971007136,-99.12824019325969
A,E,116.40297002130565,-99.63599973163413
A,I,131.5643445794935,-78.90282871539421
A,E,130.84493118168015,-80.28421845325063
A,F,79.25508366031174,-128.55332082818987
A,P,140.83886172516222,-52.712753572261725
A,D,109.81321153509458,-52.096183760859795
A,I,154.05708549133402,-106.74848443850163
A,P,-35.85391398755051,-67.15698643792531
A,E,92.92436723348341,-71.97897238515745
A,K,-50.23455123010457,-60.03234313924818
A,D,-38.49699949121832,-59.99793404781886
A,L,-44.332553245874394,-61.20920655894199
A,Q,-38.57497568652401,-62.742187445853936
A,D,-36.57345920032094,-69.96050731464472
A,V,-55.30348945932712,-59.38470221328506
A,L,-41.65132836793142,-54.579752812424516
A,K,-27.6763145191545,-69.26273602552288
A,C,-38.13009418588495,-82.14316616408571
A,C,-44.594072403106544,-72.04489945404941
A,L,29.652303977206042,-86.54600159642871
A,K,129.5581717180852,-74.74343645216847
A,R,-40.64877173483735,-67.2036460352148
A,D,116.9311391579077,-74.77590215409623
A,P,-33.6529479430797,-54.60768454189778
A,K,-40.97479472804446,-65.92096947331002
A,Q,8.904375974831748,-91.51604695545072
A,R,149.20423083519069,-91.12232526142147
A,I,143.93247718546797,-65.14775222041965
A,S,170.3172886185494,-91.61845578999555
A,I,-42.47690035711705,-68.00744252116867
A,P,-21.403131936360538,-64.75906274964034
A,E,-48.21015547946217,-79.26280780941732
A,L,-32.66453591877333,-58.74843073957487
A,L,-16.5916386813894,-73.11855488204264
A,A,9.239808246695198,-115.82343368131525
A,H,154.89084350852764,-71.61644143125355
A,P,-29.594442174762946,-63.30105170470096
A,Y,-50.32176131073576,-53.672954528815715
A,V,-39.72123990472361,-73.0994753833193
A,Q,-44.83150206490939,-88.51498123064148
A,I,126.93529069623382,-72.09505474126175
A,Q,132.43656167717407,-99.62932385749001
