Chain,AA,PSI,PHI
A,V,-42.64499922381966,-73.72705795864087
A,Y,33.420473427061665,-133.13534436173913
A,H,136.80427982076588,-125.51713799773958
A,M,137.27940170738498,-67.23593942507009
A,T,159.7152526583388,-139.9571272030986
A,P,148.7918734246783,-80.75946385991979
A,P,-32.913193714525214,-51.903769434905655
A,S,162.04298503104079,-169.51390286980015
A,G,-172.44419164835753,90.28668318013091
A,W,124.27804465807407,-91.39243114317796
A,L,140.38890191131978,-97.54160462635768
A,C,-154.66286366380055,-142.81017037393568
A,N,118.04396685234923,-37.01414210116934
A,P,155.52734311163104,-75.30614809458393
A,Q,142.11395035534736,-115.53399401278683
A,R,118.3831882895122,-49.93445022482421
A,P,148.49588562539947,-60.1571428789744
A,V,154.2230334322889,-115.70415944681721
A,T,111.29916022055463,-103.1207902167204
A,T,161.08646484269772,-142.7700554644235
A,H,40.89325662165848,45.30129314403649
A,G,36.044298102230044,56.25204182634677
A,A,173.70518275398788,-155.57313077833135
A,Y,120.68685325778569,-99.34351638197138
A,Q,102.42472474539447,-96.53731728742325
A,L,137.673773524953,-92.69800854262667
A,Y,158.01864045907794,-118.11497226575895
A,Y,144.22693176616735,-159.22208552029238
A,L,137.8932102138236,-62.57276569791137
A,H,142.3440190001101,-146.6667505282416
A,S,153.4703746917085,-138.63017705662887
A,D,-26.802443724442163,-79.46440389414941
A,Q,130.5504410547017,-109.58701940684374
A,N,122.5348210147754,-52.51731745406469
A,N,17.69359816842166,63.66993501710695
A,G,179.80817602696084,-92.4010113038134
A,P,153.5139895767492,-72.67705078236591
A,G,-150.88028160826872,-164.55804689550166
A,G,-157.58995239223876,-155.21745304268254
A,W,130.61991512091782,-93.50132842626552
A,D,164.7514037264075,-110.6605943457315
A,H,139.0973604695351,-126.10469600750618
A,A,147.81453904751544,-142.27544400156793
A,S,148.62057415728918,-116.5122133667064
A,T,132.9069276705503,-148.70963145770077
A,T,-34.950372909623596,-93.44842520122907
A,D,-6.335078549159932,-109.89392545777396
A,G,3.7322558711933347,87.87671996395669
A,V,-59.00197951748652,-115.76002430370418
A,A,136.15125644380902,-88.42305227024477
A,F,149.8721401219371,-121.10151611638203
A,T,113.24653729301568,-121.28762139539607
A,H,134.6769091543477,-79.42819117966398
A,H,4.350807110703292,-114.99805078339463
A,G,-168.55649761062682,87.80016448938031
A,T,145.25923393338783,-68.96774170243586
A,V,-29.680832676915582,-127.10712904964487
A,M,80.23971761839695,-138.4696235828145
A,P,151.80415100354185,-59.16375470681404
A,L,144.55778563104172,-72.00960605120781
A,R,155.60759950761508,-131.1371583158898
A,P,111.72663106833026,-37.78217315106847
A,D,33.731041272358766,53.990177068811796
A,F,70.25000171239957,-149.0708574653989
A,P,164.62823396318882,-75.09951445319149
A,V,121.83582013806463,-112.12944014161165
A,W,-168.49203268993057,-98.42690923223198
A,S,158.2702410372808,-62.36801118784536
A,G,-141.06462099903544,-170.92079767869592
A,S,163.46078099941664,-165.65997817809435
A,A,147.522148084713,-135.8751383657884
A,V,159.55360326110244,-133.61747487752015
A,V,112.01485854825792,-96.5362022114449
A,D,60.091377496301526,-79.13585306971484
A,T,-47.79460274115283,-42.00879042463011
A,A,-4.509385806370218,-80.96762787575496
A,N,43.27136697131663,63.36752889903944
A,T,-31.61753802244926,-70.70407747160121
A,A,-18.069546575508674,-80.02977430580312
A,G,15.521432037900103,83.03115894027236
A,F,7.518996812196888,-99.53016038320418
A,G,146.412404208627,111.48641498121762
A,A,134.55740568503114,-63.868822984274054
A,G,3.701279998375919,79.6952286702007
A,A,140.7164802690166,-67.48683439300981
A,V,110.90668586207795,-89.69095074455782
A,V,127.90604792669974,-104.63983733225868
A,A,151.68326594612512,-125.5123564546249
A,L,132.98011220932509,-123.55424541241321
A,A,146.1517110702304,-141.05729315636472
A,T,133.14676200759232,-80.75823709507712
A,Q,136.95811313431125,-141.94115430419959
A,P,101.59855921538448,-81.27704302365024
A,T,136.62718461569966,-53.56689140339854
A,D,13.823022334563671,59.89559283689041
A,G,11.83379185526605,75.1777399060502
A,V,115.56023124539182,-92.48240832528052
A,R,-44.45000738297788,-54.15312627086693
A,K,-4.745995661450713,-69.16861716509557
A,Y,4.928698871103755,-103.42610171465707
A,Q,125.04811612703124,-51.18288832949971
A,E,174.54187659181267,-144.978313948631
A,Q,114.9515635112719,-96.07404858251168
A,Y,144.01092944701924,-99.91019256854551
A,L,139.38317650572623,-99.29945845469747
A,Y,148.55807976396247,-129.97270805727527
A,W,148.92525326329118,-141.2994915453082
A,S,139.00005502385457,-131.3650599961326
A,T,11.63447525813096,-112.79213847852719
A,D,35.301305175827785,-121.1197879400513
A,G,17.768229001564357,76.69051864275829
A,G,19.996489192361683,92.50598880614025
A,F,-36.99218534076211,-92.25367873532262
A,T,143.70156653913963,-131.0223853548686
A,F,158.80045685370658,-125.513087757842
A,T,141.81100662767267,-123.07521766214798
A,A,140.86766005809534,-94.80993507325273
A,L,109.40973712027122,-93.14652557356051
A,P,-40.52936016074755,-43.606607293410896
A,D,124.28665796708296,-101.91192398566466
A,P,137.24913459752977,-55.37419725728066
A,V,-12.68013238660937,-82.64099184749844
A,I,100.2453306886815,-141.93673147244286
A,V,144.85669294606677,-80.19021112178365
A,N,78.89388475912058,-90.82144446503176
A,T,-31.69965032959284,-64.01950493354062
A,D,-42.37242236762014,-54.81326324148625
A,G,-37.8551428561579,-60.86165781309862
A,R,13.156406577075042,-79.60453012566843
A,A,-19.738264295838587,-137.35675462233746
A,A,115.60599677255631,-54.00553640471336
A,T,-51.28341763733979,-114.98840521350104
A,T,163.96663116825164,-73.1419753328481
A,P,-36.416779102709356,-61.331249247227575
A,A,-48.00528710021175,-66.01531811699512
A,E,-41.43949488567041,-58.77601423474749
A,I,-45.076902010035404,-66.59790405878091
A,E,-33.27903523634676,-59.72884353083865
A,N,-34.34226362048779,-77.88835759512413
A,A,-20.554215394850168,-73.28670968794091
A,E,14.477016826906254,-89.32186291747878
A,W,89.31434729849894,-141.62611011455542
A,F,73.5702065055806,-161.54073800550142
A,R,179.59870678472672,-146.24933978510145
A,D,56.66845911834901,62.17416267308923
A,P,125.13047943135129,-65.113437269967
A,K,115.79297895374842,-114.19756710750131
A,I,141.58648849933357,-97.79245983383902
A,H,140.68034595947105,-141.61374092927775
A,W,115.54747059280214,-90.83295736127634
A,D,100.74611124614066,-82.64889445637237
A,T,-42.4255606059544,-60.21647548132269
A,A,-35.773894333964954,-59.733359254661934
A,R,2.1096157331642464,-107.44245563686897
A,G,51.12420560840361,52.521774909218564
A,E,170.67092659952232,-155.45383051546779
A,W,136.79848257716293,-94.90509579857813
A,V,137.8463946610452,-125.10390774588227
A,C,135.43329022935924,-130.20980522419612
A,V,134.2323079399129,-112.64065565853718
A,I,139.6192585669535,-121.60377070755202
A,G,132.9220169521366,-80.46158680734995
A,R,-176.04598879304666,-127.58958774542486
A,L,101.70120643257334,-75.60516423142205
A,R,26.833903029961757,64.08472351112688
A,Y,163.3060156465135,-167.61296242521655
A,A,140.2327370715957,-121.35251640923262
A,A,146.35478535297855,-106.1735321720916
A,F,146.86702159546542,-121.7505834297912
A,Y,150.23068249876698,-141.0026129569791
A,T,160.15370832855288,-124.10524123474552
A,S,148.2178643308917,-164.25982823964998
A,P,-15.338099489569519,-96.18427760249982
A,N,6.1930869898592675,-130.45617189761123
A,L,-4.363808031440304,73.14833688105027
A,R,-40.036461554605324,-111.82337795567389
A,D,105.77027746231117,-99.61627024542503
A,W,138.45240226294598,-105.24366075440767
A,T,124.93903552618673,-111.00385411983667
A,L,136.4930680442314,-68.24800163187922
A,R,-158.78317122112702,-116.5675337685668
A,R,136.47654654640476,-87.37912457327036
A,N,162.35625127188595,-65.65206883341322
A,F,119.85820719926893,-110.61164918277996
A,D,149.14412937474216,-110.21065548824757
A,Y,145.5230546698442,-132.23152469416956
A,P,-32.17139535500609,-69.66068143329446
A,N,80.25941386086399,-99.86959751759039
A,H,-11.817519888888095,-61.71585600535995
A,A,-4.11777463961853,-71.23138054626664
A,L,-33.61600786446394,-74.39014139628073
A,G,172.6737939040059,132.3657144738011
A,G,20.38838258747675,-109.51380930547309
A,I,94.27447756345872,72.47765868219726
A,E,153.89534490682271,-128.96462164282607
A,C,55.79078130194909,43.45400620457318
A,P,151.35331884411931,-66.05093685016267
A,D,146.54471964720403,-122.29972767614596
A,L,123.45116337966128,-147.22132427155884
A,F,170.70729229330638,-163.27234157286537
A,E,137.53339805044862,-117.72807283090715
A,I,145.99623547801033,-143.86096530635209
A,T,128.81409561746162,-96.76246648447467
A,A,178.00412213255404,-76.21634825308531
A,D,-8.733856696980826,-71.03703270539604
A,D,7.841915417570845,-103.59588900349894
A,G,-2.906028131850996,85.32746299555117
A,T,149.78531890757313,-82.54883665817724
A,R,146.97953611138723,-100.0120358667121
A,H,152.49360943369646,-145.35566404213546
A,W,157.56016555030996,-98.39709411289645
A,V,127.4278060483096,-140.7125193522643
A,L,125.42358839213107,-116.05043019722741
A,A,178.18811552010723,-137.93253117344264
A,A,159.18573129979,-173.98259607457604
A,S,135.10443527533894,-83.55048412340007
A,M,-168.64509217048482,-123.54726957488094
A,D,75.19137290065298,-157.34720756574018
A,A,26.245050136794543,-100.21208846835137
A,Y,-34.178067993499276,-58.96066758063203
A,G,-27.10969191104332,-60.93518341058279
A,I,34.62021697087864,-112.68717114848559
A,G,15.697814286118248,64.97455033019217
A,L,167.72350322668018,-108.64911148925555
A,P,167.94554032406816,-60.641180043018366
A,M,43.30783299177167,-120.6984607694606
A,T,-111.79520979670326,-117.70756126026528
A,Y,119.63414751586646,-124.44451706921471
A,A,145.60933225622495,-115.06815109349274
A,Y,150.5311931770104,-138.68085277245044
A,W,118.28036355227971,-118.9395951501847
A,T,153.93693785921405,-77.08843730507871
A,G,-148.72530841939133,174.189810881745
A,T,143.9124037343169,-144.12865360461274
A,W,123.22211825952675,-112.75404665375801
A,D,7.127236734612172,-104.02061728390557
A,G,-15.003876285928822,102.30652233936826
A,E,-45.727120254727495,-120.7078138619378
A,Q,159.14100723839826,-150.81809119706088
A,F,126.25077760541228,-96.82463421764167
A,H,106.02310117358665,-102.7657680266154
A,A,132.68444413185404,-75.11030934393347
A,D,-32.77385294169357,-61.299641933027885
A,D,132.32790878846313,-149.3373518644879
A,L,-15.209446509117837,-71.30766187255134
A,T,114.77205840494085,-88.81622091803622
A,P,162.8795324784814,-75.79160460165916
A,Q,163.0056999331921,-101.21018286548667
A,W,148.11172720109286,-117.74718135610388
A,L,-12.340369734986114,-102.05312750626427
A,D,136.9010161258989,-156.27211758312464
A,W,10.444407678864259,-108.75823807839843
A,G,-179.5831706561216,-89.57083339252222
A,W,-33.72840240344632,-77.72948294552673
A,D,89.21951620384513,-122.08642109443373
A,W,69.7744066119193,-157.02636987034194
A,Y,153.7563672418127,-103.68993973596353
A,A,39.02357643062729,53.24378941142881
A,A,148.36136584075712,-60.41205943723913
A,V,148.04663852187082,-135.28207902656183
A,T,155.84095525715557,-123.99177423978944
A,W,149.81146582465666,-152.52957425890682
A,P,139.18986371536107,-66.63415629048541
A,S,162.45256572037354,-73.83714621944686
A,I,-48.184401636896986,-71.2657413544666
A,D,-23.48603542433492,-68.03456543597949
A,A,73.46852025558667,-160.86034836363538
A,P,-31.54459349474255,-58.016386621812664
A,E,-21.302224402225658,-84.62458008731201
A,T,-28.561244019145665,-115.25034156287559
A,K,125.51426637922509,-119.94015910270855
A,R,153.4780398339092,-115.79336839398229
A,L,156.10961776548888,-106.40995303852606
A,A,144.83032339576235,-149.6346846554672
A,I,153.2605833493779,-145.43201512061714
A,A,159.665562294918,-142.90494170529033
A,W,127.97288843200457,-76.23712864618692
A,M,77.00508175869098,-89.76419148224396
A,N,173.11905519479353,-157.7334203262449
A,N,130.48398849553365,-145.16757839041662
A,W,-11.748838002773516,-60.68469783917981
A,K,-23.13334292099153,-64.62510759535235
A,Y,7.394056735723098,-149.6408964036152
A,A,-39.12429199271519,-55.71157538872989
A,A,80.88759635596973,-75.18641101886554
A,R,167.90029883197457,-170.10961112910957
A,D,146.53157747284746,-86.6767327681963
A,V,160.16771225382095,-117.11882849622097
A,P,-45.238679251098894,-47.37889542528529
A,T,-24.178580388945047,-59.62425042803495
A,D,-54.238850394461394,-57.742832067893126
A,A,-38.07938835969848,-69.54823605496952
A,S,-32.34031229085244,-81.47499530559213
A,D,2.1648823118188414,-137.21154331337812
A,G,27.73087975343527,69.06885060231414
A,Y,156.13620295336958,-141.4364105442235
A,N,116.36006374952754,-134.45162410296123
A,G,143.24027546379915,108.10625155758014
A,Q,159.45713546482742,-140.73932703570338
A,N,165.48662579740386,-94.1337615130837
A,S,175.94569263224372,-77.22082268807397
A,I,153.8398150245013,-71.69730796144114
A,V,137.10085962229775,-80.93622536904924
A,R,159.7725075631858,-119.57853312155008
A,E,141.40456604643882,-104.72992030667191
A,L,146.815246766701,-125.399650598181
A,R,151.804684510865,-148.9510173185949
A,L,119.75112349565995,-101.9302154699667
A,A,134.07813325316866,-109.11092938886759
A,R,144.39603665541642,-71.71832178823531
A,Q,154.6384617624439,-119.70662481200006
A,P,139.53771511583176,-56.29025263169177
A,G,-13.646791317246993,102.96445578855275
A,G,9.328467200857869,94.8789527491041
A,W,166.5625878051711,-101.15620017250819
A,Y,149.25529757675721,-128.20545555156815
A,T,149.4918287995692,-140.1140300829604
A,L,146.1351242739433,-84.56518506777674
A,L,143.7838966562422,-121.1360797833217
A,S,145.5564853977757,-117.3016010824652
A,T,142.55105520280327,-154.75846994085748
A,P,142.66151205044343,-55.93590119323417
A,V,130.3084233545473,-52.65326264040085
A,A,-37.68111421614453,-53.5649279933488
A,A,-20.833957999944396,-55.578372754850875
A,L,-28.89365023969371,-56.25149967059463
A,T,-27.374035162005068,-57.75010600864085
A,N,-3.642917393861462,-73.70420200022728
A,Y,9.40591528833449,-110.78121066170199
A,V,117.82174951429676,-78.39458647449152
A,T,-13.096096782237495,-97.46336576745507
A,A,145.64089897103446,-162.6768521641018
A,T,116.52423010897284,-129.2675346538555
A,T,124.1783556699583,-113.44585183990236
A,T,143.62940648421923,-106.60155437915815
A,L,143.56932411566353,-121.11845052007568
A,P,144.1646834594611,-56.27298091548082
A,D,156.21941824638662,-60.789757959001435
A,R,149.72131697720087,-160.13991099820686
A,T,135.7413703591759,-103.4842340386148
A,V,139.43090272233414,-134.10847391950426
A,D,99.58604075268343,-128.5369056761725
A,G,-98.7007309295874,119.09168596055244
A,S,155.03792183392554,-161.06012778445552
A,A,140.24781645777614,-151.20980493523027
A,V,129.58968054324066,-95.83201440977847
A,L,143.40865039881692,-78.53154403347195
A,P,63.21733678575199,-80.2678025213566
A,W,145.06078629703148,-158.7826875548537
A,N,147.91515678122454,-141.17187381300056
A,G,168.84067435326472,177.4032094314173
A,R,-18.404303178664033,-120.0790442719647
A,A,104.70442472978806,-137.27835123084722
A,Y,178.3912309624687,-165.62848371407526
A,E,130.0103750075234,-126.30517110849111
A,I,131.4095402726833,-122.65489563393693
A,E,146.31408484730227,-119.92037020696033
A,L,163.73785628789167,-170.48941442117587
A,D,146.77198219142053,-119.61717275886224
A,I,135.16658393686026,-131.26996085464762
A,A,138.58498767092914,-134.97546361438964
A,W,-175.10042388942614,-150.41087929616174
A,D,-76.85157364201487,-133.82213440044916
A,T,-15.680654911721744,-88.00158196347343
A,A,134.90508148035556,-52.09996661640049
A,T,-3.1668884679688967,-97.5735494621972
A,N,128.10872727062835,-163.1719177237527
A,V,151.22251867621213,-138.73911300443248
A,G,-176.64475221502926,179.7817208701292
A,I,141.8658746659524,-134.79443206116537
A,S,127.75191971016424,-112.14750993819287
A,V,163.6617168702351,-114.18941245642847
A,G,32.109310904747815,62.95976044637013
A,R,122.48687907354069,-76.93188095223113
A,S,141.8573662963708,-80.87230708403663
A,P,-17.266283037898322,-59.89935238083127
A,D,-6.612864624638671,-78.65547869757691
A,G,-0.816317793490228,80.43938427512103
A,T,-24.902960940693404,-87.3362756293999
A,R,141.67038564951142,-116.778284728166
A,H,158.25303882520504,173.40480370073533
A,T,125.9092296623327,-116.75386401938337
A,N,130.18420740874626,-97.33338301905196
A,I,115.3254467529644,-126.37664410590757
A,G,-170.45752937149925,-158.03147786103875
A,K,129.03384557663927,-119.91401095770624
A,Y,125.49952297349067,-149.97110963562008
A,G,-123.26732551176013,59.437289156230484
A,A,20.638442223868303,-104.98009993902565
A,D,139.53790427319524,-118.85111678330344
A,L,100.14281213234558,-110.55906859673786
A,Y,160.27700568463163,-102.07473847657702
A,V,110.55727350502318,-133.94119518920326
A,D,104.57567766020955,-108.41679020200678
A,R,3.381079107763575,-91.48284601908121
A,G,-50.312292462654575,-49.9802279620676
A,P,-0.9568426922857652,-65.56338558925441
A,S,0.03473565232433088,-107.30961792248002
A,D,132.65141846988632,-50.999942636297035
A,L,130.48584064071923,-107.44551075924063
A,A,123.92382316989531,-51.17156424304722
A,G,-2.497574720909127,90.94385864083365
A,Y,20.92418032751109,-149.0705637048512
A,S,137.64770681426413,-48.680259705592015
A,L,0.5960511825072756,-96.8739647598173
A,A,147.87995948000878,-56.1685184071629
A,P,5.8395072121939,-86.86151580296738
A,Y,74.60921944815848,-82.13048997355732
A,S,-47.24798305008151,-104.73358555342617
A,R,107.85222042757839,-101.69240999055937
A,A,157.95374971632577,-97.69654529352948
A,A,142.22879946912968,-156.566868078781
A,A,149.69664233044432,-110.81520815181193
A,P,143.46671224653366,-72.32496618170336
A,I,145.35038252294157,-146.22560432160867
A,D,119.07688434074389,-55.221703175821766
A,P,-21.009142819171593,-57.48652880896889
A,G,-3.7913270510903043,-86.89800324013801
A,A,136.572547505633,-61.29210354895572
A,R,13.923302102495738,-121.95894669920591
A,S,161.29117801829295,-161.5636085709031
A,V,150.3368762250914,-162.46091098172647
A,H,134.2638685734173,-111.15788241905685
A,L,138.83136640457934,-128.47460571384522
A,R,111.02005262374533,-127.42114305855995
A,I,123.65370318861717,-115.50083155616178
A,L,117.17879343366087,-98.78331019288777
A,V,128.2858125686224,-111.57994888029859
A,D,177.85443174134727,-132.43704941281817
A,T,-25.551573536889077,-58.94401057178539
A,Q,25.15078938452788,-133.39568015805273
A,S,164.33633019201028,-163.0630736991062
A,V,124.08558314499837,-143.48705437150542
A,E,119.9633552247114,-125.90724955521996
A,V,115.30117799455971,-108.30107689417676
A,F,113.44070372140376,-99.78891577163415
A,V,132.91516357574386,-89.18733481502015
A,N,-119.50612602800358,46.0367246249316
A,A,15.996009700023027,-87.46061906083284
A,G,16.03582954589049,82.6099316954677
A,H,-30.421618657228567,-74.76041389321146
A,T,136.40082922907354,-122.37018089933427
A,V,145.92370015414494,-137.03218486097427
A,L,115.37336957637173,-130.6243796879233
A,S,130.96329275790364,-114.86570066604202
A,Q,146.0235672465657,-151.70023250207063
A,Q,142.49573525714658,-87.3464998088556
A,V,133.2300275053195,-134.42607232669258
A,H,80.57271677150635,-91.48876782755576
A,F,148.08576123928626,-70.07551285922013
A,A,163.82201264047424,-95.59809981008854
A,E,-43.27679334782802,-48.36099103383652
A,G,2.2481116384199367,-85.96426849461575
A,D,79.67652037262002,-78.57482405553927
A,T,-16.420135665145416,-121.23647849497449
A,G,174.58876942147668,-77.25831275202337
A,I,135.53124809074802,-142.36008823891837
A,S,159.7063061410298,-136.61577983850177
A,L,146.39314142554556,-115.25371794887762
A,Y,156.49255406860533,-150.01293128034726
A,T,158.81964694116886,-146.19061625099746
A,D,122.33379139887802,-138.65511004692908
A,G,15.770369479779578,88.31337796523395
A,G,162.9186969521378,150.8273384218398
A,P,158.81881526026254,-80.01306170763405
A,A,149.08572079384317,-137.37219063833493
A,H,117.70885815610399,-101.99577900202256
A,F,114.24262688267105,-100.94796638283927
A,T,168.970619884533,-128.94044911186168
A,G,36.247326572349586,57.097549288324664
A,I,115.83377276519975,-76.37265068129946
A,V,130.98910391681204,-137.10922069756262
A,V,121.01900593318219,-115.68708922169544
A,R,107.69763606072395,-108.9244557817749
A,E,139.6653587781793,-69.46078054146581
A,I,133.190714324087,-118.82852984789412
A,G,153.51505943998183,-112.30629462041266
A,Q,-175.62893595772852,-69.01354873908194
B,V,-45.13493689860267,-76.03189149948474
B,Y,32.75903160320291,-131.12006840434643
B,H,141.58831510383453,-124.25305419206293
B,M,133.55831020852773,-65.52870326617925
B,T,146.2162714095407,-137.26526436867638
B,P,145.40530147097328,-80.28529766293647
B,P,-37.20369407109871,-46.98854812401606
B,S,162.66288669175853,-165.23105377106572
B,G,-164.22486975554702,85.16976288677598
B,W,118.58192297024637,-96.90896566353885
B,L,142.59164158428504,-92.18756660228172
B,C,-160.4316545853061,-143.48122807104733
B,N,119.94126971026432,-30.84253624834218
B,P,155.7032418617289,-77.88074130800041
B,Q,140.05400722028187,-115.73883093702734
B,R,119.8653357044187,-48.07834427890594
B,P,148.9468180550171,-64.01584112441157
B,V,158.96632354417375,-111.89127637908707
B,T,108.67343565530996,-105.29054112669878
B,T,156.7382578152535,-142.774874470122
B,H,43.480972498661174,48.58022613732175
B,G,30.924553302488274,57.897065675993446
B,A,173.52972475066605,-157.2429788128519
B,Y,123.63131443740113,-95.92863503917978
B,Q,102.33967673947029,-96.93077577094309
B,L,137.0298233650777,-91.24919936634235
B,Y,158.99543394826182,-118.36515180954933
B,Y,146.55655803227182,-161.7455833027302
B,L,137.92770487377308,-65.2337016364027
B,H,138.79864985993842,-147.63644042211487
B,S,156.5487850365527,-130.94196899011317
B,D,-28.00214236753436,-81.20452543493738
B,Q,141.63755571337995,-109.03585425409243
B,N,124.8663241606045,-59.52396939650272
B,N,24.03469893494477,62.33705622975503
B,G,-177.9785773333829,-101.81856665129834
B,P,145.8207019706782,-67.87548037292227
B,G,-156.83280797563327,-157.91210201063393
B,G,-154.65567654188348,-151.84822304908946
B,W,123.72776125236227,-98.34612658683233
B,D,164.81777571163715,-103.96389491959769
B,H,142.61106119986525,-124.46059654139766
B,A,139.8081000320018,-147.13455983874428
B,S,148.57195172080753,-108.78645670991241
B,T,136.23411948736884,-151.34310273908045
B,T,-23.83390068161794,-100.86184428962605
B,D,-4.592919832158617,-118.46338008240653
B,G,7.262583786032733,84.77032771221333
B,V,-57.86692280402082,-118.56716770505798
B,A,130.9206930214659,-91.76404493322215
B,F,141.68231941271995,-115.29601373984917
B,T,114.89800934784324,-111.89171751558922
B,H,136.11007445583445,-83.01100603024169
B,H,2.0851249284646283,-116.55305223885435
B,G,-166.6511274241196,86.69143136573327
B,T,141.55511433305153,-71.60960421299036
B,V,-27.187172701459833,-125.18996837167684
B,M,81.02868214782693,-135.77427118573465
B,P,154.45015097925813,-62.14141135066114
B,L,146.97508455446908,-72.02671750485914
B,R,155.4889038207303,-132.71755408487158
B,P,119.01428006135525,-39.44532688156173
B,D,28.469664132763825,52.37006733310856
B,F,73.2768096676932,-147.4412083269359
B,P,167.8974492171134,-75.21713379364995
B,V,121.88651730193614,-116.01648484881592
B,W,-165.58235357470195,-101.77554216842779
B,S,158.99924840696656,-65.73799062791329
B,G,-137.32066996091473,-173.39037494413714
B,S,167.43554668349196,-167.5373160857451
B,A,148.90800260859393,-140.41447654681448
B,V,158.2021735076114,-133.59421916383016
B,V,112.10917226499657,-95.25383015614544
B,D,69.61622208708654,-81.89059098415696
B,T,-45.31020819920558,-49.08923154943757
B,A,6.641933432895634,-86.94574203590525
B,N,48.85998804202619,52.46703475761403
B,T,-25.248201189363655,-73.24886814509489
B,A,-23.454771806815266,-83.05590060965235
B,G,7.806101529913144,91.04813038472622
B,F,4.428186056759895,-95.18133374826068
B,G,143.6777873028938,116.43227418143361
B,A,129.24439401964364,-63.852296307734406
B,G,2.061601449271239,85.09546578112626
B,A,145.8424450624273,-65.6003627146589
B,V,113.43019141368623,-95.16031502151986
B,V,128.9719032567382,-109.46662869825217
B,A,150.84821398220262,-122.50369807488947
B,L,130.06871807969583,-123.91229649992624
B,A,145.56651106940208,-141.9872801430875
B,T,132.58626290212726,-81.7600841200015
B,Q,140.37063482157464,-140.26336967874832
B,P,95.69849114323392,-79.1445624393838
B,T,132.83565873316505,-52.58201201438776
B,D,13.494375054272624,61.454382328550835
B,G,13.38241933143245,73.72684543599111
B,V,122.09589329502053,-93.52791703417772
B,R,-45.175986250882836,-59.92035180820289
B,K,0.43992793067376434,-69.35782839509173
B,Y,6.934044062779319,-108.4415129557974
B,Q,124.3432147785025,-53.736732327484034
B,E,177.84153845651628,-147.35130220362862
B,Q,116.41093238939801,-97.16050130471336
B,Y,145.38763910445581,-101.32913469835322
B,L,140.4926739265573,-100.5898873760573
B,Y,150.66683317694932,-130.9584565645414
B,W,152.1671214412941,-141.6833807448571
B,S,141.4615356874626,-132.07135887761464
B,T,6.850737420639018,-114.96729558391866
B,D,38.21533330872982,-120.78191113298956
B,G,21.701909633712532,72.7481346895793
B,G,21.482510682413817,88.43042050027198
B,F,-27.43545075167944,-96.3584209747229
B,T,138.26486569585705,-138.51507235299607
B,F,149.2669592357752,-125.93429363614639
B,T,143.03587891420023,-113.75843713987811
B,A,138.59973779258047,-90.6462583395277
B,L,113.55591753744366,-93.47381999613351
B,P,-43.51390319997761,-47.442497148361795
B,D,133.39893444380408,-101.2535783388528
B,P,132.86564434975253,-54.74075013685692
B,V,-22.525968626823826,-80.51219001553295
B,I,104.42798723215822,-134.30931095925814
B,V,136.8861420240908,-84.55155615931652
B,N,78.49652843597816,-81.82348686785456
B,T,-45.92387331359762,-65.0335182421395
B,D,-24.640325135503417,-62.70706646550885
B,G,-25.575125965331697,-66.02252602113332
B,R,-37.706007125458854,-77.96641215341177
B,A,6.688231702129869,-97.58642647101692
B,A,121.47280986123963,-78.28301278697275
B,T,-27.442883731729285,-123.83372569604839
B,T,144.51682312507575,-82.50858455782169
B,P,-29.05933233468455,-50.69350600286251
B,A,-49.49758638828979,-76.13740019897733
B,E,-45.309513221267565,-58.301158661513455
B,I,-48.07828164381234,-60.071110416694005
B,E,-41.22620148534535,-56.13771005340124
B,N,-45.75151504619014,-65.83787038291466
B,A,-19.43002438825643,-64.46606369484255
B,E,16.309348049813764,-91.78506393384845
B,W,83.5419815295193,-142.44169316312383
B,F,68.52675468062776,-152.20316037597067
B,R,178.76016804726063,-139.18630027142933
B,D,61.4899596815053,59.263519847728
B,P,129.99084038774717,-71.11104113234951
B,K,120.42895344993424,-113.34407995428114
B,I,138.1759835945338,-96.79967981043909
B,H,138.1901844030485,-141.29612624950946
B,W,114.08595234926845,-89.06478527680223
B,D,101.90310345636053,-81.93961861968458
B,T,-48.36791862937129,-62.75374816624487
B,A,-36.92904605172343,-55.99152632584957
B,R,-3.985563874670203,-101.59954335290277
B,G,47.185808822290184,55.45224918160677
B,E,167.06178898945248,-153.9102517343647
B,W,140.66413908606552,-89.74872811189056
B,V,141.44169953801065,-126.76314352159966
B,C,132.63375047692927,-134.53053420047172
B,V,134.2873583496203,-109.62022201747054
B,I,135.68111789467702,-121.56816493649765
B,G,134.21409314837013,-77.34260966887042
B,R,177.67970738854987,-134.55989927290216
B,L,105.88061404508667,-64.98406095736694
B,R,25.613386429347887,59.357218424562525
B,Y,167.05664094950865,-167.1921099925158
B,A,139.06457321807036,-126.12151900605299
B,A,146.79134918156467,-104.67473641665175
B,F,146.50017947398143,-122.52553296618308
B,Y,145.7828502282717,-141.1169985895579
B,T,156.71919207832502,-119.53361688818212
B,S,147.2097189604575,-164.35272382994765
B,P,-17.13507420965723,-91.68320042956367
B,N,6.729552420175771,-133.36813194338845
B,L,-1.184315024262189,74.20529905953885
B,R,-43.296932656902776,-112.84282826706175
B,D,105.74926178076802,-98.22718153184702
B,W,138.46370941798773,-106.51030427307646
B,T,122.2764993212064,-111.20434429646197
B,L,133.2945266405882,-65.63698929455957
B,R,-161.95603882557685,-115.06105530520931
B,R,134.76068727438698,-79.26660548942604
B,N,161.28461138320475,-69.35027950474648
B,F,123.80448400371611,-114.28763337347964
B,D,153.58341406516706,-118.4360439757089
B,Y,144.0498416053328,-133.953773796388
B,P,-51.39248179157233,-53.320258310696985
B,N,91.67266161847034,-91.49543904341463
B,H,-15.193779565364544,-71.28701713568367
B,A,2.9467770861692713,-73.15144137135188
B,L,-31.500583383133957,-81.20299215379221
B,G,156.2243587047995,133.22292470967776
B,G,25.259774300621718,-98.25727318708019
B,I,95.0594191399759,68.24897919777578
B,E,152.53359199050965,-129.43608174139308
B,C,55.90824280695642,45.34526118839305
B,P,154.77230642938807,-63.282182455150796
B,D,144.66735477794333,-125.89068842020683
B,L,123.45308097194247,-148.0600134634566
B,F,169.52909869877863,-162.4932965667358
B,E,141.76929866843088,-116.70731301586304
B,I,149.962698404924,-147.00718362300205
B,T,132.47411384162214,-100.10589023775918
B,A,174.57910500853356,-79.98835280420188
B,D,-2.8431928569689955,-69.30124084850817
B,D,5.622124993882594,-108.72915170296699
B,G,-4.669013144986179,88.00134012263608
B,T,146.86788922597367,-81.80257113245278
B,R,144.4599399446799,-94.08100111734645
B,H,153.85474445870773,-147.680007644491
B,W,151.4645333030151,-102.93104259408629
B,V,130.44375615836447,-133.27833546224312
B,L,127.02317662029066,-117.12383137296716
B,A,176.6976283220801,-140.8757317923488
B,A,161.0447302755715,-174.8771728447264
B,S,133.32874172976372,-81.79963709809051
B,M,-173.57695706890868,-122.96939523598768
B,D,82.20411521110337,-152.3742292061984
B,A,23.71790118148912,-106.02412153830376
B,Y,-35.711774467672576,-57.55769933021985
B,G,-31.570444188910745,-59.695760680337585
B,I,27.862980700243423,-107.74223448373172
B,G,20.579890579238707,66.58618376072745
B,L,171.3032453916422,-110.06150276001922
B,P,162.31815482261567,-63.007503729693504
B,M,42.248347836007724,-116.54382139787612
B,T,-112.2360667183656,-117.68486330045152
B,Y,123.7860873504546,-126.20015651653199
B,A,145.88307141290537,-119.54144570252986
B,Y,155.3566838130536,-136.45563297731806
B,W,113.29508949759413,-122.11489640060167
B,T,150.4522418322149,-72.66787080200426
B,G,-149.51279733265886,179.49526754262607
B,T,145.6564674144333,-141.45589630305892
B,W,122.06405906765984,-116.84100174421741
B,D,18.672666849283186,-103.56183461821448
B,G,-11.275154317384562,90.53162826224852
B,E,-32.38537549518213,-130.6431931940179
B,Q,152.44029110408223,-152.25548904187218
B,F,125.73398282119422,-100.45506388816214
B,H,111.99191664754133,-104.62021627258454
B,A,137.80978982622992,-80.86790526870445
B,D,-29.59506730931596,-66.23092034805642
B,D,132.5993902655547,-150.36478112436072
B,L,-9.292296925886689,-74.53658635328465
B,T,110.57403597028753,-98.42260557329703
B,P,164.78188779772628,-69.5414339775823
B,Q,157.69361244300543,-106.2506756225356
B,W,144.2068598569699,-107.47232013693046
B,L,-8.640174087359828,-99.77887187938697
B,D,140.60219650835992,-161.08827580076345
B,W,5.624788046824843,-112.30991654727855
B,G,-176.40673087868134,-79.99118055946671
B,W,-34.10608866667728,-81.49655127045607
B,D,88.3564743092886,-124.57744773702484
B,W,70.07309237192723,-154.70689871294073
B,Y,155.1364070686767,-108.04226491252057
B,A,37.62815997997823,54.44585161172549
B,A,146.24931382562607,-64.83872228589259
B,V,151.96363668850498,-131.44876479763118
B,T,152.59195325838246,-126.67115559296697
B,W,153.7058983048891,-147.62909310641237
B,P,138.6740768892198,-67.6808585081065
B,S,155.5559344706229,-75.7832769400291
B,I,-45.02149782327049,-66.8941467534167
B,D,-24.165416692855462,-74.98140518587722
B,A,64.68296516542391,-152.16120854809358
B,P,-36.59958773592116,-50.23156753661533
B,E,-27.761952575166273,-80.8092622622189
B,T,-18.38878777316258,-114.88331014310707
B,K,118.16370927854287,-127.96368304939904
B,R,161.78218079946012,-110.79738982441314
B,L,154.62930046485124,-115.378650138684
B,A,148.5232597072559,-143.73381812972607
B,I,153.32406251056693,-149.57326032213626
B,A,164.318529256389,-145.18484731100972
B,W,126.54125248940348,-80.27531540341937
B,M,76.52426534249855,-88.26116090094244
B,N,170.89527389292195,-156.51901572285743
B,N,131.07453102240652,-142.91847111597426
B,W,-10.60095147597594,-64.3117920726871
B,K,-10.624986392388946,-71.14280175872936
B,Y,5.6825738653016025,-157.00181799124056
B,A,-37.635400258721454,-60.42935752503631
B,A,77.02439201654394,-73.75223332059481
B,R,173.86745248854848,-167.7610004554979
B,D,141.79834853458803,-90.22538329416432
B,V,155.36863323113553,-114.67972545979363
B,P,-36.712104687619835,-47.298996450911076
B,T,-15.057546795753115,-69.0128276895293
B,D,-52.512188693039576,-67.64891057091161
B,A,-38.09637533878694,-71.38436624432802
B,S,-40.897166160685366,-78.30956624888869
B,D,6.7288328465433915,-132.1311247748044
B,G,25.843378686848773,68.94679131630429
B,Y,157.56490058773412,-143.64894422450539
B,N,117.89448509493512,-134.5037645711525
B,G,142.7476811329097,109.33819046918926
B,Q,159.64883502346746,-144.08809852147226
B,N,166.70455009693796,-95.40017528939283
B,S,173.37867294358907,-81.07263165959709
B,I,157.68318199889393,-68.76808169770594
B,V,136.59346542721158,-84.19840778870949
B,R,157.36851887485858,-119.00043190606418
B,E,140.88676059518764,-101.3767726778261
B,L,144.32383100244834,-122.87228308477592
B,R,148.49478909866153,-145.1699811401107
B,L,123.5843862799857,-99.12633531738946
B,A,134.99843970645733,-114.5940018268713
B,R,142.5056954320453,-69.47413412260903
B,Q,154.92359491735195,-121.78670512541997
B,P,136.3375498477731,-55.42808039499523
B,G,-6.061588202097066,103.64187343925524
B,G,11.012402956804632,85.21664972474755
B,W,171.3256618431457,-97.33779803935255
B,Y,147.09949658326664,-131.3872217746344
B,T,151.23603933178626,-139.72550909770044
B,L,151.04703810562467,-86.52161452850271
B,L,136.97828768628386,-126.71824709779821
B,S,149.7556314182276,-112.38117188029905
B,T,142.14528352134192,-158.45464529548423
B,P,143.7358403501948,-57.62860152819535
B,V,134.74204539213022,-49.28991732244069
B,A,-38.160097045139096,-59.81887665867925
B,A,-19.47272684696216,-56.98107695434986
B,L,-24.03187269412913,-56.11493735998792
B,T,-27.74615189487657,-61.782026806116974
B,N,-5.9328037676073375,-74.59156211090819
B,Y,3.3385763833151416,-105.33288058509113
B,V,126.70951687590802,-71.24495642737116
B,T,-9.933902849198345,-105.95036544517009
B,A,143.33824437565838,-167.84235129261378
B,T,118.1246254317762,-124.89479585155662
B,T,124.50191380518143,-118.69005351897948
B,T,143.6987637511574,-107.47958499839493
B,L,140.97096496732826,-123.16080487955654
B,P,142.02883160517064,-48.40733552029004
B,D,154.13427347693604,-60.17045460686267
B,R,153.00011250323993,-159.09925392874348
B,T,132.46388161132995,-110.6960904078644
B,V,143.69555451665184,-130.5349235398975
B,D,93.97015208662386,-132.5612972317423
B,G,-96.72857675942367,125.77580673234372
B,S,163.25248836421903,-158.572200884502
B,A,131.5690595552258,-163.48178296096503
B,V,134.27544658435082,-87.64812765695534
B,L,141.632619319199,-85.53136886974531
B,P,63.09553308385311,-75.88050714769575
B,W,143.79732921810992,-158.82532951459103
B,N,142.8889553143295,-142.12342736728783
B,G,171.83851834845092,-178.96681057239257
B,R,-15.839718976989182,-125.37527578236666
B,A,103.53643208331879,-138.16047481991677
B,Y,175.92680768069897,-165.5298698135625
B,E,132.13600620960065,-125.03306576945965
B,I,130.23155805418915,-126.11578143476432
B,E,145.9079361253265,-117.05365650927273
B,L,165.97359156532104,-168.23588583428622
B,D,146.80072938896984,-121.80252505950232
B,I,135.60471464279846,-132.42065384937322
B,A,139.54024038393155,-134.76008494811953
B,W,-173.66759104184345,-150.12610803549865
B,D,-83.40171205615972,-135.62482756978085
B,T,-18.751617469627988,-82.75615314342224
B,A,134.90701089806055,-47.537788076217645
B,T,-12.19604086593884,-99.28995445290967
B,N,131.2414640988439,-150.58926016654553
B,V,154.9494267608843,-140.7360669514003
B,G,-174.8670649093923,172.6392035591668
B,I,140.55212595372285,-138.5835832652202
B,S,133.71186206457875,-107.27657372292974
B,V,163.696524778133,-116.9062653338006
B,G,39.44750479466017,58.14232185703835
B,R,126.72753455734662,-84.09189598415892
B,S,143.33556315790872,-83.60294358937301
B,P,-19.53851872527475,-60.489422606417286
B,D,-10.511108228622065,-74.955890926917
B,G,6.5639473118770955,79.26580682749065
B,T,-21.936772841750525,-91.50575888958998
B,R,141.14567273101855,-118.22169052113269
B,H,155.18179145484254,173.90896630872135
B,T,124.7763050740538,-114.7505414122115
B,N,136.56671548958732,-94.35394311791353
B,I,116.23725885020505,-130.06855807469822
B,G,-170.07881641811022,-159.8450604863925
B,K,124.53601961498997,-123.66060202021399
B,Y,122.41592753374945,-145.25175662349614
B,G,-125.91599216022725,60.9211188902216
B,A,18.131157454471353,-101.2441825703186
B,D,135.98380500229266,-112.86066560693463
B,L,101.27111432954862,-111.44939175381857
B,Y,158.29596765576804,-104.05813204633263
B,V,111.74605773787725,-131.56798826660102
B,D,104.88593841492685,-110.56452267645933
B,R,2.326126317141476,-92.3066766261062
B,G,-51.1619559515769,-48.261284850448114
B,P,1.0602429232994293,-66.31491167026107
B,S,2.8341827332199605,-108.6096031656494
B,D,137.1152230254579,-52.07996757641333
B,L,128.92600119007312,-111.00281521582457
B,A,122.88348619368757,-51.14998788442002
B,G,-2.173814131094111,89.75423220769163
B,Y,18.34786212265929,-147.70278804993524
B,S,139.20459062344952,-48.048334355368375
B,L,-7.932911866612982,-99.23433321167288
B,A,150.02980935553614,-52.77307957754307
B,P,13.829162533720499,-85.39882219547162
B,Y,79.72739924259538,-92.90105421389042
B,S,-46.465125049626195,-111.72981774812192
B,R,102.06654494979011,-99.65514667745693
B,A,156.0148824841822,-91.43306553423987
B,A,135.41517447962934,-154.3088357184923
B,A,152.35813621572927,-108.24279947849425
B,P,143.69764345632476,-76.40028056436152
B,I,148.54978039183973,-145.41894858226692
B,D,116.07209805140322,-58.02006075634403
B,P,-26.64440995994742,-55.062219312964395
B,G,-10.767924144162418,-78.48033161345404
B,A,135.86671984311943,-55.48271185325798
B,R,9.243633852935437,-121.23902721211624
B,S,157.73399243550762,-157.08418372506662
B,V,150.07227578211,-157.9849084642614
B,H,137.52011677777844,-111.06156814968766
B,L,137.39767337707892,-131.2825135030145
B,R,111.52953742440292,-126.46588487095536
B,I,120.64001143492446,-118.54176716884551
B,L,118.24232724315237,-97.61677906734761
B,V,130.65191680756163,-113.87724635297253
B,D,172.48634776190696,-135.65037461535994
B,T,-20.63741425071137,-55.463606867518685
B,Q,23.172159671889425,-136.5208416617877
B,S,164.93271275441998,-165.14575232740637
B,V,128.22381579486338,-145.54563965569218
B,E,122.86316331596781,-128.77039467558643
B,V,117.19274782366269,-111.96549734208578
B,F,112.76123583381911,-102.30857158319677
B,V,138.64792065978796,-88.69124815721445
B,N,-118.83436132976867,42.68310084681493
B,A,14.690428659385532,-87.33397939770457
B,G,15.188644202910359,82.64769559596907
B,H,-31.61691507653502,-71.4192029936772
B,T,135.54312548284722,-121.74576136216356
B,V,147.59754628789315,-135.27162067941597
B,L,118.08537624313139,-130.97711399995939
B,S,135.82757037970202,-117.8766224554311
B,Q,147.27401823408437,-162.37706393476057
B,Q,153.85032009543207,-82.7973698206601
B,V,128.3571960999862,-146.0555309712751
B,H,80.2721649394721,-88.56295929902268
B,F,146.86869476139069,-71.89824545283004
B,A,167.46021907451018,-92.35126576011241
B,E,-32.186091538694164,-56.5161897636251
B,G,1.9835417860268425,-90.77299929873786
B,D,82.90890363901079,-81.86019958513201
B,T,-9.653897499312746,-125.53595313641117
B,G,175.02903783825488,-81.4473617282801
B,I,136.61937320348034,-142.2477870881156
B,S,156.83844189361116,-138.7491023364261
B,L,150.62609621179277,-113.94709544356549
B,Y,153.26320288468224,-153.9491855236851
B,T,165.41254184063047,-139.19811407207175
B,D,119.22341436355168,-143.41771836592974
B,G,18.95271077818886,84.215656102435
B,G,160.10333821136282,151.0971820468281
B,P,157.68386962818522,-73.9967791915181
B,A,145.07806595093547,-140.2949480164767
B,H,117.00011523054982,-99.96686097287714
B,F,115.73356973088904,-100.46479054419355
B,T,167.28220523764875,-132.70926828123262
B,G,35.66397784165047,60.79518713470826
B,I,116.16587910435673,-77.14195140488698
B,V,132.5633250645328,-138.15567643292584
B,V,119.32784165671264,-119.50908303848098
B,R,111.4909664784843,-107.46943368855197
B,E,138.43049168418213,-72.64014426573839
B,I,139.64009115217243,-115.90165338261596
B,G,136.2352620949224,-146.11951943319053
B,Q,148.38838323985223,-56.44560525665266
C,V,-41.23463633204444,-73.00503473253116
C,Y,28.9607888236064,-134.14240461374587
C,H,143.52868526426366,-120.32846605892773
C,M,135.03191215696515,-70.19687530822137
C,T,150.8876687196333,-139.86538971487536
C,P,145.13403253520622,-73.9375312515384
C,P,-35.04903929279567,-48.31955151629088
C,S,164.0966655143201,-165.76486668708333
C,G,-164.82927036760358,81.87168738970166
C,W,124.33840487418342,-95.29202442235018
C,L,141.9967902077268,-101.02521639293641
C,C,-158.61570918254355,-141.98451729291813
C,N,122.08989082031876,-32.32849715734671
C,P,156.38176848500632,-80.13273617088224
C,Q,139.04467008271223,-112.972443787253
C,R,121.64542284582292,-47.026139239329176
C,P,160.1155237900812,-73.98829305951024
C,V,158.80988791964788,-116.99053339883132
C,T,113.31336531207675,-104.93945548943101
C,T,158.69585498625642,-147.6982929765794
C,H,43.191414767195695,49.030921146356775
C,G,3.152934808269823,63.57309191118736
C,A,173.01383423560122,-131.95484194177195
C,Y,129.72990675720794,-91.7328487240159
C,Q,104.31136009638863,-100.42070617915297
C,L,139.41479814692474,-94.17474503684183
C,Y,160.84905866727655,-119.28600846318764
C,Y,149.800821509,-161.40727642500323
C,L,134.48512593602325,-70.41068044933607
C,H,137.4000161434518,-140.86435199143463
C,S,151.3596928829477,-131.3611187915021
C,D,-31.2517852174424,-73.69672494750014
C,Q,146.31359667373178,-112.90061971173832
C,N,124.59452717232952,-59.09805052364301
C,N,27.00313467972456,60.00235319450451
C,G,-178.4463028240584,-100.83793042650046
C,P,141.08056752024285,-66.3785517875069
C,G,-155.86029601457003,-156.02516643254714
C,G,-160.0158342284482,-153.71971637808338
C,W,127.61883987955565,-95.07021640469983
C,D,166.06298322944906,-106.48026151029352
C,H,143.99864080490138,-126.45580710452563
C,A,138.56610012788144,-148.76910633356454
C,S,147.4172846568745,-107.61626316423258
C,T,136.22232196655426,-147.31698341994758
C,T,-27.566773384932887,-102.39124516950619
C,D,-8.948534408686921,-110.97052643149189
C,G,8.628468314633388,87.0404967145831
C,V,-57.12500659255709,-118.6653234159127
C,A,137.41819857487963,-94.26414519933336
C,F,142.77897092698575,-119.78791917469924
C,T,114.69402189658584,-110.52702365333315
C,H,135.05910902615406,-81.49589898767142
C,H,5.658978499050069,-116.61967069690445
C,G,-168.17052869896364,84.83134524080296
C,T,143.27076761996108,-71.30603287769941
C,V,-29.80706707562616,-125.79235894734501
C,M,82.62522522387351,-133.354828369931
C,P,156.0231962840668,-60.26779112439587
C,L,151.8545019422441,-75.46160901353467
C,R,150.08987897766772,-135.2377183513547
C,P,115.24499573550054,-38.310990392767685
C,D,31.23828924747447,52.545707818277045
C,F,70.91119908561545,-148.23083396823674
C,P,164.85188791076175,-78.14902386991382
C,V,116.57224489664478,-111.51719291999034
C,W,-162.9492531271857,-91.43104710132577
C,S,159.58253425589376,-71.78067075840057
C,G,-140.18016547967122,-171.99900320756956
C,S,161.20420818596747,-168.09732033395028
C,A,161.1179999052993,-128.1887729969127
C,V,150.33269950301496,-147.428607551154
C,V,112.27173709554202,-88.62483790421365
C,D,73.19571836986387,-87.19658151626376
C,T,-36.22518890001971,-59.92760463932037
C,A,0.13176913297533618,-85.8442259479533
C,N,48.25985130073085,56.0148952707934
C,T,-20.047803502397937,-74.1760841325704
C,A,-20.031442556023897,-90.07219878550703
C,G,18.7427671101219,85.84361997391768
C,F,-0.6483443018857599,-103.29633075847987
C,G,143.29948700898058,116.20607147358139
C,A,133.03924418785994,-61.83430673863584
C,G,-6.7891327350125295,86.38213891399053
C,A,143.74602982272776,-61.09010777457041
C,V,116.09433916787918,-94.70133200672036
C,V,129.47451300803854,-110.73940010245329
C,A,150.91759190720344,-124.1233005798988
C,L,131.54511530264193,-122.11798452954798
C,A,143.7867568718542,-140.66971995119758
C,T,143.75411240464283,-79.27911580141364
C,Q,137.7417003990979,-149.18276560545917
C,P,94.56337713290343,-81.3910959275539
C,T,136.37163179784318,-53.13931859520016
C,D,10.434133746964987,60.26103176234165
C,G,6.90939147288349,77.31314026495801
C,V,118.1069074211261,-89.93495965924382
C,R,-38.33822395312099,-56.809193022256544
C,K,-1.3161877698730835,-74.36394513643678
C,Y,10.655791301610483,-108.45344834990489
C,Q,125.71046459784677,-56.452836390108594
C,E,175.84114563112857,-146.43943693895068
C,Q,118.57353716915034,-95.3534096709917
C,Y,145.2493404033864,-104.8205221854213
C,L,138.11609268276672,-103.1562429261955
C,Y,148.5748475100372,-127.00951453615575
C,W,149.26262125159428,-139.6709005255741
C,S,140.44475568854074,-130.5430712231453
C,T,7.394637399497039,-113.38627216235024
C,D,27.444621769245003,-116.32418513689143
C,G,21.795655075845687,82.32220264866883
C,G,28.54602159695826,85.93444136092397
C,F,-32.27814256016204,-103.13087647623362
C,T,136.2421908483462,-132.81494795399965
C,F,149.51666096110173,-125.35989205815247
C,T,142.07143876878368,-118.00504042498861
C,A,138.64355221646818,-95.33995846853882
C,L,118.93528521211195,-87.4877862953924
C,P,-55.197348407402245,-46.40939070966164
C,D,132.8658554750436,-91.2912817304015
C,P,141.3320256934593,-58.48499807678178
C,V,-14.597459196709469,-86.89388901565519
C,I,98.05662591067816,-137.1709542070284
C,V,143.15171384390482,-78.96862977387411
C,N,78.13251122286458,-93.99219467967704
C,T,-27.069772405506967,-71.29881434686418
C,D,-34.615260420605416,-58.190903515639505
C,G,-36.855210547022644,-63.306022994770274
C,R,-5.951029950320039,-78.19817909161951
C,A,-11.489447795116313,-112.46681111341374
C,A,126.59193018737318,-62.393411887744044
C,T,-63.58737960847977,-120.6448806001245
C,T,166.18129487603417,-66.63822042567739
C,P,-39.17961504081643,-62.13158589140211
C,A,-43.906814829468736,-64.32836064067507
C,E,-46.708251932771525,-63.057657913373916
C,I,-45.11277698348441,-62.098417736149834
C,E,-42.822806928501976,-57.348656365695255
C,N,-37.59081243722535,-67.39047321797537
C,A,-21.9547993101681,-71.775748046516
C,E,13.894793978098091,-86.49104340359371
C,W,86.25239705962036,-144.03992182762914
C,F,76.44543072027155,-156.2550438436755
C,R,176.75169607077513,-150.42984951400183
C,D,58.880352259268605,63.093921302128116
C,P,125.92974670908748,-67.34360398969604
C,K,120.78283182602748,-110.67852192310846
C,I,134.5022183992188,-100.17188069064183
C,H,139.2292669205289,-135.7720255279634
C,W,118.89426973899073,-91.88470063932073
C,D,101.0753797923127,-89.20344750736432
C,T,-37.79389466635107,-62.99675833951323
C,A,-35.87812807021646,-56.69502533245326
C,R,3.655605843140829,-113.08009004647658
C,G,46.26384708101126,54.678308141654284
C,E,166.91540836856583,-152.78364796571677
C,W,141.54702820922904,-91.56271455197032
C,V,131.23174966581036,-128.1257638558585
C,C,133.1275160386014,-121.20955934960546
C,V,132.0985242745822,-110.00857544331701
C,I,139.41332423072194,-121.52221547765662
C,G,136.73002068975958,-84.31347695176494
C,R,-177.90348837517382,-134.7886098284501
C,L,101.89527685019469,-68.6819450069179
C,R,27.391047682873747,62.855083816817576
C,Y,164.8196111359589,-168.86198015717886
C,A,139.06287122125795,-121.3815211418798
C,A,149.089538021912,-105.39158163769734
C,F,143.86810659740166,-126.07136109066015
C,Y,151.11425482241873,-136.8932666024841
C,T,154.91396696247895,-125.35508144321972
C,S,146.47603795365424,-160.79359415966798
C,P,-15.015893034553661,-91.32344743831487
C,N,15.061546169118701,-136.96515663228502
C,L,1.7201138111991454,65.916885556477
C,R,-39.491165447092655,-116.87992911969683
C,D,107.56613878967744,-101.76543148422722
C,W,145.38934159473402,-109.53363105489487
C,T,126.7739571219168,-120.4706290635134
C,L,139.2971444125758,-65.49610937100176
C,R,-159.19622671870383,-119.9063315288326
C,R,141.5733542446571,-85.50699602133056
C,N,161.5630229988921,-73.019105340349
C,F,122.66310139418219,-110.24092953822202
C,D,154.0067094695062,-115.38218657372774
C,Y,141.43214536373134,-135.93733373307506
C,P,-37.1972467379003,-59.674363537188974
C,N,89.53736727778946,-93.96807609256308
C,H,-16.26352048152887,-71.81403085107009
C,A,0.12902357823559318,-70.32357045606425
C,L,-19.60850229939193,-81.68895352440599
C,G,153.06148160201462,106.63888078569624
C,G,-171.4123245905442,-65.74144763080868
C,I,112.7888807702821,-111.42078411781866
C,E,147.39480111962789,-122.06216589655926
C,C,55.23442341690639,45.9394340621877
C,P,158.18047144990828,-59.50166597456556
C,D,142.49222785595546,-131.93815205350202
C,L,116.58441522165229,-147.93879084654154
C,F,172.6128445891381,-152.08025550654793
C,E,146.83527065799672,-114.8970829249428
C,I,148.14967248619004,-155.17738931283367
C,T,128.32459913829408,-101.19940377367004
C,A,170.370783665278,-71.70553364325018
C,D,-18.427799564734016,-65.44246508895891
C,D,6.3537282080798665,-93.90659129961998
C,G,-5.827370420830359,87.58715351814868
C,T,147.94283063484352,-75.92259827643876
C,R,140.50653086937533,-98.09366956836821
C,H,166.4132380155174,-143.32775617724124
C,W,156.4011533475188,-118.4758280962745
C,V,129.4082747556668,-136.05413631294132
C,L,129.65762085581426,-115.33640195895188
C,A,174.92568174724224,-142.4674907161416
C,A,159.4908296931196,-172.85492809350401
C,S,135.72393138405542,-81.32204581858332
C,M,-172.2158543699387,-127.3743222838005
C,D,85.92285022183111,-152.33026133515898
C,A,20.63704661333679,-108.67936171716671
C,Y,-43.146448950211145,-54.32858993618145
C,G,-29.56765841762511,-50.30575288403304
C,I,26.799922928551677,-115.35498466759849
C,G,20.748672617079347,70.89305747424713
C,L,167.6338767721504,-113.88882635049193
C,P,165.56805735986725,-57.29870758851203
C,M,44.28540879225206,-120.3648316063961
C,T,-117.94265181650638,-117.38511145191299
C,Y,115.95289535379858,-120.72857082404278
C,A,148.3846468289779,-107.82350323718218
C,Y,150.17662649956918,-142.27056698973502
C,W,115.46091456873498,-119.4083907544109
C,T,151.57022675903755,-73.61952745716457
C,G,-147.18072939411107,170.374317663018
C,T,148.8711987833518,-148.27585337385239
C,W,123.95665893935121,-108.33831722408557
C,D,16.798389561188568,-102.23455606513205
C,G,-11.729018519228768,88.89819650923229
C,E,-41.72273223002667,-123.01322253090892
C,Q,166.81990033181262,-154.0369422113881
C,F,128.4426591188306,-101.83009995989728
C,H,113.6340579542868,-107.16002980298278
C,A,143.5556287916225,-82.41052421396462
C,D,-35.35806554668301,-68.45842722309706
C,D,132.30516470446648,-145.12068825986714
C,L,-17.410750296013443,-67.75010630527744
C,T,116.83309332132025,-91.57032228720766
C,P,162.30809816240864,-72.21627639363808
C,Q,165.79062143383794,-99.32107346061525
C,W,141.48578365524781,-119.55824940321492
C,L,-17.45648357693104,-91.45285597407624
C,D,139.95749816126457,-152.33520352025636
C,W,8.727020719135869,-111.49864566061464
C,G,-175.16541522686032,-86.32380909883274
C,W,-29.388214848663218,-83.82727245251392
C,D,84.85105855580463,-124.58458110003255
C,W,75.05588712916985,-153.09673076175002
C,Y,154.92460079030633,-110.1147378643683
C,A,39.24262569279054,53.80072971584714
C,A,145.15492278651922,-64.16650340063501
C,V,149.8628141369422,-131.85088172184206
C,T,156.2149177810396,-125.71822192259656
C,W,153.61847250233586,-151.16672618603582
C,P,138.46551482828087,-70.81297930441565
C,S,153.86622382513943,-71.48534272363277
C,I,-37.805968361251566,-69.64660434882445
C,D,-31.803423893926144,-72.42584471189829
C,A,67.87148130296569,-151.50929930027053
C,P,-23.735721294060422,-52.847959535311816
C,E,-16.023042606481088,-95.56604830247873
C,T,-18.09493465064912,-122.2495761745188
C,K,126.92115616820678,-129.11444041268655
C,R,167.40001039210108,-121.6188193733522
C,L,158.28935828205866,-118.29417415396476
C,A,149.13373258977285,-149.88574799020805
C,I,151.4101673025847,-149.43501615360265
C,A,163.56279373712843,-141.4824711245849
C,W,125.98063790421278,-81.0916606142059
C,M,74.95277701742434,-86.58247016027534
C,N,175.24006770680208,-154.836915043894
C,N,130.46371199830597,-148.93132546558576
C,W,-7.460270025281083,-63.19209912393188
C,K,-19.94850883258301,-67.15910753462649
C,Y,6.456929876825308,-154.82047810344736
C,A,-32.15599024175953,-58.26463487458233
C,A,84.63394834344749,-77.67254307563707
C,R,173.48441886665955,-172.98442314372065
C,D,144.80747753404,-90.33342809332123
C,V,160.01392566523242,-118.25360411433893
C,P,-38.348769690559486,-48.62253305681035
C,T,-22.36744209780318,-66.05595897876394
C,D,-49.871040307907315,-60.454692305466615
C,A,-43.307472840973375,-71.4472379300019
C,S,-26.34608853739059,-79.38207143492232
C,D,8.046814646456971,-143.6001599050954
C,G,30.51288565936896,61.257703010737
C,Y,156.0999763981558,-142.82171007474437
C,N,112.71941558859517,-138.01331343176733
C,G,140.28348310221426,117.87829945171521
C,Q,151.7082777598748,-142.5760348312401
C,N,160.20057375336472,-91.83296717292211
C,S,176.2286719480283,-75.0692838606231
C,I,149.99148962927268,-71.6172367589112
C,V,130.0375325084406,-77.67872871423252
C,R,157.62648150195727,-115.25871687703044
C,E,141.86123592380793,-100.2402876045207
C,L,143.00165899823608,-125.27135869206928
C,R,145.76312833760997,-146.3682092658265
C,L,114.2970498568718,-92.57353098228755
C,A,139.46905079075745,-108.35702793328403
C,R,129.97470148301588,-73.77066406400121
C,Q,152.87999537862382,-101.22182187905807
C,P,121.21086148259815,-53.59793393650031
C,G,-21.13212362669742,116.13218801828329
C,G,15.50693362968876,112.72998661101717
C,W,169.63683101026007,-110.54785250603138
C,Y,138.4444970380829,-126.27394433692781
C,T,155.57824514756226,-136.88455903750517
C,L,124.53897165740963,-89.37733183629713
C,L,135.459859149931,-98.29054551995326
C,S,142.5514934862339,-112.05530073639562
C,T,145.34912637627582,-147.95192578301524
C,P,147.39952240312053,-59.10857791061715
C,V,129.69000417378768,-56.38289586354391
C,A,-34.292793885108594,-52.96908637102867
C,A,-17.022878262364568,-60.161379867364644
C,L,-23.69577548254254,-60.3037481831854
C,T,-28.23693044314602,-59.59383814541789
C,N,-11.704920117970634,-73.40711269276724
C,Y,0.41594926946838706,-100.47100945443687
C,V,128.44305368600982,-71.58558198348143
C,T,-17.7667918590193,-104.85794489839343
C,A,137.49712554166456,-161.98818640426703
C,T,114.22273079924706,-119.07479727416258
C,T,124.96899532000083,-112.44051763836406
C,T,142.74855182343447,-106.68548972941295
C,L,139.96938969695285,-119.75189350361576
C,P,146.32729947076908,-60.56640758808737
C,D,158.24843067056403,-54.26331973554474
C,R,151.12357176489633,-163.5217954194111
C,T,129.05201870848506,-108.47534088076168
C,V,145.3353027783155,-124.44410280166808
C,D,89.2935159850125,-135.71864819142888
C,G,-95.43339450728665,126.52328733745931
C,S,150.89050983701384,-163.48540122571043
C,A,139.06068891154814,-148.77117614505175
C,V,136.2777153022544,-91.26026495405353
C,L,141.02942979471754,-84.97852991186102
C,P,54.65148464421513,-74.2679125479862
C,W,149.6182871950589,-150.58674972149367
C,N,142.0808988221991,-145.3575505294734
C,G,167.45167558955438,-177.95718662699522
C,R,-24.05447271713945,-116.02983939444412
C,A,108.4984929804099,-130.8697481329382
C,Y,174.00858607113497,-168.74680302562516
C,E,129.50501728791832,-125.62051969615787
C,I,132.74899694836128,-125.48626945191263
C,E,145.03859263825962,-119.66711458085004
C,L,164.52204340500214,-166.88927130902135
C,D,146.8673857311375,-121.34014468399982
C,I,138.59128611422122,-129.92895214413687
C,A,141.20310612625804,-136.25638938781177
C,W,177.31176722334044,-154.54675695804636
C,D,-84.91491220488479,-127.42824923424939
C,T,-20.42611571030772,-78.67009336418214
C,A,132.80503328417382,-49.51237765002445
C,T,-6.057110167648613,-99.98481725797855
C,N,126.06794830437073,-155.2113902077324
C,V,154.04526708069034,-141.04801782678402
C,G,-169.45354979644918,171.72487851366273
C,I,146.85024635009808,-136.95351736496178
C,S,133.31056161011668,-114.36955192111412
C,V,164.27544230551624,-120.80265621945622
C,G,31.52926673805913,62.575366983157416
C,R,126.83943195830518,-71.1389497710186
C,S,158.13022703990205,-76.95051877731918
C,P,-35.96998873376648,-49.22741492772916
C,D,3.6900135713209754,-91.36271265568766
C,G,9.642105512245168,66.35787019814028
C,T,-25.226346045437595,-79.3274278615428
C,R,137.10358089746424,-110.04793592553904
C,H,163.49646157036102,176.3492559749005
C,T,125.175066117303,-116.6096249166057
C,N,135.00923229661802,-95.67748014039346
C,I,111.16814824691896,-125.67371032703377
C,G,-172.6617446360329,-154.70062904973585
C,K,124.21338050241181,-122.1196030241133
C,Y,120.73369319200917,-147.44418643244344
C,G,-126.06696816794478,61.45356893109579
C,A,17.70870925115407,-100.15126969325064
C,D,143.93866865970782,-115.00599252677395
C,L,93.37987202318833,-116.35861785758438
C,Y,164.41748825820716,-97.03407251486883
C,V,109.29110370393045,-139.2351062179239
C,D,99.3989110527233,-105.67898478056716
C,R,2.1606881098637056,-86.17421729953492
C,G,-56.42350829128823,-47.49198582881473
C,P,-10.83369626537649,-62.324372392793634
C,S,1.8507005185909071,-99.5213617246539
C,D,134.9258089446913,-52.09361304599298
C,L,116.44605308978251,-104.90274948657397
C,A,134.66452761697744,-56.52513974556046
C,G,-19.348718666438973,93.5871845827879
C,Y,41.32337357581129,-139.3039552267144
C,S,142.30152611990675,-65.8570909739315
C,L,2.04517508678142,-106.95665945035223
C,A,147.21608606222642,-57.955878134595714
C,P,14.827252632542665,-89.086814456345
C,Y,78.49856838779036,-88.6388590100493
C,S,-39.9892993160845,-120.17626085596335
C,R,98.42863677962754,-100.67357588693011
C,A,156.9927121733599,-87.70730110739716
C,A,139.63666630541073,-156.81116148952734
C,A,151.049657065263,-112.87738669850933
C,P,143.7952651389159,-72.20316716708074
C,I,145.1316280014361,-148.34431420797426
C,D,116.67048369118334,-54.68048487446939
C,P,-22.710254609579973,-58.570910350538085
C,G,-6.621913207597356,-79.54394164835502
C,A,135.41511635930692,-58.00917702890318
C,R,16.337661029417813,-125.69471080550785
C,S,158.20481259440874,-158.40222426503098
C,V,144.97233498069096,-162.75647958916448
C,H,130.84832609615086,-110.24473024978691
C,L,139.0135602146076,-124.88062828550842
C,R,108.2960607604956,-130.11010683770036
C,I,122.55220201415476,-113.23705117543084
C,L,118.21568461742856,-98.40578589633027
C,V,135.42623100959173,-113.34492298316047
C,D,176.52590989931304,-137.34369414968418
C,T,-34.32736214310588,-51.57193929178374
C,Q,28.486041213512976,-132.75884686818355
C,S,161.01018536073957,-160.71468174952236
C,V,125.88550744705017,-141.18174642287275
C,E,119.52326645065702,-126.62137897164975
C,V,121.63396871968857,-108.82047726852718
C,F,112.4467979115555,-107.51637301240639
C,V,130.42831119179024,-90.97522167532401
C,N,-125.29671699396913,47.48842081477257
C,A,14.283402387318876,-83.46825089472331
C,G,14.665031632149478,89.03303390069222
C,H,-43.48444764854971,-66.75283437586825
C,T,139.21252632420922,-116.31633582535521
C,V,143.9048973571739,-138.74457089163397
C,L,121.04021183723029,-129.92171637681534
C,S,131.96927938194568,-117.51043406912231
C,Q,142.00011300692734,-152.5490332695517
C,Q,144.79657337879485,-84.99346955086295
C,V,125.00174136744643,-139.80120166135598
C,H,77.32854313869832,-84.37186496688987
C,F,145.14731319581622,-65.46842906181614
C,A,168.47941345457977,-93.22903502030675
C,E,-56.08247706774525,-38.101553821598515
C,G,0.9619311815365728,-87.8270513264948
C,D,80.4552074653935,-76.12633495403749
C,T,-0.2226678686959519,-128.91076578003967
C,G,170.30818911354186,-88.73556962047536
C,I,133.36911589123608,-138.93057007730675
C,S,165.01965134381584,-136.27097984036467
C,L,153.57700248454367,-119.18208355045823
C,Y,156.16952671881975,-156.25548687282975
C,T,165.8786910298126,-146.49369952436982
C,D,123.19335734330382,-148.5546538026995
C,G,8.375131238238193,92.97970630222324
C,G,171.538432162614,152.83118764846895
C,P,161.9605109992778,-78.58249392635173
C,A,144.3042936861467,-142.3371214982311
C,H,112.59365584483247,-101.7294934039781
C,F,116.45334254227811,-95.2053517800693
C,T,167.87357184044865,-127.30430633240567
C,G,35.6803614881664,54.62414544658233
C,I,117.40277467595945,-72.77383610141072
C,V,129.5152095002838,-139.8747520746692
C,V,120.59541960326446,-114.13865951760067
C,R,107.41507027979405,-107.25152658202876
C,E,134.99299481360072,-75.88764214497442
C,I,141.5897172606105,-110.44021489382492
C,G,-174.9959223322742,-116.06597707976638
C,Q,-19.82878789483644,-92.65008308158997
D,V,-42.10043411405442,-71.5144629762791
D,Y,28.629035882894904,-134.5567124341786
D,H,142.36660714216328,-119.3526699650991
D,M,136.56012897602133,-68.63803314185016
D,T,150.88008126694808,-140.03434293298164
D,P,145.4318316252639,-77.36758028946915
D,P,-38.64447986146502,-46.59941191950882
D,S,164.11686886281527,-162.41691348147245
D,G,-161.77953401412628,83.91327672634912
D,W,121.5296566325987,-97.87632868572061
D,L,143.8486052317122,-96.80511480259646
D,C,-159.27746048083398,-145.8863994263964
D,N,121.65447683785683,-33.78505894684348
D,P,162.54334454942236,-78.70172966272301
D,Q,141.46639196643912,-119.18078535842321
D,R,125.31086705236906,-47.58629590952113
D,P,151.0769660451214,-69.15938558471308
D,V,155.6683445805496,-114.8631628133846
D,T,113.34262392046682,-104.49094591569585
D,T,159.3107831716177,-147.01739481273145
D,H,39.92339892140286,49.2058439811772
D,G,21.422548965772005,61.63969511862086
D,A,170.3544980496347,-149.08778251877382
D,Y,124.57391931577777,-91.83242831519193
D,Q,107.89950847760362,-96.38926156280554
D,L,139.37023017954903,-98.12179306843385
D,Y,155.97098471034803,-121.42226823207594
D,Y,152.0749694735125,-158.6590870216873
D,L,135.5889758066592,-70.47029955951116
D,H,142.5431432878919,-140.64631370104541
D,S,153.05035114598627,-136.55950128703844
D,D,-28.079292494480253,-78.71573579781028
D,Q,143.63158006271743,-111.56899402279122
D,N,126.36861371914378,-60.25681515959593
D,N,28.855394269248645,58.131742328362755
D,G,174.4548934798778,-100.79259548993622
D,P,144.68225938652785,-65.80590527883008
D,G,-153.67632218902742,-153.76500739897065
D,G,-164.9319959251661,-155.74424205001154
D,W,129.4989858598825,-91.1204805933534
D,D,158.77273535779022,-111.01593360322266
D,H,136.63569006776459,-122.78058455102506
D,A,142.83308065691736,-143.12630720483506
D,S,147.80853999744366,-117.79632313793846
D,T,133.42867229936132,-143.54411432544302
D,T,-30.17067058063622,-93.59926362632606
D,D,-7.87848906915964,-109.03278938568192
D,G,4.27706393584741,86.886597370545
D,V,-55.344349734719515,-114.23255364600121
D,A,137.79338588443755,-95.01988564584498
D,F,146.31631875123546,-121.08122323148594
D,T,118.50397610660629,-114.18735741106406
D,H,134.0491880560948,-85.72344455238377
D,H,-4.287761201415864,-112.37841359691151
D,G,-165.86866079600543,98.05928177529744
D,T,133.8299068836775,-75.45302922424305
D,V,-33.7165007534303,-113.41420785769957
D,M,88.4499277876821,-133.00163580113394
D,P,153.3011018793193,-65.38728966735665
D,L,151.7546622075256,-72.94706119845658
D,R,155.96128069561706,-135.13086298801556
D,P,120.68731807000458,-46.96960747518174
D,D,22.38772623723297,57.858048529434704
D,F,67.9484619383745,-144.8799231879469
D,P,165.71582105054466,-75.85835412306565
D,V,120.43821318349622,-110.69388123201794
D,W,-170.75875662728558,-97.1787716485617
D,S,159.6520467366388,-60.387032374015305
D,G,-137.99779772233572,-175.07680250404684
D,S,163.79509031891232,-168.24565549072494
D,A,147.69245918204143,-134.16348331029977
D,V,154.26024230584434,-134.9799974566929
D,V,117.17200845899848,-93.92999298023801
D,D,71.02872331845069,-86.67119064591589
D,T,-47.26614306856982,-51.76498305186386
D,A,6.791308530321768,-85.33366963342944
D,N,49.99112299478579,53.14745015937506
D,T,-19.194484336021322,-77.79771703906052
D,A,-12.694628597879468,-90.1558409456264
D,G,16.38330262181597,79.32164638960472
D,F,-0.04536929513906813,-100.13871641305947
D,G,145.8779681450424,113.98843354961619
D,A,130.21016569791976,-61.23054311211147
D,G,-1.9357648223589123,84.29803099421265
D,A,146.10476039343635,-65.7029487535519
D,V,118.52049557703378,-92.20146106585331
D,V,130.89302259252693,-110.26447984860256
D,A,147.40561628618445,-126.75253450156146
D,L,133.92454034204454,-120.4719299624672
D,A,141.48810705954702,-144.0741222990531
D,T,138.86843791593253,-78.7761610999188
D,Q,140.45541318427806,-142.6067957936479
D,P,98.32010345945284,-82.3590733579778
D,T,133.13828080836166,-53.552830145578476
D,D,21.882451230270224,58.62106298033334
D,G,14.946912332038242,67.66906366851093
D,V,113.96491034940475,-98.91696650781013
D,R,-41.085742927144764,-52.29822192063447
D,K,-1.3515125282394655,-71.83251567314521
D,Y,15.046513161926725,-113.43449550536364
D,Q,125.16355726007998,-60.15651693965762
D,E,175.93434690370168,-146.5002927910205
D,Q,121.491936296969,-91.72067985181648
D,Y,140.69543241248942,-107.11422211491347
D,L,138.98261082681415,-99.85708365395844
D,Y,147.05630436146558,-130.01597379873604
D,W,150.29626314239607,-141.794999128794
D,S,144.6504814007511,-130.1700287336888
D,T,10.532677720084138,-116.39231381634569
D,D,34.440067195168275,-121.09182367133093
D,G,10.223759968486458,80.99931677197648
D,G,25.471292462302756,96.4869201286323
D,F,-29.789229737240625,-99.16523365958265
D,T,135.12579006449295,-136.69092958028781
D,F,153.0641380785421,-120.06728479546811
D,T,139.11711936476013,-120.19998496675554
D,A,136.725969380471,-95.67389528331785
D,L,116.4444725375844,-87.96453922126314
D,P,-50.31211229487211,-43.50648738099091
D,D,133.18470836367024,-96.33832772216948
D,P,138.34388928020894,-56.25612532253045
D,V,-14.014761632514288,-85.58006210560384
D,I,107.96708658107984,-137.6114706999627
D,V,140.8583477064066,-88.77912415762637
D,N,84.41743796769681,-86.75119962983075
D,T,-29.324315967469378,-70.62357138562776
D,D,-44.97725285325433,-59.075029602376574
D,G,-46.700713815130136,-48.47758804972524
D,R,-21.385360116129483,-69.86516043893084
D,A,-10.303153997661349,-98.00218970810741
D,A,121.93741857173531,-64.99815422830547
D,T,-48.9127702959235,-115.78786422986438
D,T,161.9303539136691,-84.57533207606924
D,P,-36.378885196648454,-57.36668403231947
D,A,-40.842759130497036,-67.96797727986798
D,E,-37.325787080201145,-69.66572720759628
D,I,-40.46293375589484,-65.4452354451073
D,E,-36.484429377310015,-62.709215097276065
D,N,-40.88961931927255,-70.24088334667375
D,A,-19.811259325382963,-71.37484230491552
D,E,14.186459241205931,-86.78325211185444
D,W,89.36884486983064,-142.63576559382273
D,F,79.26901525845871,-157.75271617174565
D,R,179.06866820123145,-153.57562159076159
D,D,52.94381352573487,63.78937459922029
D,P,122.90966159933043,-59.78549768057078
D,K,114.74419012796447,-110.05053906693227
D,I,137.79903003893207,-94.41962712292448
D,H,137.04246848553973,-141.23907630536385
D,W,113.37138279109895,-85.37277090333393
D,D,98.43838787619151,-72.7082766536594
D,T,-39.48305169768487,-56.61474187975285
D,A,-44.29054715339159,-69.30380707337399
D,R,-7.568608743018997,-93.30958793448406
D,G,52.10307328722711,62.05265094756611
D,E,166.5404031278741,-159.62270211713368
D,W,143.13560208415734,-89.18243520342078
D,V,136.23839511265862,-129.00049000669816
D,C,131.71677836382247,-126.67362120175648
D,V,134.3440914174531,-111.10960447116955
D,I,137.34631277673572,-123.45665004697436
D,G,135.93214712848047,-77.2088207354988
D,R,178.62865797211632,-131.37008459199012
D,L,96.33836291919752,-72.06363778679946
D,R,26.207338970449566,69.9684902114482
D,Y,160.2710715407938,-170.46299936528678
D,A,143.23677099651084,-113.4881848923428
D,A,147.33690178993012,-109.39298826439867
D,F,144.99998542294034,-124.8081241655389
D,Y,149.8220326122525,-139.28370578173497
D,T,154.8183815034194,-124.39378991621383
D,S,151.64691034080093,-159.76198923449803
D,P,-16.208742418021913,-96.49876990492216
D,N,7.032807843099369,-133.024997264801
D,L,1.1503991683290349,70.89019188488271
D,R,-39.69557933384366,-112.04362140077171
D,D,110.736609698767,-105.37759752081666
D,W,142.03791130042433,-107.18328122052395
D,T,122.86783161764671,-114.97673033626997
D,L,125.08602142983601,-65.76967759026645
D,R,-161.09600594433874,-106.60462309701732
D,R,139.02888478068328,-86.72899231597827
D,N,155.5299659545214,-66.8259076412014
D,F,118.55862199174791,-105.0244432257576
D,D,151.9683863808893,-110.16297773366279
D,Y,141.8484304663754,-134.6255429873005
D,P,-33.797779505617854,-62.69339069277554
D,N,87.52753734642805,-93.88535074081649
D,H,-13.650627556782677,-70.538435688891
D,A,-16.638463902012266,-68.1961250279442
D,L,-17.513081081531315,-67.62467274429261
D,G,-142.6193598727272,63.13676154242623
D,G,-170.18048712544197,75.935297775923
D,I,61.393948563009296,95.8490547747136
D,E,148.68424645743758,-128.23517084919345
D,C,54.17304041174883,45.44269637388991
D,P,157.66579982214984,-63.70546650262613
D,D,147.6649469560674,-130.74437075649766
D,L,124.39444586857559,-152.1524523047871
D,F,173.44417639798047,-159.37593787236352
D,E,144.14543536445368,-117.36105084490225
D,I,146.57145311615247,-150.95968383826684
D,T,127.18473905261499,-98.4778102846577
D,A,172.20660790657334,-71.13784726924547
D,D,-23.84139171859821,-63.357415995786965
D,D,7.087452751520996,-92.42937952532121
D,G,-7.422912320370305,88.68921325647312
D,T,144.08936433078537,-74.58308342087771
D,R,136.65862930718905,-97.1162773649755
D,H,162.8256482176272,-140.66225186642134
D,W,150.74664809373115,-112.58203144822063
D,V,133.02676153521773,-130.49992424676572
D,L,130.76137144965554,-117.31520230535479
D,A,170.35438683520172,-146.77488620905035
D,A,161.24806263086748,-167.46194352825694
D,S,133.7487502047544,-84.6172420660283
D,M,-175.5491374622827,-122.08779405991048
D,D,79.7589253433462,-148.72256316446405
D,A,25.184644315027498,-104.79081704227258
D,Y,-39.902339643409064,-59.16194596336884
D,G,-25.551266047126077,-55.74927138698566
D,I,32.243383568203036,-114.87368892766987
D,G,27.30939478849549,62.811675726241006
D,L,171.3258750118471,-118.47096385980217
D,P,163.90306303354564,-61.34636576361015
D,M,44.82980611771529,-120.98142052009966
D,T,-115.0326760290711,-120.26638526550306
D,Y,116.68944466005372,-121.20945519888927
D,A,145.83928011724814,-109.03589473604929
D,Y,147.8433641685563,-142.93967501890117
D,W,115.55941073854555,-116.74273006085485
D,T,154.3085476217933,-76.30459650127041
D,G,-145.60510058150857,168.6938854277017
D,T,143.91952385780493,-142.4292668436772
D,W,118.62716956732889,-109.04116245608307
D,D,12.67635390397637,-100.67812685081063
D,G,-19.563705280720328,101.31047207130084
D,E,-22.420508149108613,-131.05360694988403
D,Q,154.33265479630683,-159.85433602130726
D,F,130.4605833259268,-97.03635015111206
D,H,115.72400700464658,-106.5982834132533
D,A,136.44179761937497,-85.53185570110271
D,D,-34.735242992559705,-60.284468407934256
D,D,134.79198977107222,-149.72227284655943
D,L,-15.012981187799351,-70.18655420358786
D,T,113.27173249749082,-90.81135155404715
D,P,165.1817753344855,-70.90103067906905
D,Q,167.69023435695274,-103.60826588834072
D,W,141.1507811656236,-122.35729233977428
D,L,-14.300548954400682,-90.70512178644428
D,D,141.63091482594768,-154.44957860827552
D,W,10.365320544420301,-114.40324483927364
D,G,-170.82812292173506,-88.06341210729396
D,W,-29.80666546143171,-88.92647590525323
D,D,86.55278087880939,-122.22788527817912
D,W,72.50029214324594,-157.04941616266115
D,Y,155.01008203431155,-108.81357483581456
D,A,38.29260319987552,54.11827213593457
D,A,145.14536917888927,-64.99323684126726
D,V,149.8602675826104,-130.15355046524775
D,T,152.2330112144272,-126.15121149519312
D,W,153.90845702424278,-149.88849996892955
D,P,136.92985973500794,-67.91871681709672
D,S,153.46347566815,-71.02960353623047
D,I,-31.845797381170307,-70.8404656383248
D,D,-30.258825364757733,-81.7862285407495
D,A,68.47922406522893,-149.41676004493485
D,P,-36.439480730257856,-51.000112368696584
D,E,-28.804218010702815,-82.66254101350165
D,T,-17.116481458204984,-109.79668378060106
D,K,121.01664374872922,-133.48297140021234
D,R,160.58965360813266,-111.69988535840585
D,L,158.27461157706742,-110.18909509058004
D,A,144.68996794914048,-149.9753248398565
D,I,152.34833675016887,-147.32873339235883
D,A,166.01145649640614,-142.03685965103784
D,W,121.0662386818018,-83.94493908411216
D,M,73.65032270048518,-82.81857244360474
D,N,176.8733642115517,-154.99050762176955
D,N,134.46383234533374,-150.80399951270547
D,W,-10.561004550046889,-66.51621549198283
D,K,-22.44767696389514,-61.320007631574185
D,Y,9.95293366712195,-155.14597066407833
D,A,-32.515955069029935,-61.61872246745034
D,A,83.77834380647276,-76.32610680848757
D,R,172.6688936350863,-171.37730035066315
D,D,144.86326233768628,-89.80932102511146
D,V,163.4081563396179,-120.759529599691
D,P,-38.441248639251725,-50.21262529570349
D,T,-16.120460320873487,-67.19689395585512
D,D,-47.134705407127925,-66.10152679327938
D,A,-36.91595228810134,-73.89584727845686
D,S,-42.314395176944224,-80.74888077765115
D,D,-1.0874232506912243,-128.393874209899
D,G,26.738716315786288,75.23424567784872
D,Y,158.71911784518113,-140.46588077384425
D,N,109.99533173320351,-139.39819328671845
D,G,143.04665675725423,116.90606524853645
D,Q,159.7115383565229,-144.33745645359275
D,N,162.82819575973627,-97.79130643723096
D,S,175.79491166244156,-74.31879713094746
D,I,153.8797863887329,-73.28908661239987
D,V,139.7144331736651,-78.16732618759896
D,R,158.7798814702465,-119.9415814790942
D,E,143.6699615497084,-102.41960998324296
D,L,139.96544884567183,-123.88174519267147
D,R,143.1500217739927,-137.4298850354146
D,L,119.590462788388,-94.09088299998976
D,A,136.59052750097086,-116.70156059670288
D,R,130.2535120165005,-72.23059038135807
D,Q,148.6734142407111,-99.51704069823943
D,P,-67.93514773280424,-25.836174501196638
D,G,-27.993506550115825,-55.498693504758585
D,G,17.410814215571314,127.97810658386908
D,W,172.96905435300442,-106.62907972787956
D,Y,143.16750441407342,-125.76106015300786
D,T,154.5814858849293,-139.28390664967932
D,L,122.42035294938894,-88.83741271375031
D,L,135.2059501105624,-99.31461757341987
D,S,144.56068445337235,-109.73871331748262
D,T,139.4407782875886,-151.78512645600478
D,P,142.4348074961718,-57.328808071422706
D,V,129.14039126520936,-45.72037594844327
D,A,-33.85777583911306,-56.454854755854136
D,A,-12.99687838545149,-62.79287468550927
D,L,-25.62359401180302,-59.50742076248771
D,T,-32.769572733922615,-56.93848358315172
D,N,-10.249379459706336,-67.91031072946157
D,Y,-0.5607415353956373,-105.51886974816975
D,V,125.4879783271758,-70.68382156483715
D,T,-15.067791147641877,-102.05868706378668
D,A,138.21481343548916,-162.3631876845756
D,T,113.64936589419484,-119.29652275665808
D,T,125.75877148509247,-110.54306602188477
D,T,138.12557091982384,-108.82359981466904
D,L,143.54496607617975,-115.4481672916697
D,P,147.7010264346875,-55.532047096939166
D,D,160.2943146893095,-59.170045531418054
D,R,146.40560259518156,-165.79186795321306
D,T,129.94430585569836,-104.02491922388074
D,V,141.11531032617796,-128.6596361131597
D,D,93.01945107715875,-132.36281569141929
D,G,-99.9014780550554,126.36815963738796
D,S,147.5826080600948,-162.2921691811237
D,A,143.51821591924906,-146.72897471530183
D,V,134.59755038521956,-96.03395058587
D,L,147.77468747121728,-82.01121784190076
D,P,53.66222787758193,-79.1024994626829
D,W,147.41727203789162,-150.53437286517863
D,N,142.933199806799,-144.22290886441445
D,G,168.27585018600632,-179.09517627429665
D,R,-28.74556441822867,-114.26724430377861
D,A,107.59232747972068,-129.27750032918038
D,Y,174.35574422955057,-166.8444251654827
D,E,131.3136136066325,-125.1686486288738
D,I,131.84916364846518,-126.02085571180669
D,E,144.55197927512117,-118.65404909765105
D,L,159.7456334598767,-166.7569282348559
D,D,143.35508977309038,-118.01829455260047
D,I,135.40181736972204,-127.9952514655068
D,A,137.6789849052898,-135.8148920543761
D,W,-176.18039591436826,-150.44202312448215
D,D,-74.72349966113579,-135.6388365985759
D,T,-15.830104851865611,-87.88528887347462
D,A,139.0131606678046,-53.92667996030694
D,T,-10.936626403416875,-101.57652213481757
D,N,128.3740541622258,-155.66241904910603
D,V,147.61304896183233,-139.50797059048477
D,G,-170.9201397888549,-179.6526552374414
D,I,142.87371236069396,-137.60703298333408
D,S,129.82512149025388,-112.59801983289023
D,V,165.00221394606754,-117.26801011936942
D,G,30.34361723995984,62.37511802292396
D,R,127.44386295963035,-70.61177089579702
D,S,159.05368456173778,-76.66145347410874
D,P,-46.25824464405056,-47.183216137895705
D,D,-4.538538498020245,-81.1770189944811
D,G,12.18486180213681,71.63359067212929
D,T,-23.737233187172908,-81.35228843747714
D,R,141.5659085816841,-109.34812361221647
D,H,161.35712303897336,169.80027180314033
D,T,127.13248449488263,-115.05592397381994
D,N,134.1403394336521,-98.26981891386554
D,I,115.65996939388161,-123.13869085933224
D,G,-176.0800931091653,-157.61523956236223
D,K,122.02221432887367,-118.2892838272919
D,Y,125.90090116923025,-143.32112411409753
D,G,-124.55108266777935,53.957291669597865
D,A,23.67545922005372,-101.15255104286366
D,D,137.3161470971754,-119.8343292266522
D,L,101.80876165720076,-111.70330066004097
D,Y,158.67895215355819,-105.40420927536438
D,V,105.27718972931737,-135.08099212357305
D,D,104.3719229358219,-104.70658305475966
D,R,2.443282241860363,-90.16728214299299
D,G,-50.50237392403046,-49.673353861986996
D,P,-2.2720117872008,-67.81678226144915
D,S,2.8311238417021265,-106.12473677151472
D,D,135.0131293216505,-54.981059098518635
D,L,116.81856008481017,-101.80956551826544
D,A,134.71442075824254,-55.87746382983927
D,G,-17.298715267181304,93.92754866152671
D,Y,40.14158585988594,-141.0304816606254
D,S,142.99147765122922,-61.97380062927645
D,L,-0.5106130763338582,-109.63084484971905
D,A,145.3721744885068,-59.52956953278166
D,P,19.168523979834937,-89.66679643227151
D,Y,75.67795342913047,-92.37431124665933
D,S,-53.179271325203864,-110.16359438239157
D,R,99.3298717831568,-96.84843801446684
D,A,153.77781432469558,-85.99792602382406
D,A,137.43401094293768,-152.00743800122726
D,A,149.01514117641995,-110.52642469136556
D,P,142.97298524558192,-70.7777904135899
D,I,144.11494063395463,-148.52458141592285
D,D,117.76141915743571,-51.635584480852316
D,P,-22.836065309095517,-61.3909632239808
D,G,-12.560870474574996,-77.41004449877846
D,A,135.84816338080552,-53.262168715254
D,R,21.756038831564577,-125.85843772024153
D,S,153.4627048455871,-166.18923442860546
D,V,150.1221701111981,-158.81669274292273
D,H,131.96817815354203,-113.08316266337249
D,L,144.72022247272082,-124.85158347239458
D,R,110.26134515880888,-132.2245059573623
D,I,123.80462077257208,-114.97427925339262
D,L,118.64309860894616,-99.24737196503595
D,V,132.2445745382633,-114.20896435030214
D,D,175.38878997955723,-133.4800939157643
D,T,-29.76353301877022,-53.48052954120745
D,Q,26.325491743752593,-133.27365485008556
D,S,159.12977522039736,-162.7976940209996
D,V,128.09819323856655,-139.49324218810045
D,E,119.62439357416109,-128.67763161667665
D,V,119.09499357869986,-108.56470396153419
D,F,114.43186169628001,-104.66070901864566
D,V,133.48044352957905,-95.5036198181289
D,N,-123.8428459144209,45.974686145676685
D,A,10.492643825111514,-84.36398147843869
D,G,12.063955861226468,92.95219675783002
D,H,-39.737884831787255,-65.01525560655308
D,T,139.01107982292825,-121.9205641691403
D,V,145.81329660558245,-138.70901182471718
D,L,119.66820776015587,-130.92061288817317
D,S,132.68185714066152,-119.20948615360406
D,Q,148.36126887884998,-157.2214919271784
D,Q,150.23662074472415,-83.01088477473711
D,V,125.7869292334948,-142.85880708847023
D,H,72.12420263504497,-87.05608256802479
D,F,139.48717646876054,-61.02974569480887
D,A,170.74845364798998,-86.60250847555565
D,E,-57.655812781776596,-41.04543411354988
D,G,5.104000147998646,-90.24420342835639
D,D,83.95854266549543,-74.36381226420654
D,T,-9.219184337708802,-128.7603323130729
D,G,173.24678106154434,-78.25717926475569
D,I,133.8916577692588,-141.4704051673347
D,S,161.9813114208991,-137.76369273718237
D,L,150.45666937932376,-118.68243536880301
D,Y,157.14822298346212,-151.7277390732974
D,T,159.6062175638894,-148.20185537329002
D,D,129.1184616356361,-139.55603692228263
D,G,21.97611500878531,77.38300170022468
D,G,163.6847952034944,147.89189099736635
D,P,160.9027476101156,-82.06077232053717
D,A,146.01847588095686,-141.03516325827167
D,H,115.67405947130027,-98.67860256919849
D,F,115.49493813841649,-98.13503983784882
D,T,167.02000818479888,-129.74145377623952
D,G,38.49464654722399,56.656521698068296
D,I,113.09323163087085,-78.21552694423066
D,V,131.1305146218642,-134.91729603328952
D,V,120.84827380730597,-115.1972326501234
D,R,111.78612275724761,-108.95939472508208
D,E,131.68789681951938,-76.70881301457297
D,I,141.9462771458498,-105.2487698054848
