Chain,AA,PSI,PHI
A,R,-28.46763472984379,-60.83011363516373
A,V,-41.77611229202907,-62.644368341108084
A,Y,-20.246456160862106,-72.27352011426122
A,E,-33.45680601834751,-74.2055775586573
A,A,-33.575980168305364,-85.18023382548665
A,Y,74.72606722963425,-127.6911931385035
A,P,-26.34837133186334,-66.68785307042482
A,E,-39.359086736327846,-48.97752357904105
A,K,-53.92693473849535,-47.92559563899681
A,K,-61.6099701385411,-61.387332148312915
A,A,-50.32197829676854,-44.811048943551455
A,T,-57.73720759079011,-55.55005357427036
A,L,-51.18406678835182,-38.29028396116752
A,Y,-41.67182332481559,-60.065823554919135
A,F,-41.51627179883809,-64.64341989846625
A,L,-69.15638645752357,-61.05955742273892
A,V,-61.24945987244969,-41.23988322168125
A,L,-47.27242503001465,-42.319147670840536
A,G,-51.275120794980246,-63.64239597506314
A,F,-42.648745694513785,-56.66635875482426
A,L,-56.22110176392984,-56.04911672376691
A,A,-35.29478165887452,-47.40076534460654
A,L,-41.901166673240134,-76.37108348625283
A,I,-47.43492635234246,-55.8388049909453
A,V,-39.53851532466805,-71.3998297901692
A,G,-41.706711945470296,-67.30571283477543
A,S,-32.613498415565154,-71.9916261288699
A,L,-41.23355681509073,-34.178689758558555
A,F,-28.838881683583434,-73.27823162953912
A,G,-71.99010043965482,-41.729798109852446
A,P,-39.61383382032386,-43.97646366116186
A,F,-33.63220081981782,-69.31469705294747
A,Q,-33.451590610766864,-71.66872302467668
A,A,-43.18892031772993,-68.21903444418827
A,L,-40.203104846944555,-64.11558690702762
A,N,-48.087359125282134,-55.81336298458303
A,Y,-8.15543267778275,-73.39526966255085
A,G,18.066256009413344,-101.47744224682197
A,N,36.264797711118234,65.66532236201353
A,V,124.58397475754055,-130.46259856803172
A,D,92.54550791355564,-102.5788771386396
A,A,20.192499426684186,-100.13232769231203
A,Y,-26.703900319589806,-78.050865457012
A,P,-48.749458284926064,-54.728885653969996
A,L,-54.03621339712053,-55.03232819187221
A,L,-40.17723660609092,-58.85038925273793
A,K,-39.29830418794175,-62.56780274304893
A,R,-25.54572706832277,-66.88653358359001
A,L,-21.692916658389006,-92.19424643751972
A,L,63.82384962102272,-141.07361576340531
A,P,-10.529131109905471,-57.534103423195155
A,F,-5.105638545888561,-75.69639004395408
A,V,115.12324888916554,-96.19335312032743
A,Q,-21.34519582450256,-102.08144406648891
A,S,152.02561198121606,-153.05494269567174
A,Y,-44.885846515282964,-39.00556041663779
A,Y,-33.67509755286305,-68.67331452169238
A,Q,-44.8838838175016,-66.38940390964702
A,G,-58.834443526118285,-54.18230092451463
A,L,-35.037517519669926,-47.08230622177357
A,T,-50.78548972573379,-69.86481009095289
A,L,-49.65548937229376,-53.02391138251275
A,H,-57.983665263293815,-55.25036096561026
A,G,-60.373103966377386,-57.43350906546351
A,V,-39.20533909094317,-52.261722889263226
A,L,-35.101751653200814,-84.89666978271593
A,N,-50.40769002933298,-88.13204772276353
A,A,-27.489987082510662,-87.75419290331047
A,I,-59.39064180375271,-97.39054518562303
A,V,-64.40370166434383,-70.48174712141714
A,F,-58.372760542522904,-54.87844518387248
A,T,-46.64711841503386,-45.09219114830422
A,Q,-43.81678763807179,-69.07926285905634
A,L,-43.105206353243084,-60.51595201844031
A,F,-51.13121943620611,-57.80792046901877
A,A,-54.04689706684229,-46.16499099244624
A,Q,-44.496647486011234,-60.007839348031396
A,A,-52.79571809261939,-61.958082668877836
A,I,-57.493656287626635,-61.812349531685946
A,M,16.895168605797583,-83.35362671135626
A,V,-68.74947351194882,-114.61104912623288
A,Y,-50.781265700451605,-49.34770597049524
A,L,-60.89257701304824,-53.27528345747322
A,P,-49.94269739139212,-49.615215566629
A,A,-31.76519512372788,-64.05732810887234
A,R,-40.987176682529956,-72.59555321378853
A,E,-43.29205083132496,-61.44962418776878
A,L,-27.586040990254517,-73.55070985766054
A,N,44.327547035473145,63.7823004446498
A,M,159.26248626834203,-126.84820633051383
A,R,127.78684734868946,-91.39553212970428
A,P,147.0910267756661,-57.364147481285904
A,N,102.95987625584225,-56.18090543500377
A,M,-12.72325235972477,-66.07172459532251
A,G,-51.3360121207557,-73.89171647929626
A,L,-45.72547240149511,-68.85130374016713
A,M,-34.01722568369349,-53.62573368812271
A,W,-40.02778110708445,-81.46251894040971
A,L,-51.3990309032882,-49.05141132653603
A,S,-31.911380187410295,-60.06729856199445
A,W,-48.91702256343704,-68.9121550757123
A,W,-41.118328122003454,-60.94786476436523
A,M,-56.9082095743747,-56.184178430582335
A,A,-47.04812272550465,-52.62211548840189
A,F,-54.36290073641679,-70.99389751232594
A,I,-57.01165535021642,-45.964902895051274
A,G,-56.490004656720444,-59.04861188593275
A,L,-59.87350309073713,-38.761910234381546
A,V,-42.27530975139043,-57.08298471852936
A,V,-48.47257203816045,-59.91138930266448
A,F,-39.29864959580198,-63.5566237815182
A,A,-31.842919376838022,-57.354356941594325
A,L,-58.25038234781308,-57.377134882153236
A,P,-25.429856126691487,-68.8181768874147
A,L,-44.45090884883747,-66.56770386615429
A,L,-23.614988987321837,-78.05532980662318
A,A,13.731430362860776,-95.26947331187662
A,N,24.558894030557912,62.00844785345374
A,E,1.9963267535331204,-98.7987282942128
A,A,60.03505540408967,-149.34076461095708
A,T,77.58856861828703,-84.52418299407015
A,V,-9.451077103933917,-122.15926919608427
A,L,163.10587104140566,76.12046205353687
A,Y,9.451699231909657,-74.25293308590794
A,T,-24.32691162977119,-102.3892415430648
A,F,46.299563352040444,38.581712901435836
A,Y,122.49496570895472,-53.21669557466998
A,P,141.3929820733843,-74.70008554820757
A,P,15.642293615727924,-96.70065423587921
A,L,128.31261066027278,-67.43303061201796
A,K,109.19755233267153,-118.2522422413956
A,G,175.09482653395168,-82.81112840887533
A,H,146.91184079704846,-71.24386657968209
A,W,-41.831215169469296,-49.93194179582472
A,A,-38.11036461768351,-57.87457776412983
A,F,-51.25329126957164,-54.302581802066804
A,Y,-42.708848901824155,-70.08053931375507
A,L,-48.916471746558315,-61.374514896709094
A,G,-55.24347752597129,-59.45835687741377
A,A,-52.86284651963967,-48.792319076652085
A,S,-48.276796421259085,-50.12748343778258
A,V,-37.68690712702359,-71.5937816207445
A,F,-60.10728587652477,-53.06352760224622
A,V,-49.463034057313465,-55.69789861420847
A,L,-35.566009018538736,-54.688252502903275
A,S,-43.11339550936911,-37.599789810302674
A,T,-27.83368025744259,-56.36513406404168
A,W,-38.693500480109066,-66.74925778070335
A,V,-37.18862346998096,-58.348116908393315
A,S,-45.43975364058174,-66.69036387071516
A,I,-50.450875061099126,-48.156552663076276
A,Y,-44.999876123728384,-63.87501792151927
A,I,-42.54015271843434,-52.168677357938364
A,V,-46.12063399737238,-80.02866101831185
A,L,-39.129864299662685,-54.77053853979549
A,D,-67.19009611000831,-53.36856490572885
A,L,-62.56209296893197,-38.605696688744715
A,W,-54.172390811488306,-42.85309187298897
A,R,-34.81225182310726,-69.21607246303444
A,R,-41.946462450468644,-59.087033473869454
A,W,-40.17845733695825,-69.2301601232952
A,K,-22.85441680051724,-66.8210791912792
A,A,-61.69572604085421,-75.8139029693569
A,A,-7.019259846676441,-59.63022216862813
A,N,45.74079595375328,-138.69954781970904
A,P,146.73531371086878,-65.46994137695155
A,G,7.048471106947885,76.2119615000643
A,K,150.45689101561229,-99.07625318126935
A,V,158.6045317183489,-71.75075875075389
A,T,131.04288585958196,-66.61290999808466
A,P,151.95926918385967,-52.31141225298679
A,L,-62.8186033645332,-59.779174886085244
A,V,-46.19458624025947,-57.06034796539337
A,T,-42.01939778385355,-60.5072751753619
A,Y,-40.42534416583656,-56.35983349656075
A,M,-48.035337154616236,-64.08047493974094
A,A,-32.53582417696021,-65.17439945035017
A,V,-52.69030577988013,-70.77654364742851
A,V,-40.81688367573175,-62.91154862803288
A,F,-66.00832493350188,-44.55634944590026
A,W,-36.66853050022284,-65.21664180492932
A,L,-59.027441493244126,-58.6221037600725
A,M,-56.337548387369715,-38.144820593776316
A,W,-34.17035589440373,-52.03233203238529
A,F,-60.32986606665261,-64.51506681896149
A,L,-49.41292575126783,-48.636416535975
A,A,-51.27850215848735,-48.21542244513419
A,S,-18.21578659186154,-67.10148307409155
A,L,-39.733125027327176,-64.2846439331916
A,G,-55.77455480686908,-41.135863559935174
A,L,-40.269217846095266,-75.7892020187504
A,V,-36.69929165945127,-66.25052683157436
A,L,-52.52259507872744,-62.39901348471782
A,E,-31.993613613853388,-60.42391370478793
A,A,-41.748888495525726,-73.06034588859603
A,V,-46.99844984480626,-85.18231505909985
A,L,-12.187637658080575,-77.44562943213596
A,F,-64.88725777039538,-142.11180074602964
A,L,-44.49545530541982,-59.18300793713358
A,L,-47.467668450411686,-77.49653519895796
A,P,-40.600562374145284,-56.59777110079698
A,W,-43.7185895698523,-70.20558438712139
A,S,-17.296776597496713,-73.89806746419252
A,F,-10.414612122500195,-91.66556822932779
A,G,11.846500777932677,86.7898039656306
A,L,-16.391433272323106,-70.16799217441454
A,V,151.67806187659514,-145.15062549926785
A,E,-44.49896604074287,-76.09868344885332
A,G,171.5730233222624,-141.75711940452825
A,V,147.70994879715502,-121.2968359822781
A,D,115.76394071718362,-74.46876593429165
A,P,-40.04720646307573,-64.74984064340872
A,L,-44.121508595435856,-64.19523936249398
A,V,-54.73204744174651,-62.21154015486864
A,A,-53.10452696001502,-43.58381947299344
A,R,-42.58833347960521,-60.49071649985793
A,T,-46.96373469644308,-64.66988231651506
A,L,-39.96035653188966,-66.17099130937018
A,F,-47.421649703291706,-61.051242855400304
A,W,-8.032788551518546,-76.77307114318701
A,W,-54.32647239936637,-61.09512575446333
A,T,-37.34906434485728,-75.63617523968885
A,G,-41.48799196850685,-50.59182206848217
A,H,-54.95048631084721,-76.33517066289576
A,P,-31.501660393116417,-57.06632390443277
A,I,-43.266066553644386,-49.01576355989282
A,N,-51.29461989051125,-45.01531131530574
A,Y,-28.47658959635066,-68.67426056004412
A,F,-39.36421428631158,-65.66149535176098
A,W,-41.877028953764324,-64.33526726943148
A,L,-43.5681379486329,-73.58923216250705
A,L,-27.97552183260445,-63.3142050125572
A,P,-48.48897441442348,-56.77853010940913
A,A,-40.00481504350733,-59.665080411010614
A,Y,-38.78539778228026,-64.93998444124117
A,A,-61.33275117910032,-48.63695011306418
A,I,-61.18855428575324,-56.17881150766576
A,I,-49.32879321153923,-37.72705901520848
A,Y,-42.76955909122907,-76.11767811742808
A,T,-3.488768680119941,-112.22391479325557
A,I,-48.99665999825862,-126.45356919100522
A,L,-37.2069826415564,-54.57913587955972
A,P,-38.87409600127854,-59.96663253276783
A,K,-64.48796022428512,-57.18285761397579
A,Q,-3.6711808710968765,-68.88356562227129
A,A,-15.751742919475374,-90.98937537285231
A,G,4.48964415926638,110.15528751910976
A,G,-142.38417117573724,-136.1696954003986
A,K,175.5547333153025,-135.91255608853496
A,L,121.26379864151242,-81.4912768316574
A,V,-34.182034415441876,-66.44125709746054
A,S,125.28491159877468,-146.54942794842543
A,D,-44.69054133809627,-60.97921391264657
A,P,-44.982253199621944,-64.51766824792432
A,M,-39.52169558592623,-52.51439232124872
A,A,-33.72243727370791,-69.68889090915567
A,R,-47.898524258312015,-72.39257694562393
A,L,-52.180214205299016,-49.86432138741506
A,A,-54.07598790301854,-50.43094920939209
A,F,-46.029611146001535,-61.17777625963301
A,L,-53.5140254868686,-54.38281802043383
A,L,-41.338974086399546,-47.8607594949174
A,F,-51.35224479654483,-61.400860954175734
A,L,-39.50520499298439,-47.39481898338906
A,L,-28.753435478239943,-87.80419651136567
A,L,2.1616960270937198,-113.55796870704548
A,S,-22.854744980248306,-77.16084571183049
A,T,-34.466936730291195,-104.03590115094349
A,P,24.39869758769784,-75.33538909595563
A,V,14.69602418245609,-122.7028384777513
A,G,-30.024794026669213,-60.744138009960885
A,F,-20.856190358676766,-62.06331714121677
A,H,-1.7822929493396742,-65.77541469764056
A,H,-12.777867868311144,-105.22761602966068
A,Q,21.608583273003923,-108.9720456950005
A,F,-31.782870351644736,-55.7801891715469
A,A,10.472085549403213,-98.93810329516901
A,D,137.8427476001528,-75.93524814856714
A,P,168.88276908421582,-74.38471341027804
A,G,14.87193884971617,58.41965180513472
A,I,114.91488978013464,-121.74294106726312
A,D,136.9581479680479,-54.92882069759138
A,P,-41.57960775439493,-53.30573185738269
A,T,-28.92132351937106,-58.59703650202005
A,W,-26.479692002415202,-73.15713813152253
A,K,-42.0760481366827,-79.40829086003566
A,M,-33.53151620668234,-59.47055794474959
A,I,-59.2140972473477,-66.28871893104272
A,H,-21.33268251516147,-65.38998069411544
A,S,-52.13864063686967,-64.61567937870856
A,V,-38.57095348543284,-63.08868597475
A,L,-28.031665553167887,-73.8617790615898
A,T,-47.82234017504151,-64.74352568794339
A,L,-27.466725729285333,-58.335508957584864
A,F,-43.11416174677637,-71.59384205163273
A,V,-7.1672426380763286,-70.56130032460834
A,A,-33.560034798043496,-68.47218436938104
A,V,-49.75203323371429,-54.54889384342383
A,P,-44.26578892979979,-53.63270390176285
A,S,-41.41986957929589,-62.07770301347228
A,L,-46.65226144566608,-57.91694190481813
A,M,-61.58421700059056,-53.92019587529462
A,T,-45.109608603810116,-43.5352599109094
A,A,-56.34698832873478,-49.98274963308637
A,F,-43.10223818277615,-63.37914084676657
A,T,-52.0558844309021,-64.71231150760288
A,V,-42.949454079194105,-64.31095019680741
A,A,-40.188036558484065,-62.612834152260895
A,A,-32.53052067668314,-68.33050632469698
A,S,-41.50417758047838,-70.34235474261196
A,L,-39.770903835681175,-66.00715548275
A,E,-39.567153481108924,-64.05575007035573
A,F,-42.72578387318505,-70.77545063531568
A,A,-36.78936381652769,-56.199430777161844
A,G,-42.5633592099408,-69.35919056929255
A,R,-36.99807261011211,-65.52407082200841
A,L,-36.078282093677664,-61.278603350965156
A,R,27.134709218113112,-94.50101084356906
A,G,-8.566195086240594,91.43746160940513
A,G,130.8271810485901,-62.77330024410898
A,R,151.44500388076798,-133.5937634806962
A,G,-146.48788934458508,115.93027286451733
A,L,-28.5092596143736,-115.98055253711229
A,F,-19.931897835383964,-106.85424142155804
A,G,-44.54531899776194,-51.3732931828614
A,W,-22.102284466088747,-63.0607912892497
A,I,-44.77015215211542,-72.58788370928639
A,R,-25.7114945750453,-67.80943210673381
A,A,-22.93627169725326,-69.66156005064323
A,L,155.56565579992832,-71.71929569067211
A,P,73.55835570043868,-79.59979204947247
A,W,-13.715608552757017,-71.64017961288094
A,D,-18.53898629089112,-69.80073327855939
A,N,107.77954288795246,-95.2779214406952
A,P,-38.92319819506396,-56.954149129024465
A,A,-12.547113298761074,-66.31511722362929
A,F,-41.68901243642121,-91.41894281397794
A,V,-46.05236188636943,-70.20182646544953
A,A,-57.98390344755218,-53.95574941834792
A,P,-49.00985470476421,-58.31180564904488
A,V,-27.160227193375384,-59.12927905401033
A,L,-53.29798730566582,-73.74666301445487
A,G,-31.47946711366214,-49.639584768620125
A,L,-33.39412696318822,-69.04074608603081
A,L,-48.909717313247974,-66.80125810554895
A,G,-32.40505395690615,-59.14517799807853
A,F,-23.255785234235656,-63.342843831000415
A,I,-70.86853944368086,-57.87140431841494
A,P,-39.31613153898086,-53.63154633608203
A,G,-57.87573921933677,-56.437874753019045
A,G,-43.28579470351637,-56.44533961304613
A,A,-36.41259227172049,-60.17405965284904
A,G,-40.14260819854691,-58.2129129512804
A,G,-45.80981928756517,-69.74883595710784
A,I,-48.75739062948506,-54.48273377689232
A,V,-56.94340688928831,-48.93702348384114
A,N,-19.195883947386253,-56.73983720881454
A,A,-2.9861364634414573,-90.59200103932139
A,S,26.053907219835484,-97.88367537386638
A,F,-100.48664382593992,72.14124189454222
A,T,-37.765822198738945,-60.85758992679958
A,L,-35.023878292139116,-58.77258369153788
A,D,-29.747139413496082,-49.44696471395124
A,Y,-4.623889617542006,-67.31752853611593
A,V,-37.55739497766904,-84.93330282582414
A,V,-18.6974282159294,-113.72065188986818
A,H,134.95393007973072,-52.77863163980101
A,N,6.146084914503189,62.996823700282654
A,T,174.41778586965077,-102.63199174017889
A,A,-13.639441072916885,-67.47705942380344
A,W,-48.539808888703305,-53.35388772007525
A,V,-56.68373353588376,-48.16193896772811
A,P,-40.002493159394405,-63.76348522613557
A,G,-43.29638602250398,-50.07557194355989
A,H,-64.37886607586188,-61.54758182000103
A,F,-21.358253423641447,-69.86730082026904
A,H,-34.82606540647716,-60.87992057686658
A,L,-16.060978119111454,-70.56396900550007
A,Q,-75.74112259619768,-99.9432879253918
A,V,-41.5753797722966,-69.30326982532792
A,A,-1.032824420585736,-93.06439224144322
A,S,-77.94349582372179,-119.82079778019128
A,L,-43.40898634925904,-57.95203124550026
A,V,-69.07425892881481,-66.86592373161989
A,T,-52.90602436412756,-39.83285202240034
A,L,-36.77195337637076,-58.56515086059524
A,T,-52.49544066716911,-67.92766105449206
A,A,-38.894013702232655,-52.27557292149924
A,M,-55.70432601361816,-65.53176793554042
A,G,-16.70596821546224,-63.80710418450831
A,S,-28.11270578227041,-67.80752712214827
A,L,-33.4561479327754,-46.55775475843891
A,Y,-0.5474661913424835,-93.84838763236125
A,W,-37.464927378131144,-130.23277709270133
A,L,-18.490346720146544,-77.35988054523028
A,L,-47.96184226696982,-87.4864526164166
A,P,-36.67838090052376,-57.59728539647125
A,N,-29.71832257619665,-63.017981648341284
A,L,-18.651878746555376,-99.26051586298432
A,T,-11.994099019560709,-125.51512341132644
A,G,-5.886813642200028,69.1013484343294
A,K,119.4500983667358,-69.64013427691623
A,P,161.70369908377583,-80.56218087148348
A,I,122.306387611723,-110.89077989531465
A,S,171.62326140293774,-69.1422612949767
A,D,-52.15509376068816,-67.66497631207064
A,A,-58.80685507276213,-39.8938288287098
A,Q,-37.503651015086376,-53.293930696369394
A,R,-35.20006641645502,-67.76074367176119
A,R,-32.38198081798687,-71.1580296857008
A,L,-50.24904744753114,-64.26946610342316
A,G,-48.8642712569766,-43.809935240313756
A,L,-50.33993868165009,-58.46723581320208
A,A,-68.71331136775726,-44.46492101678132
A,V,-62.28860069894878,-40.40632821147504
A,V,-53.048463853140916,-54.45335742188858
A,W,-53.11706239990061,-58.725590118038276
A,L,-42.40742503556898,-53.22155339900341
A,W,-47.94915462915781,-65.27341987717529
A,F,-62.38647629594251,-56.03571403135991
A,L,-43.107582948609554,-47.28511522342584
A,G,-41.10153829163863,-64.89245146545211
A,M,-31.936062387883368,-72.9999606904746
A,M,-46.646586521077694,-61.070746646746244
A,I,-44.762164223700964,-65.86932851375815
A,M,-36.69824534377099,-58.61442776472495
A,A,-31.76650706099204,-64.84092214269074
A,V,-50.737393170556444,-73.8127743619323
A,G,-47.47858660465566,-55.02213768763905
A,L,-58.38289586907546,-67.19838527094659
A,H,-52.22966042201944,-46.03822392973713
A,W,-40.15843511381325,-61.6816676790473
A,A,-41.347534004943824,-66.34191944607879
A,G,-31.587531783891315,-62.74737935539284
A,L,-24.236749491308164,-73.56949905128823
A,L,8.025550733016072,-86.59363960453503
A,N,25.109902267507564,77.68386683470715
A,V,127.82552380741909,-77.33623166075871
A,P,142.73520879374925,-67.22100640643806
A,R,166.96449170033782,-72.17700695841208
A,R,36.05547831641925,58.16080156618777
A,A,133.55608270213224,-136.02588550819124
A,Y,63.2778500110869,-75.5264060603161
A,I,-24.008099372509342,-59.80065923112815
A,A,-18.779957278012667,-63.855594264661605
A,Q,-10.880268435822682,-90.27973943965948
A,V,71.2224722988355,-119.59914523258882
A,P,-20.77115744073168,-70.2322544330439
A,D,7.647073594750481,-90.5879748359789
A,A,-28.634743519246246,-77.34280885614103
A,Y,57.31011753881828,-133.58822269207886
A,P,-24.18138868444302,-60.48537380751865
A,H,-10.532239118115625,-69.74718414920717
A,A,41.41575031778208,-115.42911882709893
A,A,-50.051297096488526,-66.47402781067152
A,V,-53.100091683412,-51.47353830031785
A,P,-39.11917611509344,-67.58949986647622
A,M,-32.8490195862325,-47.02717060985162
A,V,-38.271327610395474,-67.16706440712676
A,F,-43.18854530361182,-58.28384772292631
A,N,-49.97965679649137,-60.95179156394562
A,V,-42.781006185286955,-56.49824748153085
A,L,-46.33903085926445,-67.01415681575112
A,A,-40.22130475644661,-60.45009759439497
A,G,-59.921362116035745,-44.88447380713392
A,I,-49.81592393885509,-70.69434801287453
A,V,-50.847333449170584,-44.08312546699868
A,L,-16.887855344873454,-73.04898712126271
A,L,-45.55421527638474,-72.77454442060775
A,V,-56.38555711254827,-56.52085739559296
A,A,-56.91992569183654,-49.912255299794296
A,L,-52.753562282482505,-50.33955220636891
A,L,-53.76324039126323,-50.273234725283736
A,L,-46.36083035262272,-47.69696046315652
A,F,-37.16230804146091,-66.66276776052987
A,I,-59.414075896496335,-62.738960593549024
A,Y,-53.95316182524193,-46.008164137301584
A,G,-53.47394803858888,-63.13670083299592
A,L,-30.601741533636964,-53.5501383662626
A,F,-27.810071864219342,-80.51817314926004
A,S,-43.496656281545555,-55.8596400005038
A,V,-57.149478701698754,-77.36276165061753
A,L,-52.22890077771141,-48.414946405220014
A,L,25.877968115312385,-94.29603875084983
A,S,144.32546167565314,-63.62543092707788
A,R,-13.947776829761995,-88.53553502834698
A,E,138.96987556995563,-118.76476371127143
A,R,160.57728711001891,-118.66423062827876
A,K,91.83541710858569,-145.5438467553437
A,P,-18.298524400011964,-51.29300871572895
A,E,-18.880861528184923,-76.08123173744129
A,L,-51.487731859294534,-72.56756823343264
A,A,-35.91770937886389,-51.14701224737923
A,E,-33.38476338599943,-83.8701007084583
A,A,165.71096032335586,-50.10980452298532
A,P,156.16379911829077,-96.38154853298262
A,L,133.95975806317384,-59.622832108429975
A,P,50.479513095320144,-64.17275106450174
A,F,134.51473603597276,-54.965443672237484
A,A,152.20090813367946,-79.629211110537
A,E,156.8924760979274,-80.89947856431726
A,V,134.18075566685235,-95.73942175777492
A,I,143.50382434977618,-55.6710285429325
A,S,106.97714492334138,-91.88256962148185
A,G,157.9087201006906,-161.64069405632748
A,P,161.9645416213207,-70.69741431035017
A,E,-165.46949188500673,-148.46713541533074
A,D,85.50183424994799,-89.24076095058415
A,R,-38.55154477553837,-54.1327940834128
A,R,-41.40359815996429,-62.36590143692515
A,L,-54.43434383552701,-73.45968891114947
A,V,-52.30222665735626,-40.094216537612375
A,L,-41.23306149936674,-57.60407194314027
A,A,-50.556829499228975,-58.494146276493765
A,M,-11.838727585237432,-71.17708259474992
A,D,-11.157260947803493,-83.66776631593312
A,R,80.10927873052326,-79.02808077625983
A,I,-37.25814960879968,-80.80685862057423
A,G,-46.43768171978982,-52.02614781872133
A,F,-66.39166010708367,-62.399463754169474
A,W,-31.45541346759125,-47.52006177209958
A,F,-42.705431379896105,-62.86293391144007
A,A,-45.58358742691328,-63.42488685786317
A,V,-48.00505723178991,-63.299889921998655
A,A,-45.897583889553026,-46.034480492044736
A,A,-37.48420760733579,-64.55345398628073
A,I,-59.25166007311421,-68.22878636208814
A,L,-27.129913300334362,-36.98987714853612
A,V,-42.5208892123397,-88.75888709937881
A,V,-55.15517291820038,-53.08941315579207
A,L,-45.035015972788514,-60.47056921630201
A,A,-33.15179746001898,-77.4841820625495
A,Y,-19.325045843504977,-104.92566882066852
A,G,-65.23369373254717,-46.69171034633768
A,P,-50.13626063831549,-62.42228282691399
A,T,-46.162732502558114,-53.89553846491966
A,L,-34.72941601677287,-68.07929455184403
A,V,-42.50972425285415,-68.23304053842936
A,Q,-33.84310897531578,-70.24646094198816
A,L,-48.15971063490549,-63.56722648719196
A,F,-38.35263052227778,-62.71527590496596
A,G,-33.08286175032746,-46.61317622179021
A,H,55.83690250733942,-141.34173723997105
A,L,151.05312529550474,-58.65481837909672
A,N,76.60726720924737,-154.3481222626193
A,P,150.97455323598487,-67.64032731917627
A,V,137.93147049398286,-139.03818634989457
A,P,151.12771204490977,-39.584152349993445
A,G,174.431557896688,-91.50345215355904
A,W,134.5954293699864,-151.06445081303198
A,R,106.43672578510422,-106.89314183285676
A,L,50.61654385872583,-111.9590119823931
B,E,-33.30430788160619,-66.12864088110037
B,H,-12.885628769702175,-83.25481128144739
B,K,-58.864717626469115,-85.643585886996
B,A,-47.53891020559732,-39.29650631853525
B,H,-48.31498240761902,-53.295164657473734
B,K,-51.42032269241483,-60.56198621713965
B,A,-41.77822946787652,-63.08970948961987
B,I,-68.45195808246147,-55.8222384549213
B,L,-32.43819331422746,-51.48998618616376
B,A,-43.258640371096035,-64.71886929846059
B,Y,-33.648927522878544,-83.26877217946388
B,E,-42.59290842966171,-47.66535524849866
B,K,-32.43224269082067,-69.73921031549506
B,G,-71.72297265097588,-60.81726857973056
B,W,-48.63836385744883,-36.232562417144756
B,L,-39.651755334892194,-56.712632384934174
B,A,-32.38559865035521,-83.45939383260372
B,F,-40.892912648411176,-58.38942626220227
B,S,-41.21392076141799,-72.79039261241981
B,L,-57.772058568438354,-47.27437417789409
B,A,-58.52730393548311,-46.358301423954906
B,M,-49.464802437564686,-56.7524598642064
B,L,-27.715831389752676,-52.575494736543064
B,F,-47.49987694374866,-81.5138569787693
B,V,-51.7442135453734,-47.0031337436435
B,F,-49.37463626527717,-46.02583228851109
B,I,-44.85600786856834,-57.40792628634188
B,A,-44.43769518985984,-61.694676562536664
B,L,-31.946793991523688,-61.289121479217165
B,I,-44.92354026659464,-79.20810225554537
B,A,-42.18959059261114,-55.22218614814079
B,Y,-46.2830737772992,-53.59398855091512
B,T,-35.258751016764926,-63.15160550117079
B,L,-13.508327599394237,-59.43239477989382
B,A,-12.256034985459623,-106.45109959049353
B,T,179.8504923492518,-102.68836487818017
B,H,-27.419775991567732,-67.02335395399132
B,T,-16.27546056680261,-55.064174799653635
B,A,4.170379938837568,-84.0619857614357
B,G,-23.81977243564259,-72.19879428548185
B,V,-17.550115073643678,-76.79957519643976
B,I,127.98918574738494,-64.0656102229849
B,P,138.13777413596566,-53.588274062134026
B,A,125.63637382982978,-59.67687358408097
B,G,4.553231445047145,-84.82617431225343
B,K,142.7352921910136,-75.87746529761135
B,L,130.45892677004406,-77.19916942670335
B,E,91.54340923833998,-138.84116142623452
B,R,128.69230940613883,-92.82509852145394
B,V,-177.54410309815228,-113.38866958252459
B,D,107.84607517550582,-113.74181391051201
B,P,-22.43555383486145,-53.27652022227262
B,T,-20.145225561352756,-83.52685916862542
B,T,-3.5782718778295552,-122.10537976232324
B,V,-21.65322923130318,-63.06233879282239
B,R,4.50410706653968,-88.72372004247862
B,Q,-37.03015054229748,-119.71228958659466
B,E,163.2764255364176,-134.97448667080678
B,G,-176.10364917604912,82.6267688936595
B,P,0.5782091922870071,-81.48120244341297
B,W,-8.141811406955892,-96.75625574204822
B,A,-9.790161366660671,-80.31322117634774
B,D,87.51135192045214,-148.08563986471572
B,P,-32.090397054816385,-62.68507615688894
B,A,-10.386396667865176,-54.834374688932144
B,Q,13.060373949454526,-124.83279902281926
B,A,-11.655476417366621,-65.0281669594427
B,V,131.68957022715824,-106.55975639739282
B,V,134.90555232491022,-143.84734134417002
B,Q,115.2776926653993,-82.48698548175409
B,T,1.9488838773199544,-109.86299631394235
B,G,172.5431239639998,-150.24297781806837
B,P,-46.003408885033345,-58.99989043110886
B,N,39.603170515445754,-128.8253860493666
B,Q,134.97568063973563,-137.09727285426376
B,Y,128.90495682185144,-125.89347372686923
B,T,135.63318896329258,-94.08448434534372
B,V,127.54009946714724,-124.04877428873905
B,Y,103.52372183351753,-94.05287992592875
B,V,129.26910951163654,-101.12168740794044
B,L,123.93138030135286,-104.73545502146837
B,A,136.8010506025616,-117.7955122136062
B,F,171.59336056294848,-166.45311625003163
B,A,112.48337445242001,-87.52007816983662
B,F,99.77474704087416,-129.04407363884206
B,G,-175.26772356555966,168.28779670076298
B,Y,141.61918503968042,-125.3305755059032
B,Q,138.18334068159726,-119.38078826507049
B,P,172.157409586697,-74.46902538251888
B,N,102.76315457125114,-142.22505217247647
B,P,166.43211087142043,-92.37218083177879
B,I,138.14196727217893,-78.71519899238353
B,E,120.11548866468254,-121.96457018049253
B,V,165.7160356534348,-134.1615063569424
B,P,153.6422377787355,-95.21371065962443
B,Q,157.87766171018382,-73.72308960577335
B,G,-18.103750909232538,77.37834396026794
B,A,133.62022606468358,-85.36887206154452
B,E,119.9692874984881,-68.48549214811466
B,I,126.14286977486879,-107.23580132558756
B,V,95.94558726401361,-111.48951387687966
B,F,124.75900665037106,-81.14351807380872
B,K,98.00948877778963,-123.23033169709844
B,I,145.27932860367096,-105.18269217480928
B,T,169.9508920096483,-153.52336499183284
B,S,147.89612864729034,-124.91063892407924
B,P,-0.14500071081521557,-92.17322575408666
B,D,-112.26847419842188,-136.06546057333838
B,V,177.99286896451034,-92.26204444495187
B,I,151.90815353157936,-77.17831067817606
B,H,155.0663813706695,-142.25678491598984
B,G,158.61441867684871,-83.15552771662617
B,F,73.27936544366074,-134.49571210909133
B,H,113.88967414554587,-98.87989829815828
B,V,111.07972170402847,-91.64102299467463
B,E,118.17582229485434,-70.7048248263074
B,G,9.019592393938423,112.72401826364846
B,T,171.89127502504965,-154.7382142888903
B,N,-1.9655872071373273,-83.89069308960089
B,I,107.31857842039331,-70.33183466933033
B,N,94.60168532936528,-142.810366891582
B,V,145.28116205396643,-131.56097326800284
B,E,145.58484860464242,-82.23905693598964
B,V,108.74189145017233,-123.11265917523954
B,L,132.505128061068,-100.40832844093869
B,P,130.65789817707758,-60.001624775385714
B,G,-9.73396035198533,94.45837951129607
B,E,156.02701599662393,-119.20454577043235
B,V,129.60141190124008,-116.23793173724671
B,S,122.53023329395062,-105.31424517557491
B,T,120.73330131316182,-107.87319643970008
B,V,165.74759020599802,-136.7565241853651
B,R,124.96606798003035,-138.95637315090508
B,Y,157.84640646723645,-137.64152970995178
B,T,110.43020109489984,-123.41800821023337
B,F,119.9717283521403,-68.52844238822838
B,K,-9.800527769017195,-99.29916272422821
B,R,133.31212817518156,-133.34586675678437
B,P,161.06500511764932,-74.39351088626974
B,G,-151.5401635086406,129.64090031255196
B,E,109.21713622921773,-116.23627882029649
B,Y,142.4423343814765,-98.02316077017855
B,R,143.98652215907387,-101.47144700025876
B,I,127.98457779161534,-105.5161576465534
B,I,143.7386270529454,-105.88994050646501
B,C,117.62055422363342,-87.9934726018463
B,N,17.74139312617205,-109.52598768112247
B,Q,129.0505960677003,-123.06188793242015
B,Y,129.08998502050432,-51.19926008663987
B,C,-3.880925766921692,-126.75253683644729
B,G,-172.72391493375372,126.36995750040643
B,L,-31.91545251853217,-50.56376115937397
B,G,12.89223058631829,-93.53231443552436
B,H,-45.41974792101356,-45.53541689253661
B,Q,-13.204168917057922,-80.93595686479321
B,N,23.605862965958263,-114.78262526843028
B,M,107.21202574649097,-101.63883081896464
B,F,143.12280743446004,-136.27631097701484
B,G,-179.88278151575614,-106.06343116856193
B,T,135.41247362235003,-136.32566237806446
B,I,133.02987618078137,-112.4648853428371
B,V,119.43211907618416,-115.97831865135491
B,V,114.9111794608936,-97.06142773516778
B,K,143.9663116563476,-84.16445402083681
C,P,74.25854878013247,-86.1025597071259
C,K,-27.530767154967197,-69.22969311446192
C,G,-58.213157574078934,-61.22452906062745
C,A,-52.34562782872688,-42.506322921382626
C,L,-40.100945428256146,-61.051577874131866
C,A,-42.866661102033255,-54.60481131358108
C,V,-55.924152404188426,-62.42325919994572
C,I,-26.9366971506428,-61.34244668847959
C,L,-58.90960606707471,-58.6674046191052
C,V,-45.63614815667485,-50.33830533019041
C,L,-54.08004571764822,-57.68787792284423
C,T,-58.71465330258272,-50.58306077125703
C,L,-45.57252618809543,-49.0198244542168
C,T,-63.84861980929169,-62.59216752891125
C,I,-48.57162221446879,-38.097355787090585
C,L,-41.82117997097572,-69.4297779800127
C,V,-44.90324630212549,-65.43215828407446
C,F,-49.94243084289061,-56.23550648740618
C,W,-45.76995090994295,-72.03050133928907
C,L,-33.179529300621674,-64.99758052120933
C,G,-58.41607420444425,-59.86581278014698
C,V,-33.67428285690093,-68.4506531169102
C,Y,-41.74347982403012,-58.75058984633842
C,A,-55.3885260669481,-59.79387318639744
C,V,-45.46597582030802,-54.469804092406555
C,F,-44.62078159520382,-47.05460560130392
C,F,-36.03367451735853,-76.33576088804585
C,A,-42.37913110746238,-58.363181723065615
C,R,9.363482881740472,-86.63552430566955
