Chain,AA,PSI,PHI
A,M,167.90553122506532,-83.2859988082669
A,D,121.34883922896579,-85.09826975412982
A,Y,-39.2961276460162,-50.42702332925277
A,E,-29.306286500805463,-64.99826489657285
A,F,-46.955976812275814,-75.09626444750701
A,L,-28.019306443808524,-68.10038991171358
A,K,-23.7673923966739,-63.36924917384895
A,S,-7.013723048640076,-86.81620885201275
A,W,158.27125616185967,-75.77167179511052
A,T,156.9841418362362,-72.81925691150003
A,V,-41.15796969493025,-57.808303821617166
A,E,-44.184176548676334,-58.97153057570336
A,D,-38.53715715394819,-68.61096892822606
A,L,-43.85796186381705,-63.89755732687225
A,Q,-37.85178106893573,-64.08745979494462
A,K,-39.687527414011235,-63.357373400373945
A,R,-43.06407776493102,-64.54707007264157
A,L,-41.21539869984791,-60.46891183039693
A,L,-33.916301432573725,-67.9715409704733
A,A,-27.652545850180022,-66.97834316009097
A,L,-28.153265408666154,-72.05000165703115
A,D,-53.52625705599545,-56.60939340898379
A,P,-26.380281658152374,-71.05915462403526
A,M,-49.55001500082517,-61.94477843788037
A,M,-44.044534269798056,-61.412922198387655
A,E,-42.61347731185722,-58.42710210174511
A,Q,-42.64445092956886,-60.94122637246368
A,E,-40.15364752323948,-64.82948762789886
A,I,-43.66625421331354,-64.27274275310678
A,E,-38.687095272421246,-59.26551872322417
A,E,-33.48183310866365,-66.06213489981077
A,I,-43.0180840278988,-66.83363087162672
A,R,-40.53587728742862,-57.170237296859135
A,Q,-37.51744540103593,-69.74265244426206
A,K,-43.27939736913535,-59.26041268973755
A,Y,-30.0722860443659,-74.46281879523892
A,Q,-41.98557019652279,-60.600849119258214
A,S,-37.953586191317804,-65.50365231751083
A,K,-38.445400947661994,-63.678211996284894
A,R,-33.87935374027248,-64.89273356550919
A,Q,-52.461371911040914,-56.41459551570786
A,P,-28.26251621859284,-63.835850269321774
A,I,-46.16275953908074,-69.33496278420824
A,L,-40.72142157149213,-61.88417772926737
A,D,-40.57730327221832,-61.76018586733637
A,A,-39.96375025076592,-64.00315724369939
A,I,-51.81452822511068,-64.05592979311189
A,E,-36.71015978865858,-51.06506082941762
A,A,10.300995336195271,-74.36447475383717
B,F,141.24686471701608,-71.23245895828921
B,L,-20.388091025818472,-97.24348842404201
B,K,-25.209682344575633,-60.26785264878992
B,S,-6.2941653929322925,-88.05414108739416
B,W,155.9176860204288,-75.07178749761486
B,T,155.56867107001136,-71.26884770880112
B,V,-41.42948656679536,-55.66673658584025
B,E,-44.06071505568593,-58.721299567306794
B,D,-38.36552013467725,-69.74460556817074
B,L,-42.121752355487374,-65.07545909888232
B,Q,-38.73301364192366,-64.5052335373572
B,K,-41.43488766768076,-61.989298925034696
B,R,-41.75407641604277,-63.13138729303336
B,L,-46.79154136659295,-58.96728883959156
B,L,-35.186366470317395,-62.66112006989648
B,A,-25.10347265380957,-66.03416974223333
B,L,-31.160072057583942,-63.40070796703755
B,D,-51.899528879445484,-58.707021803353726
B,P,-26.19531123688467,-68.8898627570812
B,M,-47.56307731816686,-64.43892559444829
B,M,-45.34287859325539,-61.77840932558294
B,E,-42.12067265915299,-56.50712930017952
B,Q,-43.008479240490004,-60.15927375287996
B,E,-41.52846877197488,-65.32494920990936
B,I,-43.619008706189994,-62.10010322287404
B,E,-38.87001664207631,-61.13560495489915
B,E,-37.701011927160096,-62.83059338725238
B,I,-44.7867601942861,-64.26515109376568
B,R,-39.968834786784974,-59.29055164203255
B,Q,-40.229976181029436,-67.42132153561941
B,K,-47.16822872681677,-59.56980452342332
B,Y,-30.29201157843339,-72.2786013987036
B,Q,-42.63064506835849,-60.98070995124457
B,S,-40.59778421218315,-63.635165994316026
B,K,-45.88164330988002,-61.739026391023884
B,R,-36.702520646031445,-62.53536792790509
B,Q,-52.985443215272106,-53.50986594203812
B,P,-28.91096659668363,-64.08781120712504
B,I,-45.54130009987189,-69.84883071017886
B,L,-42.41449056345198,-61.46965814733359
B,D,-39.28261017737328,-62.46160022665851
B,A,-39.4692677534169,-66.27953565969551
B,I,-51.52642885949474,-63.15077191086392
B,E,-33.65124443097916,-55.62733515146849
B,A,-5.53597240447956,-81.0181894882941
C,M,170.17756805201665,-76.5692691843833
C,D,125.22309626885738,-82.87455771283378
C,Y,-36.80112791401719,-57.305267747223766
C,E,-31.419159303494183,-64.69919214941247
C,F,-45.14578479618017,-75.04991740777945
C,L,-27.44816276248175,-69.05808555036432
C,K,-26.565065660686066,-61.26039528199003
C,S,-4.93539237870966,-89.0662914881537
C,W,155.16649011526619,-76.99750060597819
C,T,157.72386579628616,-70.84552907931197
C,V,-41.727736311579214,-56.75155797849183
C,E,-44.73278447497899,-58.55885610570735
C,D,-39.20370026745539,-68.33574288413458
C,L,-43.37410687488657,-62.70065019097826
C,Q,-37.814178936543094,-66.67114439940319
C,K,-40.4446605828226,-61.08397726062734
C,R,-44.12985721555812,-65.5458723176353
C,L,-44.699886826736986,-57.57102138270799
C,L,-34.028158057084234,-66.27493709018479
C,A,-28.687901529966002,-67.24687608112372
C,L,-29.44285954035542,-70.009659883524
C,D,-56.9956880689465,-55.59400734096046
C,P,-25.625812713872975,-64.63246191451914
C,M,-45.0315664658281,-66.61430131137529
C,M,-44.87705159002838,-63.917837069824245
C,E,-41.42722322097224,-57.96969054796279
C,Q,-43.585225057258,-61.53206679690953
C,E,-43.52835231300039,-64.45471326786515
C,I,-42.00587957891288,-61.60733759152513
C,E,-37.73750873223317,-62.3461401207504
C,E,-33.925681130511826,-67.99534515287185
C,I,-45.77628743412772,-62.72324767733769
C,R,-39.80383919515437,-58.76032020387445
C,Q,-36.85114227383877,-67.93495701784391
C,K,-44.46900353979747,-60.929630868706184
C,Y,-30.318516806443156,-73.84706003714919
C,Q,-44.05171560666377,-59.69528926599901
C,S,-40.05775163918347,-62.74671431090614
C,K,-36.677260680091905,-65.25090131529777
C,R,-33.48897447664064,-65.97368507573061
C,Q,-51.48115500849491,-57.00792035057096
C,P,-28.86148552299399,-64.66613061333119
C,I,-45.745714587470914,-69.73529426805004
C,L,-40.838569567090175,-62.14569450566699
C,D,-41.515535846859315,-59.56935119930006
C,A,-39.708837193770194,-65.0642134547815
C,I,-51.74005969604811,-64.99775079647861
C,E,-29.491051070218198,-56.22062536991768
C,A,4.6089893065315115,-81.33646051230264
D,Y,-34.31642689087546,-57.514555893832856
D,E,-31.295904919319682,-65.73021576173996
D,F,-44.80115192195397,-74.29935914276426
D,L,-28.64013544498574,-70.61898210756262
D,K,-26.285893954164838,-59.524456793854746
D,S,-5.097221253290457,-89.53208834297108
D,W,155.57926793611733,-75.94874482658462
D,T,156.23349790906346,-70.87993281466211
D,V,-40.843438224495735,-56.0236031658916
D,E,-46.76223565543025,-57.232869583270855
D,D,-36.1332448262213,-69.7400485697121
D,L,-41.89987465710446,-66.41518168273497
D,Q,-40.7477415451445,-62.885309724870304
D,K,-39.31387119709316,-60.878075133343124
D,R,-40.54003860897593,-66.86443275707478
D,L,-44.37194740930391,-60.16478032622427
D,L,-33.1667735589765,-67.82301747364194
D,A,-25.45980751940101,-65.9422625301077
D,L,-29.841948749042256,-65.57696262696348
D,D,-53.91681961651482,-58.036702475435895
D,P,-25.46580679221402,-67.72440401410495
D,M,-46.57574715472859,-65.84730646876542
D,M,-45.19066194019344,-62.48104236302465
D,E,-44.95098851135129,-55.463369531309276
D,Q,-43.51787160263024,-60.112024906253474
D,E,-40.47858688543885,-63.578811373875645
D,I,-44.02259747960175,-63.01808315487254
D,E,-37.71128938179873,-60.630637236059236
D,E,-36.71286680667553,-65.57953821136778
D,I,-42.30173086555723,-64.12489216966428
D,R,-39.78749181260546,-60.900909352962806
D,Q,-39.23995875301703,-66.57163541713275
D,K,-47.71865190183495,-59.53662160546899
D,Y,-28.639108950572293,-72.91775509561914
D,Q,-43.47090294699332,-62.01401837525089
D,S,-39.06549999975979,-63.026525137388994
D,K,-41.01201317070515,-64.46248608592207
D,R,-34.69576651081067,-66.5326825117943
D,Q,-53.14788372100035,-55.627133384713396
D,P,-28.38105716761138,-64.14764100649842
D,I,-44.60431768529585,-69.04702601765041
D,L,-40.88662632207954,-64.26419858748416
D,D,-40.89016673886404,-60.34486797936708
D,A,-38.671190681834865,-66.19947165134079
D,I,-50.94607945755502,-64.55771486908468
D,E,-36.57545632202498,-52.786759512438806
D,A,0.8846886338295272,-79.5386292031711
E,M,168.53498327892916,-84.61426408333544
E,D,122.27230314723852,-81.53661581373444
E,Y,-37.72651800338214,-55.77011037105769
E,E,-31.555689272850707,-64.52736165559062
E,F,-45.17741882718191,-75.1305346983051
E,L,-27.55527720822362,-69.07355827945563
E,K,-27.547895083200267,-61.64326792108616
E,S,-6.005668411847428,-89.10921320475157
E,W,154.41682141948664,-72.85730409076874
E,T,156.97524946848645,-68.62370846822309
E,V,-40.207771171041635,-58.65281646778155
E,E,-43.365170325409565,-59.53682533730087
E,D,-40.63167583650886,-67.99310839779844
E,L,-42.563606136541885,-62.21031540527774
E,Q,-36.5341742427743,-67.05469606771027
E,K,-41.60863726570595,-63.861850764041684
E,R,-45.12326555030769,-63.65052788663579
E,L,-43.9660349717932,-55.903564466481775
E,L,-36.1774581796646,-66.45366965647506
E,A,-29.575959684970744,-68.54820034542176
E,L,-31.02250540610147,-67.20731379918502
E,D,-55.606051204036476,-54.49773853731808
E,P,-23.807682044693,-69.59191683284514
E,M,-45.903260384352286,-66.51490954798389
E,M,-46.20963536104736,-61.96656453609996
E,E,-42.65719722765108,-56.83665416409184
E,Q,-45.30828659116041,-60.47468719303859
E,E,-41.12782255953989,-63.6379590739798
E,I,-44.53499842956119,-61.89933091508142
E,E,-36.958600811117414,-61.746356995257116
E,E,-33.97563620218722,-67.862474782198
E,I,-43.08981890402462,-65.23589616075823
E,R,-40.729311187125404,-58.20892769903896
E,Q,-36.54807510947094,-68.46166677307204
E,K,-44.07238154257017,-60.48059969847228
E,Y,-30.456289219769417,-73.30293538204724
E,Q,-40.62832848134945,-60.2245471706757
E,S,-37.59481964987513,-67.02282246465107
E,K,-36.28518914207141,-66.96907159850343
E,R,-34.53442699683087,-65.91596679806743
E,Q,-49.59438474221436,-56.35075937846288
E,P,-28.66800809045454,-66.22079235502544
E,I,-44.45792651291907,-70.22488566613231
E,L,-41.032650039613266,-63.55776633536032
E,D,-41.290238906790044,-60.75811462762828
E,A,-40.41990795580999,-64.41646113168919
E,I,-52.3360578730662,-63.76050370611256
E,E,-34.03628176749289,-53.92508071459832
E,A,9.703723496951202,-77.09010299876674
F,F,-16.16896995352206,-68.05021214340697
F,L,-28.86776299786815,-82.88304007802472
F,K,-26.704090228776096,-59.78880808666453
F,S,-7.27611856105057,-88.58471384278617
F,W,153.21488444761277,-75.37442503160021
F,T,156.00762189219134,-69.38682973852163
F,V,-40.13803511377457,-57.03579229244389
F,E,-44.68611346939744,-57.5888707672382
F,D,-37.980852398448306,-72.42829572749424
F,L,-40.99564958233629,-61.36396534865836
F,Q,-37.27392075449471,-66.78864027382309
F,K,-38.89762363508943,-63.75348648775951
F,R,-42.2348761536312,-66.29503123163452
F,L,-47.39933847125292,-56.02720703360439
F,L,-33.537548978602494,-64.49476783522148
F,A,-24.618191089077992,-66.0127326842494
F,L,-26.928310400893526,-65.29122413998839
F,D,-53.53606758267626,-60.54677707722656
F,P,-26.551383399404955,-66.40799271816567
F,M,-47.798499281198744,-65.77688362818165
F,M,-45.244379776802134,-58.744568736530454
F,E,-42.02776963320577,-58.88338164323606
F,Q,-44.257010397452454,-61.41627772591681
F,E,-39.38731398733559,-64.01604660086974
F,I,-41.128772942047284,-64.9037065069779
F,E,-39.01172979163109,-62.06006722363324
F,E,-37.35101374633156,-65.60217276571815
F,I,-41.50996089362564,-64.19886266587743
F,R,-38.75671440511329,-61.75192807823141
F,Q,-41.92220283679721,-66.14387895543749
F,K,-46.32957167268497,-58.50075833082224
F,Y,-29.777080858754967,-73.37233131342985
F,Q,-42.682010919342375,-62.523571164981554
F,S,-39.366146943634675,-66.31735116784375
F,K,-40.360048310425654,-63.44170483381647
F,R,-35.76761968947617,-66.97858997493873
F,Q,-53.7992347590081,-54.11992726007849
F,P,-28.551073075211225,-62.13526300879663
F,I,-43.914177331867016,-70.53509600259082
F,L,-40.65807529975846,-63.72413666400256
F,D,-39.03315441562108,-62.139359708770364
F,A,-40.48871714600846,-66.41486153090908
F,I,-52.008898385483924,-62.21772597843923
F,E,-35.18994132914491,-52.98007124528019
F,A,-4.47090777847418,-81.03496724110767
G,M,132.91235436039122,-76.95891125858904
G,D,124.52274994120083,-112.24616687874871
G,Y,26.307986388364053,-111.94842627570803
G,E,-29.74094513695779,-70.26225862221548
G,F,-26.485094495938814,-56.94165833974145
G,L,-25.640883454876068,-69.21752403135905
G,K,-24.79505365264245,-61.434792665018755
G,S,-6.9644224377645125,-87.40884420459214
G,W,156.13431034083484,-75.6650884476513
G,T,156.23087790358863,-72.1844517386204
G,V,-39.459416710950734,-58.89895109162075
G,E,-44.95121777297725,-58.467216940003624
G,D,-39.43280568276847,-69.29769659409634
G,L,-43.863939959385675,-60.678493279245764
G,Q,-37.96469397725049,-67.13114798410594
G,K,-41.43004720629354,-59.96943516704062
G,R,-42.94741207273745,-66.4965796413284
G,L,-44.0206542909759,-58.41805429648735
G,L,-35.13812695628525,-65.90417464495667
G,A,-27.439490043334462,-64.67089067013356
G,L,-28.940093287306524,-68.0548078235988
G,D,-55.18158127991458,-58.091289707976884
G,P,-24.219314609481575,-69.10567058396713
G,M,-48.82692493340112,-64.59718557634419
G,M,-44.119158602345834,-61.56741914678471
G,E,-44.65150450161399,-56.80846707900074
G,Q,-45.028897756637846,-61.969173121797944
G,E,-40.53412949598946,-62.74752929141849
G,I,-43.231023760833466,-64.91471459892455
G,E,-39.845847687562795,-61.32704731036614
G,E,-38.09800600632641,-62.034483716432526
G,I,-41.86592048621735,-64.05515317738715
G,R,-39.28488158562115,-63.028872588228964
G,Q,-41.67308586709431,-65.65721526229497
G,K,-45.955739299273354,-59.47668063196622
G,Y,-28.288392458102877,-72.7591118400939
G,Q,-40.7604592318388,-64.71207565032697
G,S,-37.89922229093127,-66.54940478850658
G,K,-40.19084384665129,-65.21993509893309
G,R,-34.52077732505896,-67.37382032138628
G,Q,-53.98145206489706,-54.09095565493466
G,P,-27.89607268280825,-64.32167777861747
G,I,-47.24714488238431,-69.30492610635656
G,L,-40.85899983083616,-62.371114152442225
G,D,-39.01983972525138,-62.05622586347665
G,A,-42.91750059310116,-65.23401035831397
G,I,-49.23574130694695,-61.77909114622342
G,E,-39.77240699759181,-52.66041777325829
G,A,-3.275398418816944,-77.31880125070042
H,M,167.7375550426726,-81.87091688130235
H,D,122.51673003249581,-83.50289000561415
H,Y,-38.99441979586777,-51.88898019697332
H,E,-28.404260059616863,-65.64373207895098
H,F,-45.971449452479575,-78.02793305290984
H,L,-28.265981329672126,-68.21937980147358
H,K,-24.68984435745722,-60.95600212670578
H,S,-5.71717735113868,-91.54701757270958
H,W,156.85775540340774,-72.93639075930801
H,T,158.16598603920636,-68.41922368423994
H,V,-40.10440002817604,-60.21041892594358
H,E,-44.13040884637003,-59.781520942295174
H,D,-40.6941883149312,-67.25135991095405
H,L,-40.3810440989953,-64.42711216622357
H,Q,-37.035687298925424,-68.14154451634438
H,K,-40.61037811830695,-64.22838479227497
H,R,-43.36006607591314,-62.73317659681692
H,L,-40.88865870747984,-60.22743594661426
H,L,-37.956113484467004,-67.19647950111346
H,A,-29.054374858061028,-64.84827694306502
H,L,-28.199238353734817,-69.66521228300353
H,D,-56.62694682421019,-55.23061130844273
H,P,-24.200611726939027,-67.75609232066859
H,M,-47.83012754022317,-66.86090798660709
H,M,-45.59942996706539,-60.58331715822048
H,E,-40.3613038010741,-59.58157177469308
H,Q,-42.795087677271496,-62.30056853668166
H,E,-42.29905347053078,-65.31524935451522
H,I,-43.26716238746001,-63.33382321193027
H,E,-39.63398824213976,-60.41332585127766
H,E,-36.01397618070615,-65.37729793114322
H,I,-44.31668574133705,-63.80080263135964
H,R,-40.957316784009514,-59.44628931316333
H,Q,-40.81842477254677,-64.22852878986124
H,K,-45.21428596779168,-60.60883542033457
H,Y,-29.48951411535614,-74.90774061702021
H,Q,-43.10054665737024,-61.80153399265753
H,S,-39.07730526972464,-63.88265784311433
H,K,-39.744028477371316,-64.69492067974299
H,R,-33.70087881451477,-67.17339421642478
H,Q,-50.24532825784922,-55.42776159891629
H,P,-26.090578265359284,-67.70690129761499
H,I,-44.327072710230325,-72.0477887239784
H,L,-41.58757494437118,-62.31731068536087
H,D,-41.052806419472454,-60.54562596773908
H,A,-39.427027555904886,-65.0600190605251
H,I,-50.33057426020116,-65.86137033475809
H,E,-37.596681276386626,-55.04693025394236
H,A,-4.166430917916089,-75.54855908471087
