Chain,AA,PSI,PHI
A,S,154.87505650360066,-110.2866082406961
A,P,145.1234816651771,-80.88213497967737
A,I,-3.4514283248394406,-96.51334067721791
A,F,149.51304193421436,-151.48999435859218
A,Q,105.95210947303495,-168.98103299754445
A,G,174.35589045264882,-134.0726640023735
A,G,173.31779036697532,-171.09658833343252
A,S,43.879654522798184,49.867125595061665
A,Y,119.78894749542509,-81.18126725580214
A,Q,137.0893674696502,-92.33738752498627
A,L,95.17511919258739,-117.96276533337914
A,N,73.68034727046498,-110.25798893775013
A,N,42.77500481157492,47.834596460122555
A,K,121.7384210269705,-154.7775206932288
A,S,137.52886713987212,-75.26358115798766
A,I,123.24012457610213,-101.03419857156788
A,D,134.37178175009615,-86.73849495029627
A,I,16.90522189118343,-138.9670435040065
A,S,-25.916291465099466,-64.6648798536947
A,S,-21.322570930212997,-75.03422074952509
A,L,7.126734988393673,-102.8512295710185
A,L,-53.85330193054878,-142.22615683573693
A,L,-38.44350010332106,-45.23896530528491
A,D,-27.844578390017162,-76.51127260645417
A,K,-9.792809495730932,-79.82305921612524
A,L,120.11847733941592,-66.46594696184486
A,S,138.43676755293683,-150.45818796117413
A,G,178.3581114929225,93.88560250997554
A,E,13.66079364106186,-106.7873968694909
A,S,120.91603079451903,-131.9983277131802
A,Q,167.15484825646809,-128.21436208046458
A,T,125.77814482979247,-146.07531466795538
A,V,130.88295561756144,-106.17921015614654
A,V,127.30992689915313,-129.18060112101054
A,M,124.1720758520349,-145.89055006839106
A,K,113.04436467752072,-104.25324825723159
A,F,165.12096128117335,-136.7836534052279
A,K,129.60303187864318,-134.52484383323704
A,A,104.28639718912626,-143.77954636512507
A,D,10.946496998770586,-116.12128211741471
A,K,36.85012020470254,-152.28649376669716
A,P,161.90026399025675,-62.45978345245678
A,N,179.62255375713826,-74.79670647609682
A,S,-47.633073630848024,-66.24311941005608
A,L,133.8738905358136,-131.51390449006516
A,Q,143.53065440344847,-150.79841702866807
A,A,135.59565485820082,-86.81136672525253
A,L,-43.82971422283565,-90.97040844965423
A,F,151.14874497318775,-143.50691467574012
A,G,135.56087257121288,-156.780563198641
A,L,141.0431231619478,-103.45169268338472
A,S,170.98319584545885,-150.78810739148034
A,N,106.92589889274664,-108.98270519884005
A,S,-6.900324251572398,-90.25890043188132
A,K,148.71636712242844,-73.00352102577624
A,A,126.81827228598581,-60.42874963844111
A,G,1.5740920069490778,108.93599069369421
A,F,40.984181049890786,-137.61444813988382
A,K,-9.468428826680592,-71.92131040108927
A,N,29.966538108281487,-105.4872486286098
A,N,87.9780855221974,-125.15480774670152
A,Y,151.92232045474046,-162.77636919316436
A,F,137.83864634622574,-104.64152215461712
A,S,161.39196511692296,-139.9872748703438
A,I,112.48968198642535,-118.92140606628112
A,F,160.19066104138062,-117.71284710646735
A,M,160.98642754499852,-134.5554623155964
A,R,165.00575561272376,-116.71322736914291
A,D,4.114579985655049,-76.38985662153188
A,S,4.656055221573815,-89.99926449359495
A,G,1.8865827458598294,86.03186416971657
A,E,148.72203935272083,-73.95557206487833
A,I,150.16561934592823,-123.81767823626149
A,G,164.74259152598185,-164.4441292743483
A,V,150.72991697482354,-110.57208475923098
A,E,140.0333048649533,-112.65470040952188
A,I,106.11942574664616,-132.68065380682302
A,R,129.98922715704265,-128.65470565415794
A,D,105.83272393312542,-139.46488487228964
A,A,-41.01982760890715,-58.483986088960556
A,Q,-17.083592106367057,-72.74840538916175
A,K,-9.73480532169498,-101.23376319348915
A,G,41.993381159180785,67.17590771782473
A,I,122.86446541562938,-119.62998888260158
A,N,82.77348373580614,-136.0675517790289
A,Y,145.98047481727627,-85.28573819374637
A,L,86.5484569688884,-150.77522320088644
A,F,140.11776384820425,-98.12304234787887
A,S,166.51219156736792,-160.89020713175012
A,R,125.05412751104258,-144.58953138485722
A,P,162.9686615976654,-60.460392791295746
A,A,54.044162973938256,51.49353882382704
A,S,-9.479701999424076,-112.78587846593365
A,L,164.7447613830826,-119.13355214779523
A,W,154.64500890897975,-110.1483727176044
A,G,-63.61188883574328,-114.57861936085749
A,K,155.74449930873817,-126.91946089472346
A,H,130.6798255580169,-154.7050068040701
A,K,44.48486836150526,48.179262203760125
A,G,10.992905884361996,74.2416771250696
A,Q,157.16044784749283,-130.52425923374193
A,A,134.48114186358774,-70.40426712267718
A,V,137.102355669598,-79.88946547610064
A,E,101.4425168054171,-84.3141393065191
A,N,141.9315389780825,-73.41266591693778
A,T,99.9302512905445,-120.10605749403655
A,L,135.49366387106767,-97.32761501629541
A,V,110.68165747204141,-137.70562284402143
A,F,119.38439124236436,-115.05724114050648
A,V,124.11071924373505,-106.86472301752515
A,S,109.09634814659057,-111.27889022272619
A,D,114.99451424722463,-120.72991268065181
A,S,-20.662152153169902,-89.0783377589566
A,K,-50.904337283997336,-63.28174219081399
A,D,-6.74884466560036,-89.93122659131711
A,K,51.14336339883138,57.23461679645252
A,T,139.29918538688415,-135.38213344544693
A,Y,132.87682649885812,-107.74324732255698
A,T,129.75733925678745,-138.61232769852663
A,M,139.87647715662624,-114.25228187406907
A,Y,143.1911421623137,-124.31711658681145
A,V,132.97691313790634,-131.32614332354783
A,N,46.40203884196038,47.32919761646154
A,G,-7.182436107014771,81.63223623409719
A,I,133.6078979852258,-105.14621485495485
A,E,119.70019422030309,-80.27318691243524
A,V,-18.807257368777485,-106.62679202363846
A,F,153.94515692632268,-160.0626088826948
A,S,104.66291459892379,-148.8055907582764
A,E,141.90165403756532,-117.99101912512691
A,T,128.13562391264924,-114.59651407861278
A,V,164.9730751273604,-105.33388861406871
A,D,-27.183559947426247,-88.15441779577266
A,T,99.41860152402108,-116.41919579037624
A,F,139.22709392350845,-73.58083306192702
A,L,97.85873512313174,-119.68543420686014
A,P,138.13795169266345,-62.15311422358498
A,I,-13.03282233447621,-69.39109439274796
A,S,-1.3561041263954259,-106.91663655867492
A,N,4.522792755931166,-99.023559981062
A,I,124.16935320904312,-65.40804784890008
A,N,128.4032567869575,-64.17742028623094
A,G,11.721004449531108,82.68439529804398
A,I,130.10874540258536,-54.06696318324304
A,D,2.5581103731277,-140.03836507173253
A,K,133.4685891291986,-145.2074759680242
A,A,128.68934689118873,-116.63427090912785
A,T,136.0212560050078,-139.4696745584478
A,L,120.62043433306144,-104.9655335778304
A,G,6.609779471615749,90.24164726806765
A,A,174.49817613362592,-166.62863912377028
A,V,129.0599676843196,-117.69248312585827
A,N,103.48407917332615,-87.84525198411596
A,R,129.06550800100874,-119.09444133376176
A,E,38.0459504653056,44.64097704807366
A,G,-9.074375436407683,88.6251594176414
A,K,155.47383323475677,-108.72444680786161
A,E,116.12631390131303,-83.95070469562324
A,H,147.19380550692148,-108.0357086651066
A,Y,37.599554008670125,66.59947751595176
A,L,130.29730258314763,-51.148171626994674
A,A,145.3094081007782,-101.1406894546227
A,K,129.0533801114258,-113.87858795498724
A,G,-142.23260385256683,151.410271273852
A,S,150.42665601998027,-164.49845587859267
A,I,95.86114294841121,-119.60802345287179
A,D,-32.21498516154375,-68.18362972881198
A,E,133.04864398853695,-151.6290361822007
A,I,135.7125409775573,-143.55595403616152
A,S,142.1376343635761,-149.19104205559302
A,L,150.4005975495742,-116.9335849868688
A,F,139.98126176985556,-131.41168158086757
A,N,29.061761880068186,-84.34905729876522
A,K,163.22948488169516,-134.70940824384027
A,A,105.34780387163504,-98.46602427808119
A,I,145.70447437980283,-71.99462723647368
A,S,161.09018141151662,-72.22483922426456
A,D,-38.666903060398404,-52.3052012944114
A,Q,-43.95690619633422,-53.69050743523157
A,E,-28.639021484518473,-73.32919572562479
A,V,-42.16884632194799,-61.335890486006804
A,S,-17.353736934542123,-63.88583827721208
A,T,-27.429345320705703,-79.63758130958813
A,I,113.0533061444094,-63.72468934142675
A,P,150.6077682429608,-51.60751031002149
A,L,168.1470966272312,-115.22413405678442
A,S,36.69234492657243,-132.19412538462566
A,N,139.1061745333062,-63.393285224307206
A,P,5.88953629446035,-89.25894161251158
A,F,172.82731069129613,-139.3461001768707
A,Q,169.22861713456962,-142.47987973529243
A,L,147.13480771356166,-111.88495003543598
A,I,-66.48994367333947,-104.88775020539451
A,F,143.92748871851066,-94.99959200269275
A,Q,151.2071357874716,-158.07860652950464
A,S,129.10223878010825,-49.69076947005499
A,G,-18.042666596078043,99.70119630399385
A,D,-177.78237422205504,-66.37137636027379
A,S,-19.076803296804357,-58.515476647815554
A,T,-28.413841198364373,-76.22183519401476
A,Q,33.09092158242934,64.00946013902745
A,A,130.9034388726788,-109.09572977325006
A,N,-17.983992012618447,-77.2610528731348
A,Y,152.32275143253707,-128.76192961389924
A,F,138.59373446737004,-144.62491175799892
A,R,163.1310966776595,-146.72378624997796
A,I,66.64164155876458,65.55043515830164
A,P,154.244756751441,-78.74731893321075
A,T,146.04656913661657,-140.1372965636626
A,L,138.9278500490089,-129.52018405883396
A,Y,131.86514256465372,-149.3736637064156
A,T,115.66478301102967,-95.86871692925013
A,L,164.01569511256727,-82.19656646178885
A,S,-30.614987335236645,-54.593368763546664
A,S,-16.275085634614673,-75.15173521507829
A,G,-8.723113574680788,99.72385034911215
A,R,136.9391136631683,-66.54796499635535
A,V,126.21335271390194,-104.42329304233257
A,L,147.25067521473292,-106.78174888776685
A,S,130.9462253722745,-139.55276910315717
A,S,157.9566806840003,-118.78912131167807
A,I,150.61336570072484,-153.36548647835033
A,D,114.2777857557254,-79.29543582624072
A,A,98.21674199746808,-90.51678082783364
A,R,124.88730399780047,-103.22282033353284
A,Y,-33.4869654872137,-98.17604975974595
A,G,66.14630109751066,-101.07469319498585
A,G,-162.55315127714098,76.38759732776587
A,T,13.412879838040165,-97.7831637157926
A,H,150.03621206118217,-58.90276001761685
A,D,159.18073630477707,-75.23855542658447
A,S,142.04064348721897,-52.41609231112307
A,K,121.33276031217618,-70.77686509637121
A,S,-163.62520461756256,-161.31236981948334
A,K,118.38332723809647,-114.92161731896867
A,I,140.3877165318863,-139.3920622128787
A,N,161.31921872414145,-119.60887727655941
A,I,121.18273113968175,-99.69273850547691
A,A,151.3312838107488,-116.35413664975628
A,T,154.44243329226435,-137.50018450792558
A,S,151.16590968997505,-153.9807425818664
A,Y,172.52760171895903,-120.86951143611373
A,S,129.93385484858564,-139.4418183748599
A,D,10.193692016552982,-106.50678671848763
A,D,46.83296184964976,-129.55015521376288
A,N,19.7319016651328,66.09560039866211
A,G,12.566331242315377,92.97724480043594
A,K,-43.83513829422908,-74.43906315372875
A,T,149.99573456617705,-132.23124349865336
A,W,153.96490053114823,-128.47330261737073
A,S,157.91935424866816,-84.55727244059615
A,E,113.32151050868784,-66.62723345712371
A,P,143.7842654190485,-56.209852476385954
A,I,176.09744305512726,-114.97758583307532
A,F,137.38828320471953,-93.9902869248411
A,A,-44.4818716045547,-89.79190829610683
A,M,136.22924524264505,-133.58670128114144
A,K,140.62383103671888,-154.46195459055556
A,F,160.61848817656494,-109.36200030294945
A,N,12.371020932187385,-125.53345703722667
A,D,-31.260538378391104,-60.1022778242962
A,Y,149.49782626045624,-119.21469068866053
A,E,128.29724382828283,-67.51862739980002
A,E,88.07228423139911,-65.23601896002808
A,Q,130.90680762536368,-106.06258419024216
A,L,89.67436210572765,-75.1895670989383
A,V,149.72769659145948,-97.82862067278778
A,Y,94.84388703787923,-97.29672585675296
A,W,136.9257732097607,-62.41898009330938
A,P,138.72258038343364,-72.1083907312115
A,R,-2.103358149532379,-102.72083867469382
A,D,152.3497876817413,-71.63739952717684
A,N,-35.496721263314676,-56.671371493416025
A,K,-38.76856722318851,-69.58798669370714
A,L,-7.436382858399106,-109.97626236666615
A,K,-13.956161138915629,-68.5417853602578
A,N,5.881597055621294,-89.01303469444937
A,S,123.525264827573,-58.70268250619024
A,Q,140.71867643128905,-119.31322824348845
A,I,117.06728869340732,-72.5173568168591
A,S,-12.686353965904008,-111.99397825950783
A,G,-1.4253483469731372,-103.88597191797481
A,S,157.9801152543546,-96.70228038602164
A,A,161.90453860424068,-92.26743267136109
A,S,174.60333471720713,-162.14260873763686
A,F,137.2438703399232,-120.84730830753857
A,I,147.31455718158304,-127.85445907440217
A,D,89.40049056406683,67.42811693166571
A,S,164.60624879172525,-96.27955644881756
A,S,142.18342237845044,-150.62628858978232
A,I,149.03162159469983,-123.45052762961782
A,V,165.32061052481572,-148.81183692007565
A,E,131.35719288672476,-120.25258534319093
A,D,109.8721284780161,-89.49944853206328
A,K,-40.84919369062116,-55.79647793771008
A,K,-54.48601753672084,-69.4517782676516
A,S,-34.46553297171438,-78.44804706463944
A,G,-24.95745678913002,102.55786787727664
A,K,147.54635123434392,-46.36677034352362
A,T,143.246483839439,-106.5006470134931
A,I,123.96975691349853,-129.7500556906872
A,L,130.05533475632834,-121.00305162945547
A,L,153.4951527374956,-114.96346709903936
A,A,161.12668216029616,-153.50213865692402
A,D,145.7576860527737,-76.85433198052365
A,V,128.89246340282463,-124.73901338157175
A,M,122.37856925946994,-118.89870313525242
A,P,162.27249289039997,-68.33104542650801
A,A,125.98845127507018,-45.53517676176663
A,G,-23.150429259678,99.49741591068836
A,I,139.0725604335335,-104.85772193104096
A,G,-161.6920490785251,-139.37002785614044
A,N,-36.66166585100991,-60.70172489549259
A,N,-46.781200244568396,-55.8307502903741
A,N,12.031709370216108,-113.44539026136484
A,A,120.37556282171553,-57.77833091244234
A,N,79.2423244788292,-52.75644860538837
A,K,131.54806052179376,-60.280891177283436
A,A,40.329613177867365,80.1918141812901
A,D,133.52871949996717,-161.77733324124983
A,S,-23.653355418123223,-90.30757912264941
A,G,-5.510040195609987,97.63122322248624
A,F,143.74073890641773,-117.2669113965254
A,K,129.71566111947206,-98.67666543415045
A,E,121.41812463085691,-91.90508318287857
A,I,93.57507766877784,-127.90170100512175
A,N,84.94540012666131,52.61388869920641
A,G,-26.228091165784242,72.61899788865844
A,H,151.6497428819793,-95.94003266889905
A,Y,111.55449672164617,-121.52186331189719
A,Y,135.31302208677604,-102.93861085816603
A,L,123.45409017084435,-67.81074192055564
A,K,146.7000112783913,-77.81423102760535
A,L,154.03754615547305,-135.72789728914108
A,K,134.17776566521485,-117.56900742990467
A,K,147.20370776831192,-88.05155417997642
A,N,129.94467217077704,-53.95541269915284
A,G,-32.853737329635656,102.41002424823472
A,D,153.5978048688973,-70.21012165182948
A,N,-4.042304676893552,-109.19816659233526
A,D,171.01932347526713,-133.63546821252086
A,F,98.5229806372295,-86.83381079742136
A,R,22.122894511878524,-110.61148559978723
A,Y,162.99506186723602,-136.93612488963535
A,T,165.71170716450223,-141.69117290135625
A,V,107.07233619893773,-106.52128154397022
A,R,-173.6437038384794,-88.86024455076661
A,E,140.69907910116322,-46.729477536152594
A,N,25.831734541555637,64.95386050509732
A,G,12.053319459942275,66.193042669998
A,V,134.75037826976182,-69.53604357396699
A,V,112.90915634163578,-87.84937772925767
A,Y,139.1436587520603,-105.66783509904847
A,N,139.21983362895358,-85.53624153354876
A,E,-43.779194943847074,-92.93048868919443
A,T,-24.142526435632398,-63.057289874858384
A,T,-13.182990053131803,-117.46014628293315
A,N,46.47372991933174,51.286752880057485
A,K,135.02076967867092,-125.17222137414909
A,P,163.26394669715162,-62.034642452729
A,T,-173.01423374284929,-116.90406848255522
A,N,26.044521977378157,-96.61902495267533
A,Y,152.36089769724063,-116.06571556657832
A,T,156.31624424900065,-151.23956789398022
A,I,131.12644678558073,-122.23109906168932
A,N,-157.86864161045287,-92.10880468581604
A,D,-42.60931149807608,-60.450706290908656
A,K,17.162832120489075,-92.22356933640718
A,Y,27.768145250478177,61.03038453575542
A,E,172.7278817826932,-87.03165954039463
A,V,127.37342782525835,-116.66647135488346
A,L,141.7098786314513,-118.50741074319217
A,E,107.68204411561669,-121.99608371790907
A,G,23.4119112814135,68.1686303924082
A,G,0.042620625426125186,88.70840101402135
A,K,144.27454696077015,-100.96056298107939
A,S,110.20004990001848,-83.55832716573872
A,L,160.45842754583094,-63.49956779741917
A,T,169.92140843310935,-139.1328294632755
A,V,170.7951723899957,-132.3467965786013
A,E,132.35330119839003,-98.33062742458682
A,Q,157.0607889574546,-69.2548831442891
A,Y,145.5970913908218,-107.06195450200529
A,S,164.66211782481722,-117.33913210135904
A,V,152.33314817291932,-127.15548591594414
A,D,162.25809124786,-156.0888511145787
A,F,18.2379897110783,-118.44081834859466
A,D,-35.30013240949756,-52.938317871731535
A,S,22.571218926253554,-89.89120848796301
A,G,23.207840783296962,66.98950331385147
A,S,137.66305368175694,-167.8510191567079
A,L,126.22877403627028,-57.18863739378833
A,R,131.75026219202212,-124.75120633309432
A,E,95.47148341544741,-116.14254236825793
A,R,160.13643114286037,-124.3091564926266
A,H,142.74113913178473,-59.731127038175536
A,N,5.3458392062325855,-116.22995556855562
A,G,-8.580926417078066,92.88824573354886
A,K,147.1067557823859,-95.1836888802961
A,Q,131.94534279329423,-102.58565385496001
A,V,160.21153614559069,-128.2309764292762
A,P,135.18095244638832,-60.08862852164067
A,M,122.68683106851107,-65.0968991739112
A,N,142.4726533208908,-116.89514731576193
A,V,-13.814879747727636,-63.247003852925005
A,F,-2.07149088448938,-91.4746920943045
A,Y,160.31005513120638,-86.84721303691684
A,K,-63.157812485171114,-67.97247037238516
A,D,-2.6281997771531245,-65.67612626398488
A,S,143.92649178692224,-68.50705082765742
A,L,-50.043893477207355,-59.802062838054574
A,F,121.41141746082315,-108.54470708061199
A,K,146.5217135424464,-104.20475424013709
A,V,-179.7006950920865,-79.70051919312185
A,T,134.7765644877205,-73.19048124275379
A,P,66.2110800306764,-73.5569881193449
A,T,-178.81725906776305,-138.48284530936164
A,N,138.9193946145474,-95.3792361798536
A,Y,177.765653388706,-122.29759352241241
A,I,136.43290397509332,-125.20655778295078
A,A,150.5573717257895,-120.8328664395029
A,M,148.2469239036259,-114.77899575921121
A,T,160.8850991469952,-131.72602239638408
A,T,148.98414553768322,-133.86776845121943
A,S,122.0721565376544,-122.99357189640733
A,Q,-7.796147486125478,-87.06160131363087
A,N,28.381609851660823,-124.66239385131803
A,R,34.31830880689106,63.45659058838056
A,G,10.25643707092017,98.91422758269219
A,E,-32.76899944979811,-78.61751290364548
A,S,170.83920402851854,-145.48332217392212
A,W,139.91362189666384,-138.39153986283145
A,E,162.7590320481106,-68.97221687187998
A,Q,138.30058862278403,-65.78991456430136
A,F,153.58673815412993,-69.19733573783599
A,K,147.24348786901953,-123.98295366507405
A,L,138.426673410274,-73.8147300078569
A,L,150.04449444462583,-82.38869514199774
A,P,169.27300942125083,-64.86218209536185
A,P,152.9675371851733,-79.05168843041203
A,F,-12.54043237398181,-121.61842536611923
A,L,23.017647056827307,-121.7296763523013
A,G,168.35225707126017,100.15900700995115
A,E,-42.45955404613786,-68.08685347247551
A,K,21.56708084205874,-87.84623067685324
A,H,137.101863532148,-126.12078871920777
A,N,158.0542957152544,-69.00474108284706
A,G,149.00451496562073,-60.41192171659176
A,T,-177.98564975542664,-77.69754876381832
A,Y,107.74299081070542,-112.25590844212283
A,L,125.41103336920388,-50.99738901688695
A,C,127.60770381430284,-78.15694415559837
A,P,141.2464644952906,-81.77083685729764
A,G,-111.32979614523956,132.19723705087236
A,Q,129.80539798655636,-112.51939294626443
A,G,175.7862859367891,-75.43297337596132
A,L,132.5754543418026,-122.73821811875555
A,A,111.42581567686207,-115.67694466380517
A,L,128.3305739976829,-72.46001033282742
A,K,-36.14442746417798,-61.794020079894075
A,S,45.132880607205884,-113.04531040798038
A,S,-156.09359718533727,-166.94927388582758
A,N,5.845938429244657,-118.7539739465433
A,R,128.87912051100542,-63.99011222174359
A,L,135.94334042356186,-112.81740107474597
A,I,136.6738640569474,-127.27761017138361
A,F,112.90072736647568,-122.80715438334207
A,A,124.27613403232597,-61.50091827173482
A,T,168.77010994490357,-124.35722457989752
A,Y,154.48655383300857,-138.66351145349245
A,T,-169.48119293374197,-145.43967164573894
A,S,121.73757488726477,-77.85590043681842
A,G,-21.226119548669306,97.9183768336398
A,E,157.16226756846876,-147.67281169055596
A,L,136.38423358380552,-85.7560316703097
A,T,92.26993184748449,-121.47003319824739
A,Y,128.5322043333981,-70.62959076671268
A,L,130.4392409584997,-94.26550802577141
A,I,123.1314504593331,-128.06870312109936
A,S,128.14944830012453,-127.58892743117094
A,D,3.406617385338051,-103.85597852396596
A,D,45.886743490495356,-125.63789584108177
A,S,24.59379141009384,61.09137834459292
A,G,13.735209902350155,91.28854486303207
A,Q,-36.347601588523226,-81.14896164126927
A,T,155.0885727835192,-133.0097578510736
A,W,150.9438600110407,-136.2613263750272
A,K,157.05678718540526,-130.484453330124
A,K,164.08399292690345,-95.56211045515958
A,S,101.35545601961333,-145.09163402306228
A,S,155.75214692345497,-74.568511804959
A,A,112.82181601973862,-152.290945928664
A,S,132.87842689037117,-68.92372788389076
A,I,144.34365397726492,-116.87892753787901
A,P,40.715099577247194,-77.5485798591094
A,F,125.46545926068174,-139.74668038754774
A,K,134.06068195828058,-86.64507471172152
A,N,23.890478767062106,60.38245272457566
A,A,160.50533494206584,-67.30327832242601
A,T,82.3101396854164,-102.89379932535775
A,A,61.20325548967968,-90.73283285111468
A,E,120.30200893933667,-62.835920602544824
A,A,137.94800936551647,-120.50371036315107
A,Q,143.28270235681126,-130.93130043282764
A,M,157.09637809732007,-108.38053038727955
A,V,149.33317786130982,-136.57350561209412
A,E,106.03413489366989,-99.75255139740548
A,L,-42.86298706154455,-69.87550310603999
A,R,175.21383601100445,-156.01484268252514
A,D,133.38245421098756,-46.47489919851336
A,G,-12.203353949890987,70.0670121599302
A,V,104.95002137922259,-100.83762044998143
A,I,123.01028974535849,-106.22569006446803
A,R,132.10290300338625,-101.73998006855149
A,T,119.19542015734169,-107.41014696225858
A,F,128.80628810364033,-95.71057668230604
A,F,155.49336561644623,-135.9861037938792
A,R,139.6439869335141,-79.36431924257064
A,T,-153.7949920679456,-122.05395315479426
A,T,30.455350268005628,-130.6611969404389
A,T,3.250262623611231,-122.96895705485714
A,G,-15.174056085818473,82.4970802760109
A,K,137.88556603500976,-112.25169345064107
A,I,127.74360576170572,-74.11815691711244
A,A,170.78286869055273,-100.81729994650036
A,Y,163.0086682516193,-156.9615928267391
A,M,160.8385876553947,-145.99052963068968
A,T,144.98163652944606,-126.89109452224801
A,S,147.41934440660862,-121.99859244926449
A,R,15.515793373759523,-132.10087963830654
A,D,43.407641379195205,-132.8484487031892
A,S,40.34831418780144,57.09438064809352
A,G,-0.7622246064850786,86.13668602106098
A,E,-46.95298259636438,-59.17829999189455
A,T,155.85792938014157,-134.63048989055574
A,W,147.6005914291623,-127.87904393139115
A,S,-174.6827958841494,-69.64084088134534
A,K,173.7288971260154,-87.22746667163737
A,V,141.5249451846262,-94.5449588106161
A,S,-174.80470647561623,-129.06903627598962
A,Y,134.22977564219363,-144.95133650207762
A,I,127.85987861773182,-72.73395676458007
A,D,144.58174501280595,-96.30357717775607
A,G,-3.5275839487730782,103.63972230588968
A,I,131.0367880141005,-124.56394714608959
A,Q,137.94675909822092,-110.39363199859794
A,Q,-173.04130027370473,-118.33004865530343
A,T,169.96823955064914,-96.39605287733825
A,S,-38.25191104481435,-56.78980502392789
A,Y,-36.03063922329114,-82.67976560840684
A,G,-174.88220202726114,83.08249379986287
A,T,147.3384798148569,-154.31871777615228
A,Q,138.35443275148782,-49.4170792131206
A,V,143.64889516448494,-118.7719794186353
A,S,149.4764799004386,-123.48074925887846
A,A,149.114118137695,-150.898323455734
A,I,150.75988957182747,-135.7664371554624
A,K,129.78514759573702,-82.28354821561327
A,Y,143.7298341269903,-79.66199363007279
A,S,-23.365993738073804,-73.46853923245449
A,Q,168.6294509020287,-103.85103690677224
A,L,138.55061321174057,-88.49102124941845
A,I,120.80314798391977,-122.24344096764874
A,D,47.50586694134284,49.15839796519827
A,G,-12.13851768415415,68.43667656996344
A,K,152.0974072409541,-100.27398853304744
A,E,147.72581252342354,-65.01793413543038
A,A,158.4426366861056,-130.41749490097135
A,V,138.94486612170024,-139.694740462924
A,I,131.63047196613596,-116.71824738147563
A,L,139.59447686555754,-106.8547302422155
A,S,128.31262880750006,-116.87887507476565
A,T,154.3611312031679,-167.44234433434514
A,P,149.31253843523803,-61.459061401038795
A,N,84.44165938693958,-126.84908440652634
A,S,152.20081251266555,-169.7080834512242
A,R,13.518860439677516,-115.55695169520838
A,S,-49.71157126723233,-104.93157774746744
A,G,-177.26595673459067,-157.8147933984093
A,R,79.64477484927289,-82.9166540935661
A,K,177.2004810742825,-152.00261942322106
A,G,55.57830006585416,64.49796418918467
A,G,135.84315143238675,-63.62596010513399
A,Q,145.97265933551637,-135.7772744447184
A,L,123.05244146681893,-103.90027075402847
A,V,127.61239700553949,-119.04969942781713
A,V,126.6441894044717,-100.19524765132248
A,G,131.11628480695452,-116.18347501673213
A,L,129.1511565829321,-94.00860266014897
A,V,138.34367590285717,-77.13016266972738
A,N,113.25680501313204,-103.83312168092748
A,K,-12.512698802559063,-63.04292868831583
A,E,-51.710229970044004,-68.90007691273209
A,D,11.55835798943374,-127.11644245745896
A,D,26.58771038244453,56.146253809744884
A,S,160.51725484273766,-82.09572913887946
A,I,128.20299481855062,-121.56336275242258
A,D,109.7647953224667,-99.29458566837452
A,W,83.59783648083405,-81.18411860764479
A,K,-36.68733949803035,-80.58257744250646
A,Y,125.831236995804,-120.35400872387615
A,H,124.92022797595877,-113.25137039555148
A,Y,117.55428042461406,-117.89437039417466
A,G,110.28863216777616,-81.46065509543264
A,I,-50.33830834933447,-50.345820277168364
A,D,-161.90091946263445,-137.42116222143468
A,L,145.8983481394161,-60.04102557492499
A,P,-38.663614601047215,-50.232504005517505
A,S,-7.641249117561155,-84.05204155161043
A,Y,143.30079398088932,-89.77540584260304
A,G,148.75688724116912,-65.21966023607807
A,Y,120.87613788408956,-164.09117457104037
A,A,-131.46873424304428,-124.11498222188888
A,Y,141.0305413411437,-62.43524849395846
A,S,170.29829090328636,-136.42151983386634
A,A,125.98797637156012,-139.09747473890278
A,I,152.7875875750251,-118.64501336875661
A,T,145.96045157924436,-153.34776756547635
A,E,116.42917902813501,-86.93080498848303
A,L,159.80853412426436,-68.65877529392596
A,P,-35.08472409610223,-52.00741284432528
A,N,23.67194922774385,-92.70145099844358
A,H,12.078175786239772,64.7563243249312
A,H,172.80829273059248,-81.74861083120611
A,I,127.41550427009662,-115.45807336183856
A,G,136.06587168036654,-98.3977898090935
A,V,107.95177995237123,-130.8735200036348
A,L,114.39648819519701,-103.55100596604485
A,F,161.3866243063536,-144.81275364583078
A,E,109.58476940036252,-83.1735893741018
A,K,61.2899123231381,-90.90586978502999
A,Y,166.5812334879393,-167.4944175828104
A,D,96.35641762655095,-78.93834400891751
A,S,-2.3594187266792206,-72.26166962145088
A,W,-39.25783625923055,-100.33946776198863
A,S,130.49162083563314,-59.49067574164829
A,R,-0.4338388055174645,-74.95722723488032
A,N,-15.23508990612319,-91.84386538508754
A,E,32.4224895102661,-116.69974564572311
A,L,150.23007615020532,-68.54014201098818
A,H,65.90519220013196,55.25047706009037
A,L,125.95007993778735,-119.0704862725476
A,S,142.67020475445895,-82.93926668604843
A,N,46.55950658607937,56.988202792509895
A,V,-15.395555957524262,-102.57973360287384
A,V,114.97503343290902,-78.52930037971517
A,Q,161.02761534503705,-133.11667749844145
A,Y,139.8647789769874,-122.5813915754667
A,I,157.4818761934429,-138.18503517213324
A,D,123.93721190468116,-115.19301260418757
A,L,155.25949848586413,-124.28895169511914
A,E,150.3602284439384,-103.16703415550752
A,I,-48.794730031452076,-47.45026436312324
A,N,-28.46006932458595,-53.16680426926121
A,D,-38.9757612775516,-63.06579276300469
A,L,-31.071533405408303,-77.96931052370381
