Chain,AA,PSI,PHI
A,G,163.7902787284444,-58.64626582298268
A,T,20.01092663982105,-124.7921753754258
A,I,-86.01343273146202,-118.31737861538225
A,A,-34.53505780142152,-55.235888931618504
A,R,-31.478470045045718,-55.190684824519224
A,T,6.241200376773805,-100.13576263769711
A,I,136.75516536382744,-107.70644161447672
A,V,123.08828438583153,-113.56353755582025
A,L,133.94041072859883,-73.72689452617007
A,Q,-35.17426021385535,-117.39026486401127
A,E,134.0461930516751,-153.52340244972618
A,S,126.72102167550386,-75.45355203826263
A,I,-40.69776904151629,-92.60816085892385
A,G,175.91423344997798,154.0141372398962
A,K,145.1468930851234,-81.20454056780748
A,G,-176.20859464426735,-93.90602208887984
A,R,-38.58506708166357,-62.72937549222029
A,F,146.2204395206495,-132.7322467851405
A,G,-179.32746182158343,79.10566055404638
A,E,137.5591899743561,-128.73359090978778
A,V,136.4695906318817,-104.8751571177328
A,W,154.86204393097543,-132.5943814719724
A,R,119.18700659833087,-94.08176289967554
A,G,170.8997580875771,-117.16816170876452
A,K,127.62934819375275,-118.51272418513508
A,W,117.8927825008618,-130.5219166949133
A,R,39.4183306802695,51.811309223731975
A,G,-3.462026418958526,80.35677704519398
A,E,151.8003078501559,-103.3127898900161
A,E,138.11002193879256,-77.36565762914779
A,V,157.73983101796037,-135.6678211091585
A,A,136.23132674749218,-98.52698266318498
A,V,124.70478503996547,-125.48651384188983
A,K,123.97213075192359,-106.2281165750048
A,I,127.68328163291116,-113.93828306305004
A,F,154.19238503108258,-115.70520337762153
A,S,170.15046848901642,-85.4869557752188
A,S,-35.7574184720953,-56.217004065958214
A,R,-3.6995351291620246,-78.90037125688035
A,E,20.56162904991763,-107.13819478257513
A,E,-36.96352300764915,-57.805431630106916
A,R,-41.68318769851,-63.78403630470545
A,S,-45.42615743586127,-65.59168193561943
A,W,-46.123767818139086,-63.46715718724297
A,F,-43.35800621389091,-63.429168164031935
A,R,-41.02063935629366,-65.33869299658666
A,E,-39.46210832517841,-66.81394651687526
A,A,-40.566336114539446,-59.43635084054125
A,E,-47.26273497838367,-63.04246062713501
A,I,-48.04627235076973,-61.6865188342874
A,Y,-17.467047203190088,-67.71484116241449
A,Q,4.757847731831053,-92.68074663447148
A,T,135.69262710355898,-51.599102314741714
A,V,136.10483400842782,-53.30241695400045
A,M,22.0539389902271,60.959057852530236
A,L,-34.50409042521714,-72.19104855887876
A,R,138.44155541022297,-54.468102442962234
A,H,147.17642927587525,-164.76260199248196
A,E,-21.481393272651356,-57.698912614265176
A,N,22.93618676850028,-108.66380288959594
A,I,134.52281504615775,-126.42325975284267
A,L,129.58889699790575,-51.39575930735115
A,G,117.34562673625237,-73.24544407408031
A,F,135.22411671805855,-89.58707355443724
A,I,-57.56410737525793,-101.32781606089387
A,A,158.63845914804156,-167.77135189731047
A,A,147.99839195034477,-105.83911474030762
A,D,172.13668056700433,-159.47826112429226
A,N,149.13934634701326,-118.43704461450902
A,K,117.30788698181196,-138.1364055686631
A,D,117.36780460387781,-95.012012174178
A,N,-1.695898475577206,-86.43840560660297
A,G,-15.740282269268254,108.66208706645759
A,T,-49.38415084326096,-120.40784827250543
A,W,164.49517859519023,-135.607485577492
A,T,132.9016835896538,-96.95213077475206
A,Q,140.60402708797085,-104.1735132760572
A,L,116.89889728967715,-109.44696931703501
A,W,144.43993764554207,-106.88042083134192
A,L,122.58953168944495,-125.55723338121187
A,V,130.76214583180118,-112.49141524260916
A,S,176.098946283652,-138.7334580872778
A,D,152.28014717091358,-62.666211976285915
A,Y,133.10699078681242,-105.55289815696074
A,H,110.4939123280225,-122.47695756675544
A,E,-36.452737028709976,-55.247011843188396
A,H,-23.954356514070547,-65.4458437871465
A,G,-148.62382678985884,73.5863260217227
A,S,158.83263946520407,-72.88998125496552
A,L,-35.72267907757707,-59.82264497560753
A,F,-51.06476566614661,-57.39391031055999
A,D,-45.13892575582005,-60.640981073807346
A,Y,-42.295431199326565,-60.38095531314105
A,L,-27.663702419015365,-72.9117915922019
A,N,-40.24984846154689,-70.36223987166272
A,R,-40.30098200909942,-75.60838178858803
A,Y,163.52529963092533,-123.23876204180792
A,T,161.18829107668233,-105.31289697608982
A,V,156.71718767745165,-124.52157864978432
A,T,174.43875084029327,-83.64778871738237
A,V,-47.2509726767981,-57.341697789314914
A,E,-43.31617924035304,-59.22553518388495
A,G,-46.317442954297256,-60.45389409701316
A,M,-48.05674219478624,-62.06192331518035
A,I,-42.651562716599585,-61.858086979652704
A,K,-45.035382226256694,-58.05250559217878
A,L,-41.6571351874601,-67.16071603569225
A,A,-42.27109046131789,-74.03786187907899
A,L,-43.7935622803094,-65.32717825575983
A,S,-39.28907090850061,-62.892810541728814
A,T,-47.25548985835865,-62.50424187642592
A,A,-35.02873130759522,-64.46339446454301
A,S,-41.174768867004374,-68.14489603425459
A,G,-40.76694960509393,-65.75397623604253
A,L,-38.11762731537685,-67.91228544979222
A,A,-36.94284288983143,-65.1176351255719
A,H,-44.70748918328395,-68.41665933874873
A,L,-47.62940052686587,-57.31435065732031
A,H,-22.822620093883028,-69.9115882372607
A,M,132.3427328751662,-82.43209561088848
A,E,137.25915805872486,-83.52493007202276
A,I,120.66447483622763,-111.8480094739686
A,V,163.20913666013095,-76.89496751397661
A,G,173.09435860396832,122.94874937372023
A,T,-42.00788454979769,-58.43354567147344
A,Q,48.84564307675307,-102.60643824516472
A,G,162.93173761103023,-72.52963500876393
A,K,130.18245698587427,-119.50065859976239
A,P,156.5241109541221,-73.41947262102808
A,A,143.14786449527887,-70.04993365730834
A,I,136.66236908536075,-132.04534874673934
A,A,142.0596374978359,-112.03334129533151
A,H,-50.45867412170948,-75.18170755959622
A,R,-6.107380559302847,75.29742865814903
A,D,41.85158463120706,-145.68729518417365
A,L,130.6557772386721,-73.18629440400612
A,K,166.312908061113,-166.79904672752627
A,S,-27.019425228588982,-64.5252364221181
A,K,-13.857684151981438,-74.14537971235147
A,N,14.716999835413795,-106.76315810123066
A,I,137.04621012451562,-122.31757000052727
A,L,154.51873039634293,-111.13388241354737
A,V,125.56627634521833,-110.28394907903663
A,K,167.33747758727742,-83.64021900231927
A,K,-36.01775070978738,-54.996225435389675
A,N,7.020994567754198,-76.91921501692505
A,G,14.409773615324262,78.75695640404467
A,T,161.97876553976866,-109.08371413180932
A,C,157.71646643793386,-101.68196331184582
A,C,136.47873646029453,-137.53948536742794
A,I,135.44577881372632,-76.73304732523756
A,A,-170.38182122459932,-130.71074546553774
A,D,56.28931270230314,50.25691911790342
A,L,7.18516082896899,-81.51119716537706
A,G,-25.711422539499434,-59.69077459245179
A,L,7.412640115682338,-99.37246917686186
A,A,159.0720900447418,-64.84332277483288
A,V,147.86933571277194,-123.66133080230948
A,R,145.05541546502238,-118.03651930132258
A,H,141.72481067720128,-106.42990019083625
A,D,103.28667084112949,-105.91908792391588
A,S,-30.841841277570524,-68.29584030200975
A,A,-29.811007121835175,-63.93403870363539
A,T,-12.59017404719842,-111.11271655300322
A,D,47.76756426738704,59.28770876187887
A,T,157.94011634022377,-120.44958072857621
A,I,140.2875494790436,-112.42045202513167
A,D,-23.071969731827554,-64.56096170665785
A,I,170.20863631156567,-121.93559922458775
A,A,96.40670446466034,-94.89952020144831
A,P,137.4055443442796,-67.79486409389489
A,N,148.54921733874474,-87.25702209226752
A,H,148.64698977329383,-71.61194969233182
A,R,50.94437857419102,48.72898429916367
A,V,158.63035797562662,-84.11611053128986
A,G,177.88553007579588,109.46997927620826
A,T,125.59685127509654,-83.28109339184202
A,K,-39.91519538670564,-59.040998452766175
A,R,-32.674260385510564,-57.5956333657063
A,Y,3.1280007378394328,-99.13186140729093
A,M,135.70485639050338,-66.99074276111887
A,A,155.37655094670217,-66.78718556468803
A,P,-43.33658631794002,-49.71346171299349
A,E,-22.85913411696074,-68.68762092979006
A,V,-44.296750924520886,-80.14183759746994
A,L,-39.13767877854663,-60.91092752142014
A,D,3.1026054406786177,-94.81479126618363
A,D,25.726950432004973,61.58997178607145
A,S,-14.596113787813533,-85.08277955528462
A,I,136.9583400710663,-54.64852785438926
A,N,102.20340342439823,-91.80514447412644
A,M,0.10026979519731329,-77.72848593467134
A,K,-11.685653990456712,-90.72674930758924
A,H,105.1282781996155,-102.20173611224097
A,F,-38.22154368282202,-57.123778962098044
A,E,-31.41098256698031,-55.971052262142116
A,S,-37.36972734727224,-59.90677633082187
A,F,-36.21409656795533,-71.89965017279465
A,K,-43.312882680946345,-63.23881666715628
A,R,-36.935910048415344,-64.29401551561543
A,A,-37.37388518308399,-66.23332808043526
A,D,-37.48161917735226,-61.599124669053936
A,I,-40.71345039671575,-64.69589962700367
A,Y,-48.229311447421175,-55.788391108677466
A,A,-37.419930588030894,-64.2130318111993
A,M,-36.08143660105748,-64.91543085714702
A,G,-44.64988636358706,-56.494886300145396
A,L,-43.82059752474619,-60.620876891049264
A,V,-40.951077014456565,-61.47222821663162
A,F,-36.54538849307014,-60.803961905596886
A,W,-41.38346448641481,-63.55053117654801
A,E,-40.7386970707848,-61.31780822359588
A,I,-48.91509678062265,-67.1612341734094
A,A,-34.860850189613345,-58.35058615829053
A,R,-30.513134051108345,-58.084236343149875
A,R,-0.24161317297326995,-90.97570129005808
A,C,108.06202396262712,-78.14424515157452
A,S,117.79960877362649,-94.79502690526542
A,I,121.30092059490698,-122.66604642433275
A,G,33.67776948113969,59.273121769285254
A,G,5.337243858223794,75.04242559055515
A,I,126.18994508148438,-100.00401087600677
A,H,169.63001913100408,-158.6449419181062
A,E,159.64155456616479,-99.93588182635098
A,D,159.85961073422163,-69.08512194897227
A,Y,133.4304192828549,-69.2502470190497
A,Q,153.61810081328633,-146.38740382177645
A,L,153.65026808630543,-76.71351704061183
A,P,137.38269189895092,-61.54171195153794
A,Y,16.78842477214355,74.38565547655566
A,Y,-29.749489210692584,-56.49903303688308
A,D,-4.589815641271059,-84.96472210403395
A,L,-16.017862718460652,-134.96662409354968
A,V,159.4421529947975,-137.52415106394434
A,P,167.51358130102747,-68.30882335789087
A,S,-39.82204567396213,-54.73867736230834
A,D,76.27527889871428,-119.92974348913845
A,P,154.1048179330329,-72.98450577894916
A,S,168.4838452382357,-86.93531339138116
A,V,-44.88151029520957,-60.0291188341987
A,E,-42.43049661852705,-60.81637012999009
A,E,-43.112630492511435,-62.685243546267316
A,M,-44.51752353099339,-68.37707185792064
A,R,-40.50208317472943,-59.78316727602519
A,K,-35.79289760493827,-61.451582630084324
A,V,-50.335050332356786,-80.93185002558678
A,V,-39.57429820762901,-79.60012427926875
A,C,-45.97073845437335,-94.4334908958415
A,E,-54.1365482152109,-83.91693666306857
A,Q,-16.954397119506122,-78.20360394188336
A,K,37.432259377677255,63.79721859075755
A,L,153.2728332410232,-91.21397714971036
A,R,168.5834522839523,-130.88886187786338
A,P,143.35597315548193,-58.91659107500212
A,N,139.90459196713604,-71.0837800025891
A,I,108.56660391613276,-97.9823771482677
A,P,147.79014884799162,-59.53677110039079
A,N,-34.82639194845804,-60.495440983300554
A,R,-15.305886563597308,-62.341293020703084
A,W,-15.880224453207248,-73.64816015113146
A,Q,-18.345180138969173,-77.1034414594451
A,S,-0.7825439624248932,-85.20466020403128
A,C,128.00731751181308,-134.87288193101148
A,E,-47.34115475820688,-57.37591338095426
A,A,-41.70755962208936,-58.73712803311445
A,L,-31.98349369714369,-71.096072988675
A,R,-40.7813332563018,-65.87966133077683
A,V,-46.73204455429781,-64.66980066441978
A,M,-47.69431746186144,-60.35552495736072
A,A,-38.16586884631235,-62.0153236117438
A,K,-40.210392573375735,-66.9042440707919
A,I,-47.26706895763456,-59.587383934575385
A,M,-51.00286505266288,-54.0744980482787
A,R,-35.52102948961545,-60.153625250422365
A,E,-1.4038253085354722,-82.90052166835612
A,C,-21.579438128888572,-99.23393751741028
A,W,0.6766973145493863,-96.6793262890433
A,Y,139.5395016457789,-52.83699423171678
A,A,-32.60879105608784,-64.43512697739041
A,N,112.38299376855466,-87.05892332954693
A,G,-37.20845274784313,-54.24922591375785
A,A,-20.39746266843046,-62.170874849554295
A,A,-12.845466177896249,-87.83499288741845
A,R,154.01860156434998,-67.76893691880719
A,L,154.19952757854708,-62.315751354806686
A,T,163.3334974076314,-90.38584203370225
A,A,-36.93084182385487,-64.05537531716931
A,L,-40.15038798646828,-60.909385582507255
A,R,-40.18417541346357,-67.20974930548869
A,I,-45.01379432934764,-65.01204438866071
A,K,-44.03621080814235,-55.14415570471225
A,K,-47.00238801935415,-62.825909296462626
A,T,-45.36864263742856,-62.04769951024508
A,L,-31.176400632074706,-70.37580535403274
A,S,-42.83810778008372,-64.91552985428416
A,Q,-39.228767029186706,-62.038612587558895
A,L,-41.00796431879716,-68.79761038721603
A,S,-35.2386121751118,-64.74432592888877
A,Q,-52.67204641728121,-68.12454293498207
