Chain,AA,PSI,PHI
A,S,154.38219611389007,-76.51633089545989
A,V,-29.874615572843695,-66.85525772221284
A,D,-45.67606367501034,-60.216066751823156
A,Q,-43.24608591366061,-61.343226191150606
A,K,-39.6175954753587,-63.67597282559379
A,A,-46.64695735233488,-61.50889766031051
A,I,-46.040902827704535,-59.288027475243965
A,S,-42.49755348209148,-59.500335303572214
A,T,-47.02086607027413,-59.85855475666069
A,I,-49.48179234131471,-58.7893577444439
A,R,-45.30124020392089,-56.80734296157356
A,L,-31.950760250548385,-77.55134588589915
A,L,-43.26996324245564,-59.81316496677668
A,A,-46.57683764440244,-65.67526081946696
A,V,-42.55363243724391,-61.37819747837216
A,D,-35.28467925730369,-68.29246735057744
A,A,-47.85132472130712,-60.89355393001023
A,V,-40.22433187065594,-61.182297725198076
A,A,-41.83809357761369,-64.52393141863355
A,A,-40.514794304975744,-62.203218632660864
A,A,-20.66721753253836,-76.6038304184037
A,N,38.87610019130977,50.55447777378669
A,S,141.67186010746858,-162.24939537180404
A,G,-167.18437909628776,122.39921816268462
A,H,101.43104045566668,-124.14701015859508
A,P,-19.482570756470516,-91.0452451791898
A,G,-56.653235251788736,-63.65754854079387
A,A,-37.064532357347225,-67.66898218821173
A,P,-44.25505049377931,-55.487972839272395
A,L,-39.014504106650335,-63.3604810744721
A,G,-28.431579424183028,-76.09294261616536
A,L,-0.7089047735262073,-101.30536478513656
A,A,-41.70166250754373,-58.47816496279929
A,P,-45.56733913813843,-58.41700575622364
A,A,-39.85718216173872,-67.56048016547663
A,A,-43.51991270567944,-60.80395930968602
A,H,-47.42404939839717,-59.54682219710046
A,A,-43.75328197759645,-63.74598565940454
A,V,-45.645061879646235,-67.80640828914133
A,F,-30.308776189424382,-66.03590667998563
A,K,-27.323154477355363,-66.94244408711252
A,K,-17.46360705726039,-85.92446887616083
A,M,146.47858318515247,-80.16467019081554
A,R,123.35503249700756,-100.02293554196514
A,F,157.2367174653175,-162.07280472328122
A,N,107.81233998648113,-121.95881027669353
A,P,-21.770163288926284,-58.02830193155004
A,K,-1.503160913345836,-93.47419981264439
A,D,84.21039668161923,-147.01540994613853
A,T,-6.621013596152227,-68.04485694550164
A,K,1.1605542610205357,-104.55506611569439
A,W,119.51072270860872,-50.939561921600024
A,I,-17.853578107316523,-73.8053062698569
A,N,18.81801712774635,-101.53055538139793
A,R,148.51165553222242,-65.03849338636977
A,D,147.01587503792467,-68.16697380308781
A,R,143.2228130793199,-107.96517868371915
A,F,135.20795319856074,-118.44082500638652
A,V,123.90470716685965,-129.42077456130897
A,L,91.8263896032382,-92.73996760196455
A,S,-34.43685958678348,-71.64613031516149
A,N,70.64040338958371,-81.92560018139037
A,G,-20.467293153200092,-67.61142504590427
A,H,-22.47195010175501,-57.80915452945946
A,A,17.4374054799536,-81.40154129469774
A,C,-18.101531279976594,-63.58223093863605
A,A,-30.3294563411111,-57.61691992700214
A,L,-52.15846595024086,-63.213706292863385
A,L,-48.51603792040702,-58.42056857316738
A,Y,-38.671173676124326,-60.23356172074487
A,S,-41.653492231480556,-61.80692914160747
A,M,-43.24187841147057,-62.010434674369115
A,L,-37.960671190716766,-67.29651965508882
A,V,-48.85792084962757,-65.14776333971112
A,L,-30.82159303685742,-63.91569958287674
A,Y,1.4760629692385385,-87.53323075433633
A,G,27.13168075505356,76.03213089660925
A,Y,173.9986641898318,-60.779894438664286
A,D,61.77738471985658,-77.31552000687398
A,L,127.70469561383754,-157.14327306067318
A,T,171.14303082981178,-118.32009587747561
A,V,-38.66421721809479,-56.898932887879106
A,E,-37.436792701713706,-60.758660431174484
A,D,-39.515480101158836,-63.55497240766999
A,L,-34.73732318205226,-62.67563080940892
A,K,-18.010630309741334,-67.36739785470913
A,K,21.308316734503357,-102.54804143893303
A,F,131.1108150659777,-49.566380566000504
A,R,18.877555010489775,65.01476367290779
A,Q,145.7594821440374,-105.5382779334379
A,L,123.46770112611743,-55.69599875691666
A,G,3.8361607790898336,86.69522598354476
A,S,164.617261927943,-82.43083524974703
A,K,12.085781307851299,-86.2991701537784
A,T,62.01575728787167,-130.29322517278672
A,P,162.07897599572317,-66.25170853976967
A,G,-19.18495541466718,-63.80660508951553
A,H,147.26046557040337,-133.89201664080085
A,P,139.95703483389525,-73.05478319570729
A,E,123.25726450604753,-124.66067632507489
A,N,-22.943250523478493,-66.04485900781941
A,T,-20.376975757071325,-76.8755956588214
A,D,-23.726246531076164,-117.92429453732304
A,V,113.10178405112242,-112.96881248258964
A,P,128.88858378173504,-61.07847708036478
A,G,-1.475795271409146,91.02274799262041
A,A,111.62515446765785,-90.67061456327617
A,E,-31.085396272123134,-71.47394951173789
A,V,168.56023953079765,-145.64699608057037
A,T,117.73938822550417,-98.07844782322597
A,T,178.74614220266957,-125.3788545061102
A,G,-60.454020716979436,132.46170635137497
A,P,119.60401651252359,-58.3170347836801
A,L,147.4567309774746,-68.08902463112928
A,G,-23.09173410792846,90.27446930258576
A,Q,-46.511967351753626,-70.3505338128509
A,G,-43.226096369946816,-58.43010908376551
A,I,-38.185588607494815,-63.127840583334745
A,C,-38.95644051228044,-66.92458820628028
A,N,-40.217276388726326,-58.061787411351816
A,G,-40.86216400132931,-63.525333518195175
A,V,-44.00418334070509,-54.50716443658475
A,G,-41.88754151379839,-65.80479000728431
A,I,-44.19220078693129,-60.47750307384176
A,A,-38.66033095423088,-66.3793171896908
A,L,-49.111644182068666,-61.258511502548295
A,A,-44.210990283769135,-59.67677169353998
A,Q,-41.44199033414156,-60.14151520249813
A,A,-43.4323973741986,-64.0797744091689
A,Q,-42.885439413809756,-65.62947039708811
A,F,-47.666047332533694,-63.40128056183071
A,A,-42.7314087696033,-61.728410202368934
A,A,-29.972866849988367,-66.4818979955035
A,T,-40.779447969385174,-74.78885040918419
A,Y,-26.43852694899679,-111.7054434156642
A,N,143.12044664228904,-64.57800366164054
A,K,164.09656247068278,-133.443446810972
A,P,132.50832174752787,-53.82340104911555
A,D,7.0423039772115015,67.16990453237673
A,F,78.47604075070747,-130.46342977294267
A,P,72.04356041214866,-79.74530447472128
A,I,-38.857882138716214,-56.70119336387368
A,S,119.3145593839229,-133.05866556072982
A,D,31.16349301382733,-149.76756116572355
A,S,161.61989377158812,-90.18305053861476
A,Y,162.5245852154603,-108.63157636557153
A,T,117.95198780834755,-124.17593836707672
A,Y,127.7165649082651,-111.39912575434248
A,V,131.83589831012418,-127.95081887087157
A,F,137.4299641822244,-98.21042554703305
A,L,157.4634498822673,-146.70237885511287
A,G,-170.54821431758452,-116.54043072484528
A,D,-39.138147734630486,-60.55496942426408
A,G,-47.85543181755988,-57.68721598475978
A,C,-37.910663732100076,-58.860515618401664
A,L,-22.242875947726773,-71.01698253554606
A,M,-27.979286296176813,-83.61213169903768
A,E,126.78401928239002,-70.74229813204356
A,G,-33.15681815535363,-55.94421537378033
A,V,-35.111096285083924,-55.70754121815147
A,S,-30.39478519434277,-72.9085939278068
A,S,-48.15608904589412,-62.70029584662258
A,E,-53.5685909955514,-52.228297145925424
A,A,-30.972462687490797,-69.31640590766652
A,S,-39.82728122459695,-74.8800398888677
A,S,-49.4158526143147,-56.28083467471916
A,L,-42.872195443659294,-64.88955678543418
A,A,-36.814912752615406,-62.57031545109588
A,G,-46.3612755364004,-65.10978449421006
A,H,-42.88681421843284,-55.497237229968576
A,L,3.1178696776586676,-80.27438989776094
A,Q,41.21209481244637,55.414610952278395
A,L,81.9513633169531,-79.92257557087673
A,G,-6.938632169234331,-72.0598081583321
A,N,-7.0115379353346565,-82.71724043488113
A,L,127.17684356118589,-102.2597458749072
A,I,112.49576245552915,-130.95164279502936
A,A,150.83009895308106,-108.73681862164752
A,F,116.42440765075368,-127.66519823977085
A,W,119.55143719839246,-88.24929744043068
A,D,89.68504307822819,-76.12638531860733
A,D,83.24859825403203,-88.14606738371296
A,N,3.619299692067226,-116.13253372197687
A,K,15.741671384466091,64.95509473349212
A,I,130.37326417386444,-129.34993348698865
A,S,-172.35744587728237,-122.81601520958928
A,I,-43.4588702860993,-60.449890199255925
A,D,-13.724795425437888,-72.8083719028925
A,G,-147.28399939767172,133.7089585308791
A,S,146.41583841508776,-58.099432328256604
A,T,-13.423679714296972,-64.2709475256716
A,E,-21.418213429723238,-61.854526887599015
A,V,-15.564419323748194,-82.27958337839469
A,A,0.15767555372688147,-152.03115979764365
A,F,79.0578228339072,-148.784011966741
A,T,5.45196078115431,-113.55328983512524
A,E,157.6039543353311,-61.60509013968137
A,D,87.6208658803504,-85.52443553469683
A,V,-44.90738348324319,-54.28238525658077
A,I,-44.25159638411543,-63.11325939682051
A,A,-39.10652309905191,-62.93863106557815
A,R,-47.621840911469526,-60.989807463492866
A,Y,-34.057599109169,-65.43032156789421
A,K,-35.49457145737872,-63.473479175103336
A,S,-27.06246938997882,-65.09677484002587
A,Y,-9.844597615701645,-78.33769982372863
A,G,20.636243904565028,89.74290264736425
A,W,151.46965025077017,-82.92579255185824
A,H,149.99487140452507,-80.92571850824118
A,I,134.67308253042629,-124.27768201009066
A,V,129.86764825250822,-126.29647397859735
A,E,131.52095598182913,-106.14332478850194
A,V,103.07066097889562,-113.73311219363414
A,S,-25.865811809586752,-73.02065647414184
A,D,76.43588022620742,-125.24968822438247
A,A,0.23805389294373977,-82.07864147976284
A,D,-31.535620411085663,-72.44827070972423
A,T,-22.31697036192983,-131.54601187581977
A,D,73.0826190632344,-90.54605681387811
A,I,-24.879827217938683,-68.6374343390381
A,T,-42.63301901971376,-60.36513710978526
A,A,-36.094003939999816,-67.99203899346263
A,I,-46.97342256559479,-64.4395965710958
A,A,-42.430119216116964,-58.90070327109726
A,A,-32.59663647124367,-64.822436403424
A,A,-39.03486153337972,-66.22570893510043
A,I,-43.98968561923051,-62.47350668035319
A,D,-41.35274754885493,-62.32748411116441
A,E,-45.327977522460486,-63.554214356819315
A,A,-41.783508465443816,-55.77111971460551
A,K,-29.317558944580703,-66.98548132230168
A,K,-22.12486729268942,-68.42392518979338
A,V,87.71064052905385,-96.74764305014165
A,T,-9.881723007047816,-82.17163802973528
A,N,16.245956461422494,-115.41049644956537
A,K,138.4113767494024,-144.29662739146403
A,P,151.01957649456662,-65.3176163317266
A,T,135.7106807111946,-115.77885122732886
A,L,119.2610099492792,-105.43815449492989
A,V,116.00118511512164,-97.80897206202698
A,R,113.09601885553157,-83.56933481804258
A,L,103.53135644410219,-100.52441135448198
A,T,111.17888224656743,-82.4158298715185
A,T,163.2931404775104,-127.94444285164388
A,T,113.11598105601136,-98.85012460164539
A,I,137.85463390074136,-59.156903377351746
A,G,23.048915539421394,67.94518195415255
A,F,125.0244795586637,-41.80548604264517
A,G,-31.046033410605993,99.77312070483178
A,S,149.41914192902246,-64.79859357447313
A,L,-26.669823323610434,-55.76337766021155
A,A,18.7043064991821,-102.9039802142271
A,Q,146.12234232805574,-55.95561816903157
A,G,23.74582966818689,72.0724808103131
A,T,159.21167879206345,-133.02755564179247
A,H,-13.640919142611745,-75.20104280888518
A,G,-27.554907610657224,-66.12679722771358
A,V,-2.349176670283247,-83.2775944721744
A,H,-49.792506126185586,-64.97178648633754
A,G,26.58396895685916,-139.88795461832885
A,A,150.0083181276034,-137.0146437976711
A,P,144.84605474787494,-58.236863294363175
A,L,155.22327867290238,-70.04303509491415
A,K,152.68385844170072,-69.07475050279433
A,A,-44.601361511248285,-56.87481167600854
A,D,-30.60246788615043,-66.22493104951309
A,D,-46.61023748063051,-63.37527185736381
A,I,-39.69597397151745,-61.26132013308355
A,K,-46.117992156501344,-60.61986797632795
A,Q,-29.58975706710007,-72.08228665605061
A,L,-49.84414100240756,-59.032466288088294
A,K,-48.24235426038045,-63.19846005214578
A,T,-39.542021797879904,-65.07185940935639
A,K,-16.506694505828726,-75.22230205491825
A,W,7.432597737023099,-100.52419983733739
A,G,12.584809247750878,88.75798956602733
A,F,165.23134457229577,-99.88300646354591
A,N,116.35612407629075,-86.04387452307675
A,P,-14.184012947285254,-66.69381671061394
A,E,-3.9046673632785622,-86.82755686251205
A,E,138.39225119953088,-111.38813830084659
A,S,154.1326185712381,-117.91598706516598
A,F,42.25278666488371,58.79123001193793
A,A,135.48971770363437,-74.37463344636438
A,V,97.48879681341232,-131.7778959321064
A,P,133.4052879576237,-62.17857150431417
A,A,-25.741146266011558,-63.467364673505095
A,E,-27.002773314699333,-66.42065302127386
A,V,-50.06794964956291,-75.28086727776572
A,T,-27.63177022279618,-67.38832405487568
A,A,-45.001436443515836,-66.28589653612028
A,S,-44.26799617007438,-59.747178362513644
A,Y,-40.883365353803974,-66.47831494925154
A,N,-33.871502440283514,-59.01902270358472
A,E,-48.067746157572905,-62.700478012162314
A,H,-40.038760977722845,-59.603205072878055
A,V,-45.02748092976361,-59.55271635129089
A,A,-44.742585799307065,-60.160341393772384
A,E,-43.98905751115128,-58.89681729765699
A,N,-38.54380927875402,-65.35853958885939
A,Q,-34.773637214999646,-66.2399141657598
A,K,-40.066112496958205,-64.1507765067232
A,I,-42.63036685108916,-63.40679285915111
A,Q,-39.31739908109341,-66.4644013823471
A,Q,-45.76258379033589,-56.91678301943362
A,Q,-42.06650341342696,-63.80479025181427
A,W,-40.590821414941914,-58.000549371449935
A,N,-37.020887754667406,-62.52180323950511
A,E,-37.584104666302494,-70.98066954483744
A,L,-43.98455890823679,-57.62925039467244
A,F,-39.59199495202498,-67.16833325412014
A,A,-41.66209284626814,-60.98015992233204
A,A,-33.66769837400169,-69.36542306244446
A,Y,-43.017795664320346,-62.63116470172154
A,K,-28.905754775090266,-66.57624120778532
A,Q,-42.873856570271876,-69.2580697415338
A,K,-31.34490282692765,-81.16253764985338
A,Y,72.20939342532763,-132.27814236044077
A,P,-33.95113014315863,-60.333784399045484
A,E,-56.062757106813635,-72.48189397272807
A,L,-40.018036023685156,-60.28490870939492
A,G,-37.24540838431113,-64.55548624564935
A,A,-38.02729440275177,-71.21033013617995
A,E,-47.96397052358578,-59.58279485463478
A,L,-44.25159989204834,-62.551744497120254
A,Q,-42.993366079371036,-59.33582818593032
A,R,-46.29988138933153,-58.50401263430844
A,R,-41.37829386310133,-64.40131095802559
A,L,-24.163208138898735,-69.2818894198392
A,D,-7.067095028356884,-78.58909120577664
A,G,23.185404298485675,84.22303450292846
A,K,133.95698783851321,-118.1158307860969
A,L,162.95870145982443,-73.02062312279787
A,P,143.2082540174124,-58.211248683623
A,E,129.48409263488136,-55.95174010588248
A,N,29.88207361038742,57.14425263295614
A,W,-32.56984686856572,-56.82774465618219
A,D,-7.492904846477807,-70.60160898846668
A,K,-15.796460053632533,-66.25837118233542
A,A,-11.836161611801908,-79.64175116065462
A,L,131.9670155677123,-68.48965367321429
A,P,144.37211702429218,-63.17437714929258
A,V,138.58697802935527,-127.49346870361313
A,Y,162.4806723632102,-122.45699096070221
A,T,168.88766646892373,-129.64436371528691
A,P,-8.502909957024707,-67.58608920995131
A,A,-10.540379432704691,-81.82711623538101
A,D,159.2836957476304,-79.90656592666357
A,A,160.45969751954794,-68.86940259154494
A,A,144.24182533120998,-68.648886974441
A,V,141.05580882826706,-147.402785945015
A,A,145.5396887609939,-67.54012390048626
A,T,-18.428174502731977,-74.48512942889933
A,L,-32.04065771665858,-68.2582920697171
A,K,-39.734238432943116,-74.81032172494008
A,L,-40.62674304984487,-58.037335720907336
A,S,-46.952262424347175,-57.890260011353696
A,E,-45.347331753744484,-53.0701406989809
A,I,-44.01260979982157,-63.0394895182758
A,V,-50.06013411902625,-59.17347040736957
A,L,-40.13105967386838,-58.85994040804988
A,S,-27.315636280665004,-62.482969804586894
A,K,-36.038237379707866,-87.97024614397765
A,I,-25.92739904536329,-94.55997972989485
A,I,-42.73210478681652,-60.120728196464626
A,P,-26.18959124596265,-63.474031193246844
A,E,-19.05057413482423,-91.0975031341348
A,V,94.66570913614264,-131.64162967842236
A,P,-23.855292862855855,-66.35864036225816
A,E,0.5158660657855997,-76.4027302903989
A,I,122.02064225692077,-83.6710360504753
A,I,161.78519709897967,-134.23437901898035
A,G,-172.25666292777743,-179.25466493448803
A,G,-164.5317287709555,-167.4969442147848
A,S,154.09943052514492,-140.8074157255706
A,A,70.51339921110934,-91.97029495591813
A,D,36.007680111544154,59.643991974797515
A,L,32.12271157414266,-133.02941666639742
A,T,-44.227720872704715,-60.12187366688657
A,P,-13.241196955908693,-72.1377680171449
A,S,-40.2263866203016,-102.96754741487428
A,N,-28.557414584228066,-76.2495584826121
A,L,57.97509106680256,62.03110584639263
A,T,-2.4420997799755852,-106.92316979932136
A,K,133.5836570429096,-104.5330842367837
A,A,128.8534362688479,-84.04786155000649
A,K,142.0067636538279,-56.99769846286584
A,G,7.603036306213225,85.21074675075008
A,T,162.4051004556667,-106.83711695536915
A,V,150.30124654280263,-111.86738734049172
A,D,147.3110449569394,-75.02586009455896
A,F,109.4988636328926,-74.03055813387634
A,Q,156.38201106258896,-151.5947522962914
A,P,136.50935318928933,-64.41820854275451
A,A,-31.52088589634186,-58.22286852170357
A,A,-25.940012758248514,-55.613716696650314
A,T,-18.73886136702415,-78.81881391018925
A,G,3.3614282338497268,75.53630480768223
A,L,-5.837317020392909,-102.8514392942773
A,G,-156.51388973125566,175.21858437100832
A,D,159.70604383485252,-151.86200353105033
A,Y,-17.659169162613335,-66.4636586582536
A,S,-4.444538907369439,-77.23260509402333
A,G,166.21790638835927,-67.43624971145391
A,R,0.47103851224361454,-123.00495318171484
A,Y,123.82533035348033,-123.03591045273744
A,I,126.41097672387039,-105.03114039914993
A,R,91.57411956670778,-89.4452586734177
A,Y,-15.310319481734634,-73.51646126359282
A,G,-167.6013531239703,66.69377454781396
A,V,72.51301831572499,-88.95298172126753
A,R,60.88203286887942,-145.06726826519858
A,E,-46.24512232593493,-60.02975139992801
A,H,-48.66263940790616,-63.092617850469495
A,A,-36.17486673425424,-63.426408452994195
A,M,-46.05249376434043,-57.409514662264414
A,G,-43.7735176259784,-57.905889882184475
A,A,-31.882226026898987,-76.98047724017954
A,I,-39.82514351751314,-66.6714982170632
A,M,-38.157903242250214,-58.08761465516217
A,N,-39.617467358457546,-63.45864064008588
A,G,-39.882617819887166,-66.36452242773944
A,I,-43.900630951861395,-62.6624296183678
A,A,-41.757709373237994,-61.362444599008654
A,A,-28.52589358466296,-63.86920583836725
A,F,-38.03121277092927,-55.98266730876381
A,G,-144.84434351237311,97.01417683051329
A,A,31.684407521435926,52.16975744931125
A,N,20.750266817708432,62.953097867247706
A,Y,130.67484620746254,-55.18159463327474
A,K,96.12759790870632,-121.89935544619945
A,N,152.13513204165508,-118.97553834977211
A,Y,160.800983724595,-135.15522558081616
A,G,129.5873747671871,-147.82673656285556
A,G,136.9464066787627,-102.56309665657713
A,T,178.65000513379053,-161.7542135604504
A,F,141.252719186374,-69.85809742509795
A,L,-42.212107740401066,-51.081921062579255
A,N,-24.32797132399327,-62.04390093982033
A,F,1.314928227304714,-100.67106181683165
A,V,-31.058510248551546,-55.61535418473165
A,S,-29.905294471483742,-58.924444916987376
A,Y,-24.255970579501767,-57.96188440998166
A,A,14.91594016326973,-106.85933387685384
A,A,-38.92207678026299,-50.90352192446984
A,G,-41.694878369328464,-56.17556300402863
A,A,-38.73445156683623,-78.63199509147509
A,V,-45.800012428306594,-58.681996734064356
A,R,-31.56381242742068,-64.45659840788572
A,L,-30.463691222207324,-72.41546526942031
A,S,-44.383051465350476,-54.68963173804785
A,A,-49.634560710652366,-67.47188278546714
A,L,-30.49101014208866,-64.47938070053397
A,S,-9.467785599899448,-87.53844108449464
A,E,44.31031302889565,62.766855607177526
A,F,131.1602464063206,-99.56217181011114
A,P,67.54441815951891,-84.00188157807479
A,I,161.64797459295357,-94.94128199946745
A,T,124.24995089130373,-136.18913883424906
A,W,126.91722991601962,-94.65011236648716
A,V,93.86178874068587,-98.57992074938083
A,A,90.60775549632567,-109.73464784219856
A,T,177.86933809779512,-90.50555347592271
A,H,55.84408024199532,56.042239422347386
A,D,-11.8655782650635,-75.72007541387188
A,S,-172.69947568494808,-157.85337524900515
A,I,-19.08003526315072,-51.963172764223145
A,G,-23.327913091213954,-52.52191813596266
A,L,-22.368099387191304,-70.62182199951253
A,G,-115.9289682117021,81.89556585181464
A,E,-29.31445172033347,-65.89055176653468
A,D,-25.016637817386336,-57.81419356907809
A,G,-168.8440469494217,83.85580114684116
A,P,-18.885441115175382,-71.08292465027482
A,T,-16.192733506687606,-67.33839055774932
A,H,-10.559171249692334,-115.35258070312736
A,Q,114.39209682392885,-97.46740930352111
A,P,139.78365718455385,-60.40424109032878
A,I,-52.40191533545405,-125.87534374346849
A,E,-12.503451817596657,-90.0946504299297
A,T,-47.36252001130537,-66.23511888011784
A,L,-37.71301906100781,-65.96260586359644
A,A,-44.02253608938671,-60.22566186149125
A,H,-50.60135321937198,-55.86776875790173
A,F,-31.38137660060559,-81.25685874798555
A,R,-31.384318906234828,-65.28669841709227
A,A,-13.727041894026994,-75.25108510130192
A,T,128.09505608007538,-82.52574803694824
A,P,144.09041278293338,-55.72915846011992
A,N,42.78789341621559,62.33097193321725
A,I,124.76514083589167,-123.6338347408232
A,S,117.23026987724273,-87.83257395439303
A,V,95.01694206008833,-116.22560149781823
A,W,135.27633671244863,-87.53828352396282
A,R,77.29827415483065,-132.66085884761355
A,P,145.30260876846646,-70.91221865588209
A,A,-23.534473178043555,-88.39031151938455
A,D,-169.39093155316274,-160.82037873392466
A,G,-51.2941394289202,-57.768977075826264
A,N,-39.45124133007454,-63.74657643207871
A,E,-32.81379966128854,-66.92695933587841
A,T,-37.04144055764581,-67.42779121580928
A,S,-40.722161184842776,-64.67637858433646
A,A,-40.17066054750235,-60.529113362762075
A,A,-43.239860907619416,-62.440270511276466
A,Y,-36.1062489230603,-69.61830949560749
A,K,-44.43921336542397,-57.22668871836221
A,S,-46.83360395940684,-64.73138495307896
A,A,-38.64298400773597,-63.64506875644864
A,I,-35.01295679531272,-80.86100573469051
A,E,-20.728861311599,-74.84590306820769
A,S,138.11300021602153,-52.427964347725
A,T,-20.84370234724291,-116.11032324402025
A,H,7.289512937493704,-137.18200760457245
A,T,117.06957305300176,-139.04060278912823
A,P,152.27623741989086,-67.3015292425347
A,H,141.93928186196243,-121.4891494568984
A,I,121.34526618921878,-122.26084331253318
A,L,108.02483094805154,-103.68001748370152
A,A,114.86120346709893,-86.32418588772259
A,L,150.05753174052805,-124.999588064776
A,T,148.52711312237236,-95.90244132505704
A,R,-38.503984222727105,-73.80629246097784
A,Q,153.6569933526175,-87.02664995284282
A,N,139.50667899053997,-73.29523191475086
A,L,145.18140832115134,-125.32770926182256
A,P,150.7736947666395,-74.7758624681238
A,Q,129.48301569685393,-67.06220731790792
A,L,137.85547138196563,-88.5816871215728
A,E,123.27869994728998,-68.73870274859205
A,G,-7.555939407110281,105.23897169166652
A,S,153.9809700500568,-87.44324683889576
A,S,159.02735056478127,-161.01786926679077
A,I,-47.109498400034724,-61.06802675691784
A,E,-48.02991807926803,-56.03752922677903
A,K,-42.47598744262058,-70.77829373921773
A,A,-21.510474494022475,-68.42522601718922
A,S,-15.26992664074803,-63.110161784423376
A,K,0.48684528070023797,-84.21670776026566
A,G,-44.145103696532196,85.65761147205708
A,G,140.37417802737127,-141.17510323281888
A,Y,160.9571156735868,-154.95817822007257
A,T,112.68984748534409,-80.7892692238941
A,L,-49.57720078566387,-83.24610286153029
A,V,113.39467879846742,-119.86534828839198
A,Q,129.0989239875511,-90.34832962422328
A,Q,100.04560210666713,-131.80333900406174
A,D,-28.324936649181627,-60.41986148363576
A,K,39.523435232043724,-108.80724164638505
A,A,132.96651758337802,-66.00985888666159
A,D,-25.251936219691896,-79.71936385545719
A,I,150.52008506720318,-156.93547979285154
A,I,130.66251961330164,-113.04406255776968
A,I,122.8493898584846,-99.75767161000111
A,V,130.9503545343356,-107.44639238279701
A,A,170.4817372539559,-146.12219583173777
A,T,158.27367485940513,-133.11315335026896
A,G,-133.25015554184316,51.9929837611143
A,S,-18.387068278311194,-60.13402336202559
A,E,-5.636579854561253,-88.81971747421233
A,V,-46.70618969620794,-68.66929469778495
A,S,-37.62295976224904,-60.3861781550018
A,L,-44.10997652867063,-62.67355226183231
A,A,-41.97140165218949,-58.35372533942539
A,V,-41.10600792898902,-64.72641309535236
A,D,-34.428680491818625,-65.86084425328947
A,A,-34.361568407226265,-67.32455678714702
A,L,-41.861141361598655,-58.531889698925106
A,K,-41.51975983747749,-64.78411538532688
A,V,-45.250282830228244,-60.289143389569574
A,L,-36.84221630834236,-62.24423043045844
A,E,-42.436266674398304,-56.12190398765327
A,G,-16.249604750421184,-68.01132007921352
A,Q,8.778328824070872,-98.60237543116726
A,G,21.680202196710184,78.00689938971983
A,I,129.03211795217493,-116.88227006290587
A,K,125.75732426078551,-97.9337883363097
A,A,146.6659744330723,-122.49617057241429
A,G,163.50329510212205,-102.87407411360807
A,V,131.65236330160798,-128.90995345652752
A,V,133.65968806096134,-111.63668051858775
A,S,131.72459207955188,-102.9836841067678
A,L,66.687519674666,-123.39773185788893
A,P,-28.931661023524786,-62.9401955532048
A,D,118.25658391281354,-141.09526074640956
A,Q,-38.66075497704473,-66.486737590997
A,L,-48.96104012493014,-65.21577133719761
A,T,-45.15321854389616,-57.049587962075236
A,F,-51.41151577643687,-57.5308004200961
A,D,-34.033345086445536,-51.76570584175032
A,K,-9.052212234923394,-80.13314682117051
A,Q,166.38431718900176,-70.03141239576983
A,S,153.15562368054063,-63.28501675774727
A,E,-38.947208129341625,-57.19732029334966
A,E,-40.02000176960403,-66.70127515725369
A,Y,-47.4456354921505,-61.31975144207897
A,K,-41.197254140806194,-62.75481777115859
A,L,-25.098983062150108,-67.4288386226814
A,S,-26.88425646299351,-69.78103820005686
A,V,-37.20623997985424,-86.44502381490778
A,L,75.60412593416342,-126.27967072985743
A,P,167.54862258297572,-76.83674998067073
A,D,162.1724939632863,-67.32620256149845
A,G,15.00598469784633,78.76955797445751
A,V,129.2872122426707,-148.0530657128097
A,P,144.09087441190033,-60.56826593776737
A,I,129.57283749779944,-124.24382185297289
A,L,126.58922827419764,-112.70281605444951
A,S,148.53003911869973,-93.19331942862253
A,V,118.49766378587104,-136.4029493365933
A,E,127.12097620633365,-161.4367389717306
A,V,50.07719612708092,-80.30491638989365
A,M,-164.52738810866413,-158.80284653843466
A,S,142.6460265643831,-49.28551060609795
A,T,-1.8724190429374499,-80.77758967132586
A,F,138.88602697600723,-58.623275222210104
A,G,-21.834985998358185,89.74714379788205
A,W,-17.08101692813615,-76.1539861662269
A,S,-4.746218474907353,-71.26168527599934
A,K,-24.438529598547948,-69.32887776486704
A,Y,-9.65272521230767,-123.98261959259072
A,S,157.91845026042193,-145.60703253280118
A,H,-35.13052539686423,-87.28603672631219
A,Q,150.00488805739494,-131.32539525468292
A,Q,124.24467644614373,-128.4339315575031
A,F,106.5537079886807,-107.62744619409477
A,G,-166.45483173803083,-140.85591119480526
A,L,111.66351753482937,-123.56308619548813
A,N,25.952733770483768,-118.76281674224812
A,R,166.720380963189,-131.39646609484228
A,F,163.99906924942647,-69.4441623722513
A,G,-148.72953404312284,-80.62130401778754
A,A,149.35162864203917,-161.21116644155498
A,S,113.97032014362841,-86.07816520819334
A,G,178.2061090608062,-178.1230908758545
A,K,132.12921447181026,-64.06472550769001
A,A,-45.38952371156455,-53.32838087785621
A,P,-33.692742378910495,-59.46045940619323
A,E,-35.20945880536486,-69.22155767450296
A,I,-45.91939937667759,-64.43422729943636
A,F,-41.673840660168835,-59.94739490657054
A,K,-44.64811538679393,-62.96394609047367
A,L,-43.25514590956528,-55.201138271737676
A,F,5.58331065933156,-90.4585456928079
A,E,28.662186176455865,64.92337500795294
A,F,70.65525942747284,-86.20569256592452
A,T,163.5410973879603,-131.49009586385625
A,P,-39.74979222761803,-56.73132053833556
A,E,-39.82561146313873,-71.06107961000498
A,G,-37.75878101476292,-68.15012896466463
A,V,-42.731081296164,-67.95014907289912
A,A,-38.37019180688109,-62.488588593143255
A,E,-43.0946497226665,-60.67802236638329
A,R,-30.499310758367177,-74.89689250158453
A,A,-44.5670545479978,-63.807825997089836
A,A,-40.78285568866627,-62.83797451402633
A,K,-34.59987788063642,-64.57649243502675
A,T,-43.75178382834526,-66.38685813505265
A,V,-44.37808670962387,-59.899342359647676
A,A,-39.46783618288623,-62.28331227969159
A,F,-36.38975691812364,-59.33137289107148
A,Y,5.345303966422094,-101.70093076719759
A,K,126.94960378638372,-54.4551173748996
A,G,13.976537998250274,77.10466536569325
A,K,147.2058417719727,-124.19155355219803
A,D,147.51121607106984,-77.25967119637005
A,V,134.45273756453437,-133.40363629719457
A,V,158.10690323510465,-111.59379361993612
A,S,140.05027900879645,-54.240614544982726
A,P,-19.04649022265128,-58.03037026611076
A,L,-18.09526013974581,-68.78335104588933
A,R,144.75108057222872,-75.60884006427875
A,S,160.65887214274665,-148.25666374213284
A,A,-18.57357290219128,-78.76021592840407
