Chain,AA,PSI,PHI
A,F,145.7522173954301,-97.44878517880625
A,H,136.38334799128825,-74.48555954341123
A,S,121.85831435117345,-93.51725909073463
A,F,149.53487365385774,-108.60156262004548
A,S,145.15770201356128,-95.61775553642045
A,F,-41.690848332296355,-47.2292075228175
A,Y,-41.39837222915675,-54.45892660776507
A,E,-46.14568329627894,-59.90113332842339
A,L,-30.763979683307443,-73.21014662213094
A,K,-55.49946154002718,-57.81353320986518
A,N,-40.63865061363278,-57.139367556162384
A,V,-4.970670901403356,-83.68729056951092
A,T,26.226253342193246,-116.95485723361365
A,N,44.29271479228596,53.406940529399506
A,N,54.535244563426,53.84607637308189
A,F,48.67779186135971,47.42046047054941
A,D,103.60956205106127,-58.024933174733576
A,E,-4.046456231734448,-76.24125287122305
A,R,148.57963992434878,-69.3013574335237
A,P,147.42829422025036,-56.828151928689074
A,I,-36.503766384665504,-55.11537934382088
A,S,-25.15491877262923,-60.81517145490165
A,V,19.940885722593965,-109.38187995823824
A,G,-6.219622299983504,100.58296698072071
A,G,-157.81576275318747,-89.47391897436431
A,N,2.200229106930378,-121.48578727312692
A,K,125.26837263787769,-77.16930048667844
A,M,-31.419784703669166,-99.72940966365914
A,G,-172.19228740869366,174.94660307256956
A,E,144.8095897052062,-125.44522280320287
A,G,102.55258069113894,-149.82577887922025
A,G,-100.10897136159397,48.446910919901896
A,F,43.90439204384208,-112.6752299758865
A,G,171.73405110031365,-173.80995237854245
A,V,138.2967798521482,-112.9870100775894
A,V,118.72244797555155,-105.89691034934569
A,Y,151.75856937515485,-106.37101359772727
A,K,133.87001701153892,-81.53073671111048
A,G,166.97621008097215,-126.344854489449
A,Y,115.52836283995698,-135.5856635611301
A,V,120.50363447836199,-138.05074944248415
A,N,64.5402823209805,43.79136604536654
A,N,8.642243431812098,61.61507541064589
A,T,121.77877711776574,-119.48768821723593
A,T,130.81683123927263,-73.19190865008204
A,V,162.21878614313536,-129.2891154841988
A,A,130.2905164704718,-106.71339573632642
A,V,107.473802210449,-118.68227712834252
A,K,120.72387844124569,-91.31830718477597
A,K,117.85192602558652,-101.86840504966852
A,L,141.01110621152105,-72.3362182302233
A,A,-24.93382684721037,-122.65125365687743
A,I,24.060586609749354,-112.86826394668533
A,T,167.50776774535012,-91.11084099065708
A,T,-46.43452870708459,-62.00786224526046
A,E,-38.449965911249556,-64.90058054861167
A,E,-41.087015508323326,-67.38164591954963
A,L,-47.32051455288698,-63.974028361474595
A,K,-38.30493198997119,-58.28069942600211
A,Q,-42.639950790951346,-65.19075300326526
A,Q,-42.05514739004387,-60.16049432539941
A,F,-51.662451828470616,-57.599957106208684
A,D,-39.41732302246986,-62.86511747911179
A,Q,-46.86354422889017,-65.22161397978071
A,E,-48.10201450760977,-50.636688957080786
A,I,-44.3594591417534,-61.27126997361548
A,K,-44.36930890323504,-67.8040325181826
A,V,-45.79204868115169,-57.627665309229286
A,M,-33.766813245960826,-71.26176714235929
A,A,-37.478770527214834,-63.07397560122642
A,K,-24.805148600070197,-85.02528283963557
A,C,96.18154836787194,-119.39846690234974
A,Q,128.40509335832368,-117.5839990435032
A,H,144.08080434812902,-165.30410901502498
A,E,-22.19887238403571,-62.647201314296886
A,N,21.3904121687848,-95.0482746841501
A,L,147.74349948443935,-123.95899880819249
A,V,142.223601970875,-55.545408026018784
A,E,120.29706718390015,-105.61203989941102
A,L,125.22585504630536,-80.07192422805377
A,L,-35.44330191467311,-89.53453595563826
A,G,-174.6276735346848,-177.43797735275572
A,F,171.80565789270864,-158.42408306317094
A,S,128.05013499743816,-136.54267948767108
A,S,-6.915912932887288,-127.83790391363148
A,D,131.04903766392212,-58.93126711521147
A,G,-152.60732957225372,83.62676017137348
A,D,14.498982337818369,-104.37190070188355
A,D,156.65344806603028,-119.59313422078789
A,L,124.55620913056336,-128.962478118275
A,C,144.35804310600312,-123.56927180378753
A,L,137.32112036995713,-119.49780450807187
A,V,124.92450887202894,-120.91500952543475
A,Y,162.2540581604596,-127.02274488306223
A,V,129.34637011317918,-63.42924631995058
A,Y,138.13794112156745,-66.19394199664522
A,M,103.03637462364,-110.58327358173403
A,P,-13.17649747165117,-72.45695487735021
A,N,16.15970410274508,-101.40628759773149
A,G,-146.47915333902387,64.17534311002487
A,S,155.0341047035963,-96.348140363176
A,L,-38.65781731737622,-58.60745813084978
A,L,-52.946404607335616,-55.28921385138908
A,D,-37.75507881676632,-68.0156937684461
A,R,-32.34103934596686,-71.44160991699414
A,L,-36.54798487444374,-62.23252644009162
A,S,-0.7556585853222116,-88.41585578310692
A,C,34.53030075169388,56.09775409609236
A,L,136.58420539638533,-56.24760737484332
A,D,13.67069424454201,69.09578326133654
A,G,23.113459960924605,85.69330784355365
A,T,149.68359017458832,-75.38213236134962
A,P,147.73868077573707,-66.83064878678425
A,P,142.96073473216586,-57.3902419717382
A,L,136.28495891612536,-70.18503407286127
A,S,160.27252189495863,-71.5139291121885
A,W,-43.0826187011522,-57.12968967026077
A,H,-47.269045414729845,-57.278171991425985
A,M,-38.54852455105262,-65.09661481191353
A,R,-36.16883354951362,-63.22994261364094
A,C,-40.57877325988503,-67.06517232855612
A,K,-39.08269141320738,-65.4075556246296
A,I,-39.180241895588146,-68.22314080181583
A,A,-44.891524175979015,-63.519368868037695
A,Q,-44.591430116484624,-62.2692033517088
A,G,-44.83017722941471,-63.96480043815269
A,A,-41.90615503171207,-62.553101064236024
A,A,-38.405800434986034,-61.1071309170339
A,N,-39.07765847248151,-66.94731053137404
A,G,-51.47161540187033,-59.36021232566796
A,I,-42.5431217986211,-60.93146249821493
A,N,-42.00490450947452,-56.3300232218242
A,F,-41.61464162143024,-63.3776509936262
A,L,-43.55352461295859,-64.60141807540204
A,H,-42.54615815304557,-71.36085626254334
A,E,-32.76430052674712,-51.092319556509665
A,N,20.330981979737935,-93.7928260280583
A,H,35.34895118332616,58.451565100667054
A,H,145.9138994000278,-113.1242740962631
A,I,127.10496055093591,-115.30747160590793
A,H,-49.563359997032165,-74.00767374201659
A,R,-4.621921496266973,80.7339640106491
A,D,50.745711193107475,-152.34466600891017
A,I,123.44844241230345,-70.25440235340997
A,K,168.00837675004885,-160.51644954711827
A,S,-33.29700594520046,-65.65698507725314
A,A,-15.982093745129959,-62.568452859841955
A,N,7.516737326869673,-107.3361554376812
A,I,110.94428230593775,-113.57763123395992
A,L,164.06502394349198,-94.72545253839404
A,L,124.36620577186488,-134.35888757893719
A,D,-169.32374921853983,-83.85991401424023
A,E,-35.49170014976104,-60.896490851414825
A,A,10.368876210075776,-90.93408155154388
A,F,28.614630553669986,66.72000207204348
A,T,128.06643247029882,-71.94694177368021
A,A,131.7975495865378,-79.70715989440886
A,K,124.61869451507216,-128.15984682951114
A,I,139.27756545500904,-75.45389096464098
A,S,170.49642884960844,-131.56323740076962
A,D,93.310318506107,74.42983591361839
A,F,5.9018707506065216,-112.82414427326303
A,G,-35.36272642118713,-50.66717526986382
A,L,0.3651182576117562,-102.15585950711399
A,A,156.76850188581997,-57.81567066884958
A,R,136.91041853466422,-134.81953399748323
A,A,157.76815992844587,-46.69352611191902
A,S,-148.95162053021647,67.98212414584351
A,Q,112.23037385486802,-72.00019001179653
A,T,108.84214727486237,-22.722425272347376
A,V,170.8794268290561,-99.99826736037753
A,M,168.08979840389162,-123.08892310447605
A,T,155.74525858343034,-144.90150940987016
A,S,-19.475043954838934,-91.13051418225456
A,R,94.18516399926474,-101.8080427501181
A,I,128.03431000277308,-78.08654456062142
A,V,156.40015237187154,-132.49972014003112
A,G,-163.00311662431764,134.09894767545643
A,T,115.56275719773905,-125.24447074125752
A,T,-36.69961388288359,-57.724610323650246
A,A,-21.49255511925747,-58.512835859921694
A,Y,-10.370985467607639,-106.22955978122177
A,M,138.25014282371512,-84.48867355170758
A,A,149.64185604494733,-65.67223787727438
A,P,-49.77768490253722,-46.0790588539013
A,E,-28.792702028992892,-65.30613425885132
A,A,-34.27134369352428,-72.27720794716481
A,L,-18.620598480373268,-66.7904522824628
A,R,-5.73636577814409,-98.1430835188729
A,G,5.304829686465563,110.28044224717446
A,E,149.38614882603483,-73.88101348149425
A,I,109.73088069904406,-115.97747323411645
A,T,145.90956659782347,-151.41183867118357
A,P,-17.858967619667986,-59.81678501736879
A,K,-25.865025706181985,-67.8098968788953
A,S,-33.56410621014464,-72.20954923651041
A,D,-39.0652507841759,-60.75467729068902
A,I,-45.54813918121983,-58.83880642061041
A,Y,-48.65866971240393,-62.54870355463915
A,S,-36.51351766695569,-60.78195050403017
A,F,-38.19892246011838,-60.50869665925854
A,G,-47.44706112022471,-46.571339538667885
A,V,-42.51848891123409,-67.32473309816663
A,V,-41.744187833922396,-58.15825713283256
A,L,-38.754552722836756,-59.79304369054747
A,L,-41.629080574973,-62.26585518910181
A,E,-48.97934103573389,-57.710024844975145
A,I,-37.3431297824931,-58.20287291253943
A,I,-43.19453280988081,-71.405815469726
A,T,-24.740143441951407,-97.3927593340926
A,G,9.48241415051815,69.05351249748597
A,L,151.78025557393713,-95.2954020598577
A,P,156.3191448814182,-70.95991867417224
A,A,-29.81556950627112,-62.84965101982553
A,V,144.22344906955993,-139.4136276275603
A,D,115.34507835590237,-150.2029754948724
A,E,-31.85947730826069,-65.804051860195
A,H,20.592622313595285,-89.77277947619902
A,R,156.5665230881859,-121.60934672573019
A,E,120.32528191719395,-121.84256921081051
A,P,152.89885129009252,-72.27292800133978
A,Q,-33.13196030805495,-71.29790701151022
A,L,125.91502176002358,-100.22396179092313
A,L,-39.208260211386495,-61.75934717746041
A,L,-21.31133897323984,-57.223514898736504
A,D,-16.533781123188756,-62.25588449520486
A,I,-26.04571433695716,-72.45372684013277
A,K,-44.03290799584127,-55.9521818633638
A,E,-44.96562767061013,-68.74026854291648
A,E,-39.35135831436542,-54.132962514653975
A,I,-44.07344096763445,-71.12279840568219
A,E,-37.92799406885171,-67.49138548196156
A,D,38.142427939686506,-85.53622684758926
A,E,-6.255656720996833,52.09768800959653
A,E,-24.81379180586639,-59.542442378785815
A,K,169.23117432815928,-151.8066300214788
A,T,164.00737103211034,-114.8943405330319
A,I,-32.391550989024,-63.9813812799955
A,E,-30.82388974466752,-60.234078543288206
A,D,-22.781875311281613,-67.32459911982842
A,Y,-9.84043997367694,-108.57574375857538
A,I,136.0686902125269,-59.09128420049624
A,D,133.64942704716523,-56.97036295765408
A,K,-11.870086065077544,-87.062848449121
A,K,44.000766299948346,-82.5619469148079
A,M,150.41945892202483,-152.15397057563965
A,N,9.06303386201974,-125.51126244057637
A,D,21.2950120092354,-120.08370635850795
A,A,130.8883587481224,-91.13273471567011
A,D,145.94315234828653,-105.57965954661495
A,S,-39.175771966424286,-50.41864636940645
A,T,-53.639581159798276,-66.63943141004125
A,S,-34.77110897540601,-64.51699277654987
A,V,-46.021788548713715,-65.98298649843802
A,E,-39.211236186369554,-62.35935061616117
A,A,-41.2008191854551,-62.944054913008756
A,M,-38.72289598862145,-69.30426614484766
A,Y,-36.07390073709916,-63.07560991189959
A,S,-44.17625630707983,-63.51094018096053
A,V,-45.15925528170414,-56.36652154996499
A,A,-46.655777845233764,-65.54908950091999
A,S,-47.49259862208973,-51.364368037292024
A,Q,-40.515312332708596,-64.94395520485347
A,C,-27.739840132945215,-62.20194111702799
A,L,15.09097175277784,-94.67209722299091
A,H,130.80101823144855,-57.96754462117031
A,E,-36.29257219921354,-57.112824078686444
A,K,115.91981052213026,-91.06819098436806
A,K,-34.123459639724786,-58.81690662288723
A,N,-15.732955109221635,-76.12954232760852
A,K,-12.149052413658941,-85.61324285676213
A,R,146.54949561995446,-73.17825336476292
A,P,157.79076662901423,-65.50362108982964
A,D,172.4513422270416,-87.68936885525854
A,I,-35.01880453227229,-62.41631518178733
A,K,-43.03964044224463,-57.620228832863184
A,K,-47.81036205626853,-65.24129469356916
A,V,-46.221790486019316,-52.230460460985434
A,Q,-49.78810244059351,-61.167353681449136
A,Q,-39.00898723466677,-62.285625298379664
A,L,-43.68445585048736,-63.7629628877287
A,L,-37.66221845532361,-67.00254451094828
A,Q,-41.14915715178928,-62.550546265689825
A,E,-36.82603424853358,-65.72028174279228
A,M,-31.529459433632933,-52.38146319051705
A,T,-7.829276960740406,-100.72868611834589
B,F,150.29284293714687,-102.52487729678029
B,H,137.19877398031502,-73.63601258015547
B,S,111.82062164303102,-93.37385578851197
B,F,143.0451913133027,-99.7208356161695
B,S,140.67756768860133,-78.44202997767583
B,F,-36.43101379210311,-48.61654757452584
B,Y,-38.20506581528749,-67.2637901376476
B,E,-38.57918475436823,-64.7596958028636
B,L,-35.90665276913115,-69.82209771423577
B,K,-51.99873943823857,-57.89748781205642
B,N,-53.173320871690734,-53.2567323962377
B,V,-6.838579843662815,-80.16112540844773
B,T,17.217548976648185,-105.94974357879939
B,N,52.45828192581119,49.139057783816895
B,N,51.2630990667467,54.98184413468297
B,F,50.733230969237006,48.859009136277585
B,D,109.24400349428156,-65.05804346489397
B,E,-2.7198582108159517,-73.58077418838751
B,R,134.48157221142205,-70.59839030792268
B,P,137.06712677121868,-42.12773941020136
B,I,-21.79369746907482,-61.06931148129324
B,S,-54.52090517114934,-52.547501246839786
B,V,3.2215559285614885,-83.02216241602578
B,G,-13.206553878540168,116.95066070079399
B,G,-154.99624901310838,-85.20802423724113
B,N,2.041231439277703,-129.81118978292326
B,K,120.95599186013527,-76.32254567489088
B,M,-32.02283558716274,-95.0076187968855
B,G,-175.80075614020714,174.96938292416885
B,E,136.29609962762333,-127.82321231350763
B,G,143.9486520176272,-158.36016863568815
B,G,-145.9128232270804,57.01935606217853
B,F,70.28224250053202,-102.59834293466814
B,G,-173.82404229792502,-177.34659736664628
B,V,150.59559144953818,-128.6585163210663
B,V,129.80191221370293,-119.27363854949039
B,Y,140.74079382661648,-118.86296741043263
B,K,135.7190703868712,-75.57902896747959
B,G,162.38351407532787,-138.20932341817542
B,Y,110.75334236893445,-131.44537928916196
B,V,132.00867045955806,-133.97463734957765
B,N,-130.50345800578947,67.44959397178644
B,N,14.289700707511086,-97.05248849384881
B,T,127.56337273099271,-116.64311850431446
B,T,131.58678909346122,-73.35364307908974
B,V,169.33311383867263,-126.01857284843945
B,A,128.63148373348724,-118.8630242911188
B,V,116.92368966607452,-117.43043335052222
B,K,116.32924100323423,-102.23448566057745
B,K,123.45540260206016,-99.84385772844718
B,L,151.05861888177614,-79.21222484887721
B,A,34.292937232976996,-131.3362264501974
B,T,178.11317978976913,-45.9301012696919
B,T,-32.05199833036012,-70.46078178555494
B,E,-39.12319614436279,-77.43365679482169
B,E,-28.467036202262346,-75.38545352428503
B,L,-51.96647633169618,-67.4789689404844
B,K,-36.71849561857019,-56.60172983337679
B,Q,-48.656009541528235,-61.04737800983025
B,Q,-35.28801405099549,-66.74238348375401
B,F,-46.75422346140681,-56.37748622938355
B,D,-36.87145356359205,-69.07945825641629
B,Q,-41.96988388440778,-66.36102990433366
B,E,-51.99807786622024,-51.109060125033984
B,I,-47.09536196466957,-65.76636933351926
B,K,-44.534267408709226,-62.430988545681835
B,V,-45.515651687385535,-63.727010483699814
B,M,-26.91666130666087,-69.88992254535658
B,A,-45.82633442996068,-60.180980432243516
B,K,-28.441275454307103,-81.2923964930307
B,C,97.11274791930416,-119.76455962118656
B,Q,130.37937645160036,-117.8930213436081
B,H,155.17200634341702,-166.11741993605528
B,E,-37.58885227680867,-48.86146176322466
B,N,27.14036291124388,-108.69342620429009
B,L,145.23185040948437,-124.91890145643252
B,V,156.53664785501692,-65.60366901057961
B,E,114.70514327058947,-113.11609246952848
B,L,126.58407626757848,-75.08494900482044
B,L,-31.081696332805866,-93.93022987077525
B,G,-175.047103609405,-178.24957420619108
B,F,159.3475819770572,-155.98993824059667
B,S,130.56362121593048,-136.68823485211772
B,S,1.5918354408444741,-133.7166078085289
B,D,-46.60084165539624,-70.73604195476253
B,G,-154.91667728551087,-80.39958239344895
B,D,-38.51796017792133,-62.157355598762855
B,D,161.93937614859104,-119.93031447842495
B,L,131.35081355833722,-89.52257877873825
B,C,136.72857420967588,-130.68255866719358
B,L,133.55707889728197,-121.42996358614097
B,V,127.23144187274976,-115.94062221676397
B,Y,165.44604520649656,-127.17068296951373
B,V,138.04706211782053,-70.97286961197409
B,Y,139.32655215418302,-69.50584253664863
B,M,95.29184927278172,-116.40639168177867
B,P,-12.985873052404425,-68.06578555392356
B,N,15.375121158555748,-104.5445992045425
B,G,-148.76546028177808,61.59571365965567
B,S,155.35305860150794,-95.57592205169468
B,L,-39.782643901231886,-55.52848970304178
B,L,-50.45796899014954,-59.75624525519033
B,D,-44.07783461707245,-59.78833253297924
B,R,-34.60266298688506,-72.18632145118636
B,L,-33.9287749692632,-64.53748026310767
B,S,-3.9430067011874312,-90.26823794192919
B,C,33.102885179863975,59.39830169062536
B,L,139.40203860807262,-54.412082898528894
B,D,5.5500646079821045,66.22737875677758
B,G,12.959522660116372,96.45792418184004
B,T,148.8221134274962,-68.65769735234566
B,P,152.6587200529042,-72.8140152816366
B,P,145.86496872055895,-64.90750340950426
B,L,137.11901574118568,-66.59025632858365
B,S,161.38816377116754,-75.28796536548597
B,W,-41.93395156647134,-60.243588268040234
B,H,-47.735085705429356,-56.75894702824687
B,M,-44.588943096749794,-60.091706473175044
B,R,-42.78391392051323,-58.18454300069636
B,C,-43.87897589725234,-60.64449984367798
B,K,-35.228943831549074,-67.22345011793641
B,I,-47.68102585416968,-65.33270709972246
B,A,-44.06330207472648,-55.126162510914405
B,Q,-41.737978466541406,-68.92879451211775
B,G,-48.65175104703181,-62.77919247680616
B,A,-43.502915617712674,-61.37628193842745
B,A,-39.502688795680555,-58.897890446614866
B,N,-38.01501596051456,-60.41399741289158
B,G,-46.4187664918789,-67.48772789566084
B,I,-37.83887402310349,-62.29497069076433
B,N,-44.43719896250833,-60.89293370534525
B,F,-40.50941861095217,-60.83391323443022
B,L,-52.38964983034602,-59.9931826365117
B,H,-43.689224633717906,-61.2766765888929
B,E,-32.73910052396848,-55.9727036759372
B,N,26.151149139403337,-99.25320024990404
B,H,41.974829355613515,58.281927593146136
B,H,142.36968485549957,-123.48576072810113
B,I,125.95941329490279,-116.9760562447669
B,H,-48.591244648039805,-73.95918307368515
B,R,-6.96980927301914,79.12627921015908
B,D,47.318502217552734,-147.91689912715452
B,I,127.15927553918642,-67.88742536592176
B,K,172.56626425366383,-163.07254461491092
B,S,-24.844319608130657,-72.81216629047782
B,A,-20.114972555195333,-66.92953601706343
B,N,-5.7577269174260755,-100.75659290929173
B,I,117.24817028926415,-100.88945515456687
B,L,165.75536543772583,-99.21627071473885
B,L,125.53266529556112,-133.37241713533373
B,D,-168.96840321202157,-86.6261619827428
B,E,-14.857937142855809,-63.568668800207156
B,A,18.19881590590858,-114.51492929514909
B,F,30.961799722476403,52.05850676487827
B,T,135.47814255427176,-73.90455858904286
B,A,130.21801154435727,-83.08508144576876
B,K,124.89437137681296,-129.2677513688891
B,I,138.41726608837038,-73.80263454634219
B,S,166.81871841341356,-131.68737210621217
B,D,91.10834889196614,75.96043975698292
B,F,12.450698986305705,-108.83332757087244
B,G,-36.28166445881523,-55.99781434747696
B,L,4.968060821612496,-96.81598062323637
B,A,150.93999940542594,-64.91144991051802
B,R,140.07543643849849,-129.86606568231966
B,A,160.66464981351191,-60.846964121629014
B,S,155.8427677773992,-125.61488423951283
B,T,141.6547332405371,-108.73545979420656
B,V,158.8429600530796,-120.74893803348498
B,M,172.8773744593285,-107.59638047043724
B,T,156.85932007925078,-154.23871032744742
B,S,-19.224510101306187,-90.20574446735095
B,R,90.17492403007363,-101.22924371822397
B,I,114.24796864863545,-81.59529331041578
B,V,163.81062986145156,-121.24419652707041
B,G,-172.67646377636785,129.93136005177007
B,T,121.63120909747713,-114.06210234377649
B,T,-43.03859519408818,-56.5167925962603
B,A,-19.74612054570568,-58.98410448367671
B,Y,-2.651576250396339,-100.33022348755438
B,M,127.01996857873338,-93.60596109196882
B,A,147.8265717116534,-52.899384474411214
B,P,-45.73124283428723,-51.08226242692124
B,E,-32.891531315810276,-64.23103207367839
B,A,-40.43083239123353,-69.54647380097819
B,L,-21.34443131422746,-61.90795961866609
B,R,10.157304744446112,-95.7569358815069
B,G,0.5406574105496555,90.22831944967665
B,E,153.38300801140997,-69.92402962451065
B,I,114.3382278135247,-128.19380240640456
B,T,148.1725318058051,-162.39872854369116
B,P,-17.45785155855005,-61.776596165037326
B,K,-28.26657787356472,-64.65854829434218
B,S,-32.04774600485329,-66.02783307005475
B,D,-35.9217212128303,-67.39723810998458
B,I,-42.75833372930746,-63.79703301534126
B,Y,-50.518770953485074,-61.033129321213075
B,S,-39.095880838357445,-57.749357987770196
B,F,-33.93415343563362,-64.94068545123741
B,G,-45.638453261071874,-55.63464503878257
B,V,-40.43280050707151,-63.239554836185384
B,V,-42.11837129232032,-62.34455841060428
B,L,-37.152119522394905,-63.54707498039338
B,L,-39.640907619486875,-62.73953023581396
B,E,-40.96246550666896,-62.141749402958666
B,I,-43.637301680619416,-60.70127292987392
B,I,-38.80881126888646,-69.24048248476666
B,T,-23.155091632323014,-103.75478126778724
B,G,9.701491264706272,72.30066893667035
B,L,145.7213958138151,-97.94899214536143
B,P,153.52851808267584,-62.748724973317884
B,A,-28.327048447697347,-69.44632129605529
B,V,141.85577949507817,-138.4317194020443
B,D,110.32003689886368,-140.60758046713605
B,E,-31.867206604741167,-64.375350061878
B,H,18.243889117812106,-84.90353799059378
B,R,168.3169515353565,-124.23089034250046
B,E,122.6309768308209,-135.34097383379398
B,P,152.09003978491847,-64.36530043268893
B,Q,-34.03833507150216,-71.35688200786758
B,L,131.15531257381397,-105.11044354068669
B,L,-34.512549526766264,-66.85626492889737
B,L,-19.863163167406732,-61.45386869597124
B,D,-13.300238749219389,-68.0471449608
B,I,-23.937040924801646,-71.82155969581963
B,K,-38.30281081723427,-55.1835789411983
B,E,-38.42265619845199,-77.40005233693545
B,E,-43.73307304276777,-56.01657251159105
B,I,-43.26573149458127,-70.28018733507587
B,E,-38.36381557187982,-66.00297072214055
B,D,39.91717574364249,-84.88889790701377
B,E,-9.763550844554478,51.91096632821924
B,E,-26.417353369852314,-62.91580299556232
B,K,172.23784104127134,-142.8353619057705
B,T,159.5711843054375,-122.01169138525711
B,I,-34.34114425202693,-61.603191470336576
B,E,-30.452407901266447,-58.34786242426254
B,D,-22.311737573593845,-65.17254271856595
B,Y,-10.959526232236176,-109.5211905167969
B,I,137.3659847256439,-56.24178092294968
B,D,125.9215421342077,-61.51647055388393
B,K,-12.44608807807482,-73.76308625258824
B,K,25.998961029231676,-85.41492661579983
B,M,152.5807772773562,-126.88311205033672
B,N,-0.9713014515024649,-115.90029176919349
B,D,19.783029347418992,-127.66349568659365
B,A,141.42004801438122,-76.53604459111423
B,D,143.90547063651277,-119.86267866997491
B,S,-48.5559223111626,-45.487909566263106
B,T,-51.016283757168175,-56.13822356344408
B,S,-32.976377256066286,-75.99252807278232
B,V,-44.29488146211102,-64.82814591796586
B,E,-35.50987121795705,-69.94077522411207
B,A,-40.50402386775187,-61.02575756835053
B,M,-43.107330071608764,-73.5799016814562
B,Y,-40.65343427834431,-52.428611428607276
B,S,-42.3731445882147,-65.09202683356175
B,V,-46.245307905722484,-57.668265454843365
B,A,-39.386104016520434,-66.04773500052335
B,S,-42.91531794752966,-64.59552387540407
B,Q,-41.20434415457086,-63.823247845306945
B,C,-29.262109727479697,-61.754423012916114
B,L,12.621607560435704,-92.24183866872515
B,H,125.26224699918268,-55.231433354919815
B,E,-26.998531942903178,-56.203282786017105
B,K,115.08513369125893,-102.02682548876288
B,K,-38.26606544430523,-48.81586432502099
B,N,-14.203869330742114,-79.45896157998091
B,K,-9.42159333679875,-85.1048642639509
B,R,146.89870634714262,-79.81414867366924
B,P,158.80714966610395,-63.19219513528163
B,D,174.2299830336904,-85.24317381174616
B,I,-35.100830003476375,-68.82423119397907
B,K,-41.49531668723494,-58.5888702728433
B,K,-41.53984906294075,-66.08976098535233
B,V,-49.82090503942165,-58.20342512402814
B,Q,-40.28764515652616,-58.28662729027648
B,Q,-49.18927349085359,-65.37581001146252
B,L,-33.595735191999246,-61.224127445219914
B,L,-33.38166969498754,-76.28407667526291
B,Q,-38.26774419341664,-65.46491652091554
B,E,-34.56248647169125,-64.08121418865551
B,M,-24.21997816241413,-53.90299628147494
B,T,4.548006628644584,-122.48905306389811
C,F,152.69073678282916,-87.23153491775781
C,H,134.8885822640358,-85.73167218675412
C,S,113.60774183026291,-93.04676868622744
C,F,156.92393648145364,-99.80539271354348
C,S,157.14561711596164,-91.14963066713172
C,F,-39.157414505472545,-55.44223494321392
C,Y,-34.08189457049038,-69.25430608596602
C,E,-44.38363925737336,-61.66654840939184
C,L,-32.68214927299191,-66.67609214653012
C,K,-43.12979065041728,-56.473734449184924
C,N,-16.399837842203844,-68.50086820287206
C,V,-21.046320682714246,-91.78803425651988
C,T,19.46825808296005,-120.44610585733341
C,N,47.02516587945708,55.17576286485083
C,N,42.983797765757814,59.60741040854725
C,F,53.35726655708887,51.646507148492766
C,D,106.37791009255277,-62.41430635752759
C,E,-4.015131880190203,-82.31197358266722
C,R,144.07919431923534,-69.244687588233
C,P,145.03492586935596,-58.53198841141738
C,I,-29.37147991096932,-52.55489873426509
C,S,-18.006069669108438,-62.069579727021186
C,V,8.58718771675796,-117.60527764898573
C,G,1.9360005910620566,98.75847656853063
C,G,-157.18519988968606,-86.00306095772696
C,N,-1.756062585363876,-122.13411865277662
C,K,121.84107326499262,-82.820109398811
C,M,-29.824791313493577,-98.23488374216483
C,G,-173.39256969053676,171.83446641628896
C,E,-155.33264070357973,-155.31317190925895
C,G,-153.48752411491355,153.9718911053283
C,G,-63.967780831887275,-57.70871299789018
C,F,-39.661242699609815,-37.86880912208799
C,G,-170.7757696486911,155.84640384880157
C,V,145.55370689593803,-120.73015995329266
C,V,129.23893543945093,-115.72451420417946
C,Y,149.08253898330602,-120.98287155684382
C,K,149.88545853269554,-82.5813573597699
C,G,173.8731426206466,-154.2329377921817
C,Y,137.3946388910365,-135.23794686531127
C,V,103.4270603946568,-139.12448439664823
C,N,-114.98255806623357,56.16337367344687
C,N,9.371724667114245,-104.47129136341587
C,T,129.75619775984222,-95.81816411766772
C,T,133.26320373061017,-87.68838855047625
C,V,161.51067233305835,-123.02761838659956
C,A,123.89554394866218,-111.58115748519535
C,V,112.64919710996385,-111.34271952143392
C,K,119.25013428267059,-96.42774625451355
C,K,114.90440440431247,-98.63507699963004
C,L,141.8916453607022,-76.77206312635711
C,A,-92.1984779852251,-117.85071767935685
C,D,131.0320409077218,-163.54132912314958
C,I,-173.64293101490944,-119.86008121397697
C,T,163.13700512397156,-60.152676879971935
C,T,-40.40618217103,-72.13837133987023
C,E,-31.794548769074268,-67.2059286880378
C,E,-56.390863171475694,-70.58408539736864
C,L,-47.58056743224757,-44.01388721244582
C,K,-36.56230305916682,-66.17020559973338
C,Q,-38.78766955456543,-63.48179353053704
C,Q,-44.88924690115901,-65.06115217348308
C,F,-51.295044716088135,-52.73523121313108
C,D,-37.3261249204706,-64.43772144971449
C,Q,-35.83311261784267,-68.23707471913413
C,E,-49.44503897934241,-55.91700531179172
C,I,-46.142676336857996,-62.97671627967113
C,K,-46.1720347219025,-61.89977591968099
C,V,-41.96665614360215,-63.29644638366029
C,M,-31.602790047366852,-73.58830669662247
C,A,-36.359239901200525,-65.79422554716034
C,K,-33.729808417475596,-81.02469892703768
C,C,101.11409242299045,-120.54012063517399
C,Q,129.1563222990422,-112.46928294627617
C,H,149.19028324887455,-166.6269882576924
C,E,-13.931299051272232,-64.8807833761938
C,N,18.52883848367605,-103.27000989831447
C,L,141.5961439352846,-124.66379553411203
C,V,149.2973965236586,-57.08713576890066
C,E,124.08156322797775,-109.56252455648502
C,L,133.25349518347156,-89.9996104682403
C,L,-27.916030370430853,-103.51382001187253
C,G,-170.763466667442,-177.67765277554864
C,F,162.70187904292393,-164.29141923612767
C,S,135.8786729816788,-132.02810262881854
C,S,-22.436743311452577,-133.93266051623897
C,D,-29.203602951979782,-29.284313833987135
C,G,-169.85873063638599,-71.25136074523468
C,D,-24.820645575239762,-75.99693034292517
C,D,137.6697114629384,-82.65829180465595
C,L,128.62840831300446,-111.75343785839834
C,C,148.95017646848353,-129.47730109164723
C,L,135.11311091907658,-123.67528674308966
C,V,122.53854573182709,-118.15377949446693
C,Y,165.51135029959372,-120.62847807124281
C,V,129.1572328651011,-66.69805862056049
C,Y,140.39369675986052,-64.47732672843787
C,M,99.76304056139453,-110.64464211463746
C,P,-19.241570415080936,-62.981368102683255
C,N,19.06797877836179,-103.45433688031737
C,G,-151.67890974569414,63.739784111648056
C,S,154.70509915077642,-92.60003853823483
C,L,-42.694375714270535,-53.6717741666774
C,L,-50.87931149703639,-56.72655339034559
C,D,-37.85414730850691,-64.18320982478068
C,R,-32.32557444310266,-70.45027881842587
C,L,-31.674748500996213,-68.91276169679355
C,S,1.5138898534474698,-87.62795712957077
C,C,38.06796020528232,52.416369507807076
C,L,139.30957001342756,-57.550771249760935
C,D,19.00958995410205,65.67340036536025
C,G,22.207531711905155,81.95286649828354
C,T,148.1926817412825,-72.74243717667301
C,P,154.46956635077538,-70.14680684929345
C,P,145.15593047800473,-61.83250719224584
C,L,130.8261989436452,-70.91559323425889
C,S,160.40363321225652,-66.76781677255755
C,W,-40.80273101807451,-60.084713135890766
C,H,-50.67867965241765,-53.48686333756832
C,M,-38.79540422243643,-65.75358377263586
C,R,-40.63347058790406,-59.08056630445405
C,C,-46.034248843219096,-61.89760645929902
C,K,-36.16864395259257,-62.55908710428284
C,I,-43.7899671106539,-68.5674141219199
C,A,-44.419268111628185,-59.98272838225748
C,Q,-44.369006831643006,-65.20674148781353
C,G,-45.0895112104623,-65.20132015430356
C,A,-40.300115741823575,-61.88162990501979
C,A,-40.22900128871469,-63.84685577006725
C,N,-39.30591295962454,-58.85203978096169
C,G,-47.22122452072615,-66.65219555365348
C,I,-40.872275061884686,-63.905756094880175
C,N,-41.38002794515962,-57.47276607326384
C,F,-38.118003465981644,-68.83891275709931
C,L,-42.67214975272517,-64.569625392299
C,H,-39.575044842716046,-66.56391347438003
C,E,-27.452137951098884,-63.41276271125562
C,N,24.324482948648715,-96.49900190869232
C,H,35.55784342438877,60.10440867990135
C,H,147.11492569119295,-116.31724523381412
C,I,130.24144573123016,-111.8157938854723
C,H,-52.36737721812575,-80.20003257315541
C,R,-6.825451767477845,80.38269984749552
C,D,48.59335703416603,-149.14055439815988
C,I,121.47783501947399,-71.30400379365439
C,K,170.46016780901604,-158.7559571651656
C,S,-29.366011614731924,-73.67324662086652
C,A,-20.1208811530619,-61.20793975699489
C,N,-12.369700620686068,-101.08285921556488
C,I,116.47071702918426,-100.87195640121632
C,L,164.7131897751663,-100.1694771955502
C,L,127.31113099473596,-133.8078662160618
C,D,-174.96826472136283,-82.8710950384474
C,E,-36.361825609667505,-54.25897920236058
C,A,15.48808265489236,-93.09430571998244
C,F,30.885043534996985,56.50816598603685
C,T,127.74440146793116,-72.92604344813897
C,A,133.28981753632638,-86.34866271973259
C,K,124.30428001425274,-124.76885714910077
C,I,141.911474658726,-73.33435009388296
C,S,173.49787550413123,-132.62803036232626
C,D,89.42306834745483,73.50344044397367
C,F,12.565854918375052,-109.51304567773971
C,G,-28.34980865767053,-58.54990369850721
C,L,8.269958132287618,-108.02394721354177
C,A,157.19669184125638,-65.48919540685978
C,R,139.9032833384156,-133.12635710413755
C,A,155.03789158028368,-63.576661419887536
C,S,156.12504371207757,-108.00728353124394
C,Q,157.42680962600195,-124.21527071286157
C,T,95.82960006354676,35.23811280447377
C,V,163.63415125433116,-81.3843154078093
C,M,157.4047532840361,-123.92131488121113
C,T,155.22260801872315,-140.67714119334542
C,S,-15.486704174735706,-94.64868986855915
C,R,94.8862892735622,-103.63177923717707
C,I,116.93421269089728,-76.69969245317738
C,V,155.42426278478794,-121.28982402774055
C,G,-169.17575850066956,139.08159073490722
C,T,120.87470571902026,-120.46576690908643
C,T,-42.94250096977603,-52.69276307739829
C,A,-14.888722002537573,-68.05303365822297
C,Y,-5.662883360722666,-108.19890166482124
C,M,128.4527929329762,-78.98226597724369
C,A,147.50493598620216,-57.922618017324524
C,P,-47.69799617284431,-50.05572781395239
C,E,-30.239039962765563,-62.25847242196446
C,A,-34.503771902299015,-72.89697855641056
C,L,-14.282597921649232,-68.92688352461464
C,R,-13.47143807566537,-99.34840343516993
C,G,5.901080750452441,115.4900573530007
C,E,158.6354384483007,-76.22250472087589
C,I,111.1442754521078,-131.64195255629005
C,T,150.20219784464507,-154.6955261141479
C,P,-15.29419493566382,-58.30638272287841
C,K,-26.192805468643545,-72.65563906639481
C,S,-37.56986633059121,-64.0566730443713
C,D,-38.48156134977984,-62.987001026827315
C,I,-42.20560150644047,-58.57011513343071
C,Y,-51.199551443540706,-64.33078415821123
C,S,-43.369761618295065,-56.09763816858013
C,F,-38.62320883025593,-57.70276015510847
C,G,-39.95137744470469,-52.428439143276975
C,V,-39.44893284325205,-70.78534189758605
C,V,-45.43905161330875,-58.17077276805567
C,L,-40.49213997722749,-58.73539027336505
C,L,-38.35952372153048,-62.717123045035066
C,E,-41.943453712491205,-62.859623350021145
C,I,-45.07289319653555,-60.52725532635646
C,I,-39.833175372721435,-66.53921075169355
C,T,-24.5044820288264,-105.12458966227855
C,G,7.846277909456279,74.70123952470112
C,L,147.86501345577926,-96.04440126175335
C,P,156.91510716117222,-65.93917738181786
C,A,-30.12901712881522,-64.4518065065389
C,V,142.89840274098756,-140.58297128508983
C,D,110.96209466004652,-150.3302615080553
C,E,-23.63751784634337,-64.9743181888916
C,H,17.85102671517398,-94.43975127108162
C,R,163.05890273061544,-121.47326253845526
C,E,119.6082404286102,-132.34477862545816
C,P,151.5258163639723,-70.83357759915569
C,Q,-29.899718675317192,-74.97272824175981
C,L,124.87857331314504,-106.61769311285293
C,L,-35.320244842687785,-61.334222801025426
C,L,-21.507314672961893,-62.07159482966718
C,D,-19.500266068191692,-61.058500724599504
C,I,-21.818237975177155,-72.18352653533366
C,K,-37.21262247182122,-57.08866979361656
C,E,-42.999949568083686,-73.01570030831184
C,E,-44.24210490985144,-59.590745645401185
C,I,-39.30860769703873,-71.19033386525399
C,E,-41.74121432586348,-67.40030727674349
C,D,62.26833124706163,-91.53215547288242
C,E,6.174351887454087,24.460026691579827
C,E,-19.893574513447007,-72.4251137564801
C,K,168.3657710601632,-153.694541312439
C,T,162.08360115975597,-115.40964322817811
C,I,-38.39947638971445,-59.798030265646176
C,E,-34.73462796779546,-51.586602528907235
C,D,-26.888010510536333,-64.58203712445962
C,Y,-7.5282553511221,-110.08070036268927
C,I,135.39397890047164,-59.24178619699867
C,D,129.45867645026914,-58.62043426324581
C,K,-8.549508397885875,-75.68204594429267
C,K,42.86133205411033,-94.67147448591327
C,M,151.84399114520065,-151.1326312915075
C,N,12.580749806615355,-126.02543702081077
C,D,19.2143979509202,-114.83499204989525
C,A,117.97624448797882,-90.18384516939513
C,D,149.03760283343732,-91.06391497454185
C,S,-39.30970376074571,-53.38981352377156
C,T,-47.2940123179879,-66.3781108829611
C,S,-33.762240002386825,-76.69958624991186
C,V,-45.217708797289106,-62.09101335026384
C,E,-39.406455544516014,-64.1389305871096
C,A,-40.45567818815733,-60.337501562641805
C,M,-37.06726658697285,-74.27737571650664
C,Y,-40.853381281964744,-63.8066438066516
C,S,-39.80577877028437,-61.10924610748421
C,V,-48.84213364551607,-62.010554063730304
C,A,-46.98974398209023,-58.51352277270743
C,S,-45.15337407229223,-53.81739556631654
C,Q,-44.176159098833395,-65.03475681927235
C,C,-31.66182669600979,-57.297437928122484
C,L,14.380702684634933,-92.96997910842535
C,H,121.57010203501564,-54.74791545266736
C,E,-28.012307148124314,-50.58056051382581
C,K,112.46998179560593,-100.78882780568915
C,K,-35.32438631563119,-52.263126231394835
C,N,-11.757661801809771,-78.88028776992574
C,K,-0.6548295585440673,-92.010830345438
C,R,148.42033982604474,-79.5514430989012
C,P,158.14515446247165,-67.04909270492263
C,D,172.9439826096187,-87.54307775156869
C,I,-35.38320723178113,-61.45330661867175
C,K,-43.878829882004425,-60.08149636860773
C,K,-42.83200024798143,-63.89430713514633
C,V,-49.082163617396816,-57.1770855792952
C,Q,-38.75209262207989,-59.777031599442324
C,Q,-41.85182623821306,-68.92614792191651
C,L,-42.39298760290932,-63.95724514744839
C,L,-37.13074633358602,-67.66471571293405
C,Q,-42.53012199234247,-59.072752530220974
C,E,-27.473609734285446,-71.6695220985642
C,M,-30.858800575208654,-54.516490074696385
C,T,-7.437487633682499,-110.76937220579717
D,F,157.20259376371513,-121.29336392189586
D,H,144.38690721362505,-72.38843320853503
D,S,121.71121674617152,-99.33559533331993
D,F,151.66205928091057,-106.44036550018205
D,S,145.01632594078706,-83.3943787190362
D,F,-38.37605563571439,-50.8686892057904
D,Y,-33.62358169317876,-70.67772014186403
D,E,-35.48622912512236,-64.43284318880988
D,L,-40.53794084699373,-72.42436551951354
D,K,-48.75469506116351,-51.13350695029686
D,N,-52.72364205926089,-59.82786186664914
D,V,-8.37905709405121,-79.22160912952945
D,T,18.17634587138367,-100.49407922296923
D,N,53.06908169378543,50.888047168390266
D,N,43.11268144506235,57.895796809584006
D,F,47.78852746856666,53.846466339881225
D,D,106.29591277703678,-59.70727411480928
D,E,1.114269878878295,-76.72279527554277
D,R,138.59970498681128,-78.85996300156069
D,P,154.35586490349868,-52.3471636877828
D,I,-36.71865507584942,-60.90131261637641
D,S,-56.906083142663164,-44.53766229800845
D,V,31.817952573841904,-83.94162471487087
D,G,8.686453302697924,79.60535997667706
D,G,-156.29238754206864,-96.89613796602762
D,N,-6.056023482407488,-124.23895077996605
D,K,134.634017954359,-74.07236328007521
D,M,-21.53725036292533,-117.93938883910876
D,G,170.75220041757623,161.92307920436656
D,E,148.2237700514636,-114.16194832959764
D,G,-108.36161516911235,-158.7274865131652
D,G,117.05872126880094,-65.44081197127201
D,F,77.49016682313356,-23.157820900109368
D,G,174.42384196964642,-178.31071282031832
D,V,144.58591056720277,-109.58299093431444
D,V,125.93327224854212,-111.1826655745251
D,Y,146.17346257631837,-117.44456320217064
D,K,142.18668788845787,-75.65407089711572
D,G,167.27197512926264,-143.52371968922668
D,Y,109.37042848033016,-129.7873641774569
D,V,129.62932823245464,-115.01913511509088
D,N,49.21570627159073,60.402896527852995
D,N,26.57526594619135,53.11050581726591
D,T,115.32129959150689,-132.72069832686915
D,T,137.67701761028596,-65.73552237823435
D,V,162.8655739081524,-138.8585596832493
D,A,131.7290937317116,-109.30238913973568
D,V,117.89171094751343,-117.28191990014132
D,K,113.45760662798506,-102.53600354211679
D,K,115.62034217356216,-91.45316121589691
D,L,-134.56204777208032,-87.72368176126287
D,K,-38.84219693456843,-134.64659328208555
D,Q,-45.8991543177558,-53.33500898867146
D,Q,-33.21517752747808,-79.49041265798223
D,F,-55.469914840081465,-47.638425418772364
D,D,-34.24814848240662,-69.43857914259809
D,Q,-44.74654500908938,-64.1356210376771
D,E,-44.50227055357715,-56.19295686899862
D,I,-55.11736016882983,-66.58930412909139
D,K,-52.54683143708514,-46.81595473185038
D,V,-42.63505087549164,-60.55756216313877
D,M,-31.369358866176995,-75.0539082934812
D,A,-47.17406625683922,-60.488826485683745
D,K,-36.70535136386287,-74.02085457485697
D,C,101.16515842658842,-110.20096754488652
D,Q,131.1820011941353,-120.75540356918737
D,H,147.34099077994688,-165.08537250581932
D,E,-41.06031152732361,-39.283494679401144
D,N,27.20949024158482,-107.5383379398399
D,L,146.0937746187594,-125.83857884051064
D,V,144.66165412433529,-59.560607406646746
D,E,116.26929336000278,-104.39851836393476
D,L,127.09987329208111,-77.1378209441362
D,L,-30.573736895771187,-96.94398388218431
D,G,-167.57298299285912,177.82606887153614
D,F,162.3447556636938,-146.88775070192327
D,S,118.21938602042552,-138.1526803533088
D,S,-32.38247650040469,-108.12719052259283
D,D,-46.065928895305206,-51.933238695905864
D,G,-155.73036986284586,-87.68226815135228
D,D,-48.77510855043447,-58.091982726744504
D,D,162.3662643514763,-118.23905733370027
D,L,131.91441604401317,-80.36924295702872
D,C,139.3629985999753,-128.78446921117612
D,L,137.95812481524004,-113.34456131433019
D,V,125.13820482661043,-119.98712192289173
D,Y,163.43234744087516,-123.24230623601497
D,V,131.24260403460812,-64.42711039416525
D,Y,140.31918026460235,-68.61754992577053
D,M,88.31648840652032,-111.85019835106591
D,P,-11.413001637505996,-67.65000249282954
D,N,13.985829375854449,-102.34570580230782
D,G,-146.57833281345106,63.541462216142556
D,S,159.81877751268365,-101.30648302951676
D,L,-35.03639389285526,-61.029649111901
D,L,-46.045790414656224,-62.23853997602035
D,D,-31.32793215285005,-75.99351681165312
D,R,-32.060837798676104,-71.72959992466618
D,L,-34.58191294976079,-70.0625741748275
D,S,-5.805254802160489,-83.68537582416388
D,C,35.13683577941666,56.88255256473101
D,L,138.1612964123498,-56.222673197543514
D,D,10.394014079119415,67.68214323695075
D,G,23.15797248520921,81.82319164223706
D,T,154.4909671458644,-69.36420365754661
D,P,150.99465945595244,-72.97939960250271
D,P,146.81821977685098,-61.27863726818934
D,L,133.32712528776653,-74.30870145832806
D,S,163.85150572486236,-63.98674493402768
D,W,-37.75447044156147,-65.3041866752278
D,H,-42.16657543754874,-62.549354779483465
D,M,-40.06030857173147,-68.53505684576183
D,R,-33.82610791575641,-63.15012618182033
D,C,-47.72101014538278,-65.589344218379
D,K,-41.03002472789612,-59.37151822527225
D,I,-45.38048639517615,-64.1958302938606
D,A,-45.11527544743498,-56.47313669016355
D,Q,-47.20263929209221,-63.77824662173036
D,G,-46.213681245462894,-60.347684309576685
D,A,-39.59386124586325,-64.62133341995349
D,A,-39.25561079289068,-64.30140874802123
D,N,-32.75337990709608,-64.63461954135954
D,G,-44.75545880893482,-68.8095929600401
D,I,-40.11607619100186,-66.79209359576046
D,N,-43.543288829676406,-56.08268942155199
D,F,-39.36199341213599,-67.02670101254861
D,L,-52.739510837928755,-59.19259393042688
D,H,-42.26902001720632,-58.63802883434634
D,E,-30.069179859570752,-63.05549031190536
D,N,24.803611739141886,-97.10553311276018
D,H,39.61585828579691,54.95148112265609
D,H,144.6744595537117,-114.753010146861
D,I,128.69641760700048,-115.4609246842694
D,H,-48.33684909317465,-74.85268474824605
D,R,-6.983724180500403,77.85439095108339
D,D,47.84729498841448,-148.2995819057136
D,I,127.0864877495629,-66.53568696959242
D,K,164.95327023520034,-167.7772969801381
D,S,-26.81832584298682,-71.27657225182237
D,A,-21.842148317325236,-61.096021486915866
D,N,1.2065255657816756,-103.43321928532644
D,I,116.59542179090987,-105.34769101613935
D,L,165.3958356382374,-99.92379189707187
D,L,127.93514943728934,-132.16246710810927
D,D,-166.58735451208764,-89.88374893897492
D,E,-17.413798027261002,-68.31537859311942
D,A,19.13283288560895,-111.48022206543992
D,F,35.24217197485297,57.49048667619458
D,T,131.14765770363906,-78.5806636340605
D,A,134.78783728652414,-76.25218663258705
D,K,118.19962125198184,-136.1389961499021
D,I,142.19110860249154,-74.25701262012021
D,S,174.94493084873173,-133.10981363408337
D,D,87.34900753368174,69.68075401379895
D,F,19.018931004878695,-112.00124523856604
D,G,-26.65027651386563,-69.4689085904747
D,L,2.15649922116994,-98.99470411118948
D,A,158.1635857927502,-64.45030251623518
D,R,148.66026588339975,-134.41995939243583
D,A,171.04875709291696,-74.24681531458708
D,S,156.49676329663168,-137.40669523785493
D,T,138.1021274203675,-110.65342272117203
D,V,165.44543187584972,-136.3491230660204
D,M,170.11453341047934,-110.06739499893159
D,T,148.47734217249302,-139.44243662174094
D,S,-35.58992435598769,-73.17047804060326
D,R,87.54854603510682,-84.33496737993781
D,I,119.86231417946406,-73.24323733896848
D,V,155.15323803193104,-130.25544477802015
D,G,-169.26881799986393,138.35342751113262
D,T,119.24083346042778,-119.34203264473365
D,T,-38.594689252586946,-58.364418847854175
D,A,-14.542357187404276,-65.63542614717066
D,Y,-5.589846038923901,-107.29812288481058
D,M,134.48267993043967,-90.15692428954563
D,A,146.48996710409628,-63.55166828909641
D,P,-51.29662888386521,-41.843180092674544
D,E,-35.62343605065947,-61.91835687672163
D,A,-38.19616565473674,-66.87801227211335
D,L,-20.75079138894269,-65.81678904790787
D,R,0.3826088749782414,-94.6320242141057
D,G,2.3158361031656924,105.00983622226711
D,E,155.68550669179763,-78.28168609347813
D,I,107.54921525130025,-127.1934588607877
D,T,150.21172844918118,-152.17279600376764
D,P,-26.327445722775362,-54.448249479817356
D,K,-32.338686781723645,-58.114049673271204
D,S,-35.53473172845466,-64.95822793185806
D,D,-39.86632437380875,-63.53882950932419
D,I,-47.38995789968724,-55.91907587278111
D,Y,-52.675318114874244,-57.50966740765754
D,S,-38.24332784439909,-59.37061557455934
D,F,-35.946581623058684,-63.096118173258645
D,G,-42.078066975878066,-58.09034207190572
D,V,-44.39874747377515,-59.83114681825101
D,V,-43.08116014182331,-60.098879546947735
D,L,-40.130472404666946,-56.82777809114861
D,L,-38.09333233183966,-65.26176869937477
D,E,-41.191369501205244,-60.466423591036964
D,I,-46.814328007884846,-61.212193889125516
D,I,-44.99892475319674,-61.8477538061762
D,T,-24.70423813806808,-98.83307577600839
D,G,6.902348787904766,72.37970675554641
D,L,149.30058183560558,-99.76230154337249
D,P,152.49009967298278,-69.81456989277646
D,A,-27.95696757571964,-61.33511973226595
D,V,141.19453822353606,-140.0084974514823
D,D,108.9098750396973,-149.38936554870466
D,E,-26.960141228118605,-64.77834143387292
D,H,12.874237348064772,-89.84277497753634
D,R,157.8444218119663,-116.27508505136535
D,E,112.72387631629988,-121.18077806406163
D,P,158.32280195933967,-80.9125753301388
D,Q,-31.00190560101043,-75.48479425045905
D,L,124.30262752888238,-105.75341487215697
D,L,-39.41764901244504,-55.53131469849064
D,L,-17.900996645772512,-61.845023784504114
D,D,-12.987364971047572,-67.33528799817685
D,I,-25.972135875943707,-70.81854417333689
D,K,-45.34745061012636,-53.90455317287235
D,E,-39.291786188768725,-71.66773546182549
D,E,-40.29764269901241,-57.710218963350506
D,I,-36.566524243577085,-75.05730669332206
D,E,-34.68230653376322,-70.4129369554089
D,D,55.73821582569547,-92.56227127438328
D,E,17.111758225899873,19.140559388357634
D,E,-21.124879015680193,-75.02176518035431
D,K,171.5377468998444,-150.56013401944546
D,T,162.75547386489012,-129.3148845710692
D,I,-37.038205253152995,-59.94064029535884
D,E,-32.05793515297525,-55.33338103567346
D,D,-25.067333860584068,-64.96760126902919
D,Y,-7.796083759814321,-107.80571269774846
D,I,140.53159003447328,-56.89973575612584
D,D,129.10824871923273,-61.64319566328956
D,K,-10.466950416510969,-82.31197947044252
D,K,40.078546789020415,-88.10213208981136
D,M,148.54355816116222,-142.7425414538319
D,N,2.279478725558054,-122.36139875054317
D,D,13.756657146724384,-125.76209005342717
D,A,137.16731638460848,-72.32077095884465
D,D,146.61329561505124,-115.01474275185042
D,S,-51.76400382842807,-44.92068799635868
D,T,-50.5189356977424,-59.01167116985335
D,S,-30.76484665208447,-77.30222784993974
D,V,-42.901635568325666,-65.2777371125824
D,E,-37.23335080741531,-64.62391299851254
D,A,-38.57093156116808,-67.85172173351569
D,M,-43.06217638382291,-71.13725833953195
D,Y,-42.3914770115342,-55.35141116589993
D,S,-37.222313325832445,-64.24624458134608
D,V,-49.98972502504499,-60.36369122798295
D,A,-50.26769643939651,-56.350422723184124
D,S,-46.06062237571705,-55.541140165255165
D,Q,-37.56746597364554,-65.3695567962079
D,C,-30.712030803856905,-65.56908612451929
D,L,14.411110394131642,-90.99943212358768
D,H,124.23798625683675,-52.91729716620906
D,E,-26.60774728396359,-59.46713129185019
D,K,119.24956692997111,-92.84146763786705
D,K,-35.7866224066312,-57.518638740978076
D,N,-13.881482528204872,-77.80117211326291
D,K,0.27254670115593155,-91.0579337743394
D,R,146.94319824261743,-86.4772349676867
D,P,154.97625023865382,-65.69726971220902
D,D,173.36582364791192,-80.68578173189805
D,I,-35.039009946264535,-65.86227133608301
D,K,-42.6874814236526,-56.16221133216597
D,K,-47.90691542184674,-66.80626204176848
D,V,-47.083195336889546,-51.0126653314422
D,Q,-46.19026826575881,-62.240683975204014
D,Q,-43.59125284632894,-64.72407220495822
D,L,-41.99829909284719,-59.26784386365196
D,L,-30.428333512171953,-71.30755459621756
D,Q,-39.92189508093083,-68.2564998456957
D,E,-31.311204274489096,-66.50447282317647
D,M,-25.965139328834592,-51.142184785507105
D,T,-9.357513887423547,-120.97275265148873
