Chain,AA,PSI,PHI
A,L,-168.11227100492508,-79.09512224436985
A,Y,89.49605618244264,-112.90050250269448
A,P,103.38554012637307,-71.90478494328636
A,G,179.5859990112795,139.09860122753904
A,E,-169.8991410689139,-98.28487145871635
A,V,-16.467627520674906,-113.66774405514643
A,C,84.32728008206836,53.80126915251881
A,P,156.21041062609768,-58.10883613146178
A,G,127.9383693544853,-58.384375508455804
A,M,158.20409534286384,-121.22020950864832
A,D,130.56870455233977,-130.87003666078212
A,I,117.19592912663856,-129.63723785184436
A,R,158.39442050974415,-131.49890807272496
A,N,-17.985808453465886,73.45441133875714
A,N,178.3046481553773,-178.4097705504919
A,L,24.866195813424643,-96.30999674901824
A,T,-43.17368504787284,-81.18590691302727
A,R,-0.2159657637812036,-84.80087470288542
A,L,-15.799134072302303,-71.01005253632965
A,H,11.940374518804973,-85.56529360206764
A,E,-12.579559578817829,-79.2196302601107
A,L,23.040896090057714,-89.79447616384918
A,E,-49.05112730100472,-77.0504476368458
A,N,14.101771483651065,-100.66580767601175
A,C,125.5289271832463,-79.32809863486575
A,S,-38.88624575677682,-102.18680477815226
A,V,134.57865060270694,-128.86179019853247
A,I,117.61575221350759,-96.42040457819796
A,E,86.60246371385642,-95.58693194350764
A,G,-153.57570896634923,145.50804329560077
A,H,166.45797366141005,-112.39443448586442
A,L,118.81352342709086,-133.06554983699178
A,Q,121.34824476428628,-123.54329995060905
A,I,108.8845173993759,-120.16602800935121
A,L,157.8008750536731,-156.7968351786425
A,L,63.68937460542255,59.23732453441187
A,M,104.53842537937821,-123.40458002234362
A,F,-37.974205616385696,-98.55846173098828
A,K,63.73279484558049,-98.84104973946053
A,T,154.90073515197642,-124.55751547258693
A,R,157.69807053691827,-119.56061540458865
A,P,-16.731517681244625,-65.26057772277056
A,E,11.448470568017434,-85.5211176064213
A,D,-14.564972322013128,-98.73930090826204
A,F,-21.18962613710174,-111.11673677980491
A,R,-20.12471638060144,-74.48908037500081
A,D,-15.72019402204863,-78.52794621405296
A,L,111.06919255562745,-103.67245158471748
A,S,154.4801218234785,-135.75536826714853
A,F,85.65896686718852,-132.20452906939022
A,P,1.6424829798986822,-86.39342785693795
A,K,-19.235384463068726,-94.18635593680692
A,L,124.13280234510853,-74.18185246299215
A,I,-42.56940801046499,-112.53014580309956
A,M,135.11929396593,-139.36422445059642
A,I,133.33131848195956,-109.0914891595581
A,T,-34.05101234018484,-85.13096787944777
A,D,-70.45214607086476,-98.35148285203734
A,Y,168.24415306086198,-167.15591056811053
A,L,127.4317615398801,-129.05076683727472
A,L,132.96192589781415,-129.74609981033993
A,L,124.94861832401074,-130.945228374121
A,F,104.53777596421023,-149.62158885038804
A,R,65.96356211958691,58.42457239605464
A,V,114.85787526196464,-109.01270465307412
A,Y,150.64744453515698,-87.92262038274514
A,G,-19.243912666489383,85.17955803893727
A,L,122.87359878542472,-77.16987785106309
A,E,-20.299049455690653,-110.30261837193827
A,S,147.4114049605292,-157.52855119480347
A,L,5.734718930815452,-92.358378991704
A,K,-10.735725864264293,-74.93775925578694
A,D,-32.19767413733735,-99.61866546833552
A,L,-57.78494127790031,-70.6392990601413
A,F,84.35417603720474,-120.92025114028293
A,P,-13.484279046510867,-84.99401091529536
A,N,18.376007210676473,-124.63350991908712
A,L,117.68437797303855,-70.3773340019685
A,T,-53.2830369000731,-104.80169848844733
A,V,132.4814500975084,-122.64302547907528
A,I,113.46576231233513,-110.95240294357158
A,R,-51.95767611143972,-79.38585783344256
A,G,46.44111194906635,91.6281048941746
A,S,-40.309409297529974,-70.63842319650027
A,R,136.68900552646093,-124.94939906854552
A,L,175.1912855704741,-105.44987132470825
A,F,93.58011521603663,-120.73548335770462
A,F,64.63167159966305,53.114902081316764
A,N,32.03133230438947,43.9230448028246
A,Y,148.8989051274672,-130.4210158875799
A,A,-14.789908366349835,-109.82508517054036
A,L,114.57278122201218,-138.69221108557036
A,V,120.95663287275275,-120.91651438829888
A,I,107.60644783697397,-127.34605233144596
A,F,121.10141518296594,-134.59287180758272
A,E,50.84081138550405,53.96217292347547
A,M,93.70846818613524,-90.35969616506142
A,V,144.64609852525925,-68.12286488880413
A,H,-4.224679113736516,72.96145708662144
A,L,134.76463415082407,-77.14555976073405
A,K,-4.62315823212248,-134.12010679068175
A,E,154.11248203092276,-155.44542125611528
A,L,-66.2420333863111,-77.1610852416589
A,G,9.106299647941247,80.92974010819978
A,L,74.79200730566727,-78.48393892486452
A,Y,2.6523466506105655,-85.2941690011084
A,N,13.416425827407018,-113.43659993861688
A,L,103.731122969064,-73.13414595072753
A,M,-43.184141440949325,-91.14719406267272
A,N,136.99233972207352,-149.28408183060702
A,I,110.26645524514564,-111.86415634647403
A,T,-32.99747134806885,-73.51223183038263
A,R,127.52584034139727,-152.18027261314424
A,G,-166.9240643945858,118.1471124244547
A,S,-170.8971644265253,-135.82929919024565
A,V,125.16370033222336,-130.8425839936391
A,R,120.70311195731351,-118.396449944755
A,I,118.85828540826546,-130.12528779372084
A,E,145.37095612154332,-150.3624605078179
A,K,44.56289515172691,60.955155331218364
A,N,106.30401039110315,-110.1594359504615
A,N,8.996269636439264,-82.949272576623
A,E,1.2499343307911048,-133.12809919917873
A,L,122.95659860188478,-85.34712995564223
A,C,-171.8068280001555,-118.76963012595607
A,Y,45.88730385779756,56.35250533559051
A,L,-35.52451425768552,-107.78977023641266
A,A,-12.873913415299752,-75.22348712431261
A,T,32.21616183326064,-96.78873158742215
A,I,131.95481078772366,-127.85349634483177
A,D,104.93081976003448,-97.10180985910795
A,W,-22.485423059577712,-75.11779194455451
A,S,-8.420347537482739,-72.78427175515105
A,R,-8.63401938922118,-82.9953525764066
A,I,-46.99970181978788,-117.05763940487502
A,L,163.66663637915804,-102.24936176901392
A,D,-60.863215706549965,-85.35554038042442
A,S,103.85850490911372,-96.17155094415325
A,V,11.837373624994843,-97.17544484086896
A,E,-13.647478878158058,-81.31922346728587
A,D,3.069219547369014,-106.3694030160647
A,N,149.9192288606397,-67.16641606538086
A,Y,94.87867957369373,-136.50695300860198
A,I,106.27161765364514,-122.33144025837869
A,V,155.26633016348254,-154.61460543198942
A,L,64.22181756222103,58.3613939794577
A,N,-167.79407012372766,-124.56314995809178
A,K,-21.343098170535974,-77.32709073170744
A,D,-8.535799134830825,-71.58915812001531
A,D,-11.471807991236464,-127.19788689986228
A,N,-43.74170805125429,-74.23039236846091
A,E,-163.84923090672953,-131.58221382514546
A,E,50.31343449661457,-124.69830799683014
A,C,140.0095691426475,-67.81986034178728
A,G,143.18779067807014,-78.45139839863855
A,D,101.99687973768867,-124.34852970402241
A,I,134.41942606504017,-100.63536718858339
A,C,162.71182376474664,-100.53424032712034
A,P,55.4548209162261,-77.84295563250902
A,G,-48.79927250855594,-79.47754074474464
A,T,35.09211985085965,-152.62955040341043
A,N,-25.819857820421877,131.7832676513425
A,C,146.09771148068566,-69.83364990054066
A,P,173.57907003419513,-70.80287978327165
A,A,105.15752488226019,-143.7819956965785
A,T,154.3015415308769,-112.42554107247454
A,V,139.44945269630009,-85.55698648384457
A,I,-55.664349965948524,-112.32396179520882
A,N,-61.470026505014914,-115.15984017687224
A,G,7.629847336431782,-145.59545274159348
A,Q,152.93285039502373,-149.86129986709147
A,F,131.2487326270469,-85.43451308843149
A,V,164.58027496935046,-127.55439449034817
A,E,158.36770867432693,-93.54163453049456
A,R,122.30657072548577,-122.68791235912741
A,C,146.97400500455575,-153.52882704089416
A,W,-52.810027983252326,-83.0618899791525
A,T,-168.9685023744668,-119.25815418003793
A,H,-3.884355138946253,-76.85573117409778
A,S,-1.9215420081600392,-126.92782757880276
A,H,114.13542664670459,-137.1615864180786
A,C,157.6458347811432,-80.02382570416088
A,Q,126.83520191878426,-76.16904059280843
A,K,120.22256449253882,-77.31160319832422
A,V,123.79100190462201,-121.84839146918124
A,C,162.81006795517152,-95.60988774138146
A,P,165.4133739439615,-67.2702230601215
A,T,-7.593099058351607,-76.5398785126418
A,I,-29.998447531712475,-77.86517457721669
A,C,85.42764918816019,-84.39112434963077
A,K,-64.13004384164707,-63.804467008897184
A,S,-2.455298679863006,-129.86562924823133
A,H,-11.70326687971585,-77.14347239863208
A,G,139.9985123519713,80.7355945124158
A,C,152.67096907344865,-97.5817757306986
A,T,-166.4518156867917,-83.2250627662102
A,A,-18.725238509049426,-70.52521562045763
A,E,5.781893297652713,-114.33919766273623
A,G,53.29009914377688,91.15254472829888
A,L,130.29703260257457,-130.399654327469
A,C,142.62013729376227,-68.49559311185712
A,C,-168.27746153207391,-79.39142949083744
A,H,158.58993382206904,-64.50206104655689
A,S,-2.1616178960794,-73.03205359486155
A,E,4.250557434908723,-114.64400696243054
A,C,171.24851650515748,-77.02427405263028
A,L,112.68281618940202,-153.37679694541472
A,G,-52.73951938500166,93.77947645042791
A,N,149.4794359717566,-159.25958541031648
A,C,157.74847932823022,-156.46375661253845
A,S,-62.45492819031853,-79.04035188099414
A,Q,141.28876689000415,-108.86443888677283
A,P,159.07252773690493,-79.41663691072426
A,D,54.303542250156454,57.31741893642819
A,D,118.57217190348655,-154.52864923813672
A,P,-19.68695583492667,-71.11623266185153
A,T,-0.7611176840022202,-82.87509878230347
A,K,20.964612573296858,-118.91041996759235
A,C,167.08050467213334,-72.50671667482324
A,V,-49.08925947675054,-98.27922012542757
A,A,129.5518374540973,-133.2329284709372
A,C,146.55234064909712,-72.42291819455164
A,R,-45.55677125541015,-75.31726840300738
A,N,-61.52732300914748,-109.66200560246972
A,F,160.8485121120149,-147.19816816210394
A,Y,136.0245592625642,-122.39812438962068
A,L,107.82209052515269,-157.16787041522522
A,D,42.856809116208424,55.79396260731419
A,G,27.394852013810223,72.4438375411165
A,R,143.09197497767104,-135.32433781188382
A,C,105.46842217154723,-97.97087824419049
A,V,165.10721340284584,-103.63562116388637
A,E,-35.645977339839305,-87.65731943724232
A,T,160.1151955647739,-136.95011376920192
A,C,126.72405700845579,-79.50480531843353
A,P,156.89594864774543,-77.48058085603883
A,P,146.7405103548497,-69.29405617787148
A,P,43.751391128439785,-94.93969282881976
A,Y,133.27736170687174,-106.03583808303685
A,Y,145.3067404520428,-108.74166219536689
A,H,152.42842341739723,-64.89410069977133
A,F,120.63931331732627,-156.74077844890232
A,Q,24.34319758840965,58.59260993631688
A,D,15.68050386076504,65.06652674292573
A,W,-8.73428615799459,-140.1082462029055
A,R,169.41656482755468,-149.35618679978114
A,C,128.258892162042,-106.95501907980466
A,V,163.27221148753407,-127.11394358709981
A,N,-166.85073743642232,-96.0789211052457
A,F,-40.03514815295756,-73.17373985493117
A,S,-26.297534240576294,-74.76208652364322
A,F,-45.67577703559579,-68.5946153091631
A,C,-29.17154062039417,-67.81764191450027
A,Q,-38.59265029778064,-71.56130666263253
A,D,-33.588588225714744,-68.04176105276441
A,L,-24.934556298993222,-72.24753943376379
A,H,-46.63336544629242,-70.61205172039227
A,H,10.418787481393972,-90.28759430196338
A,K,-6.75959468649624,-100.08752550497933
A,C,-33.381104102272,-95.79105712889768
A,K,-38.536333405509666,-71.69099471712272
A,N,33.26254845835266,-104.14956725191357
A,S,-161.5800948088652,-157.5061913266163
A,R,-118.91762914390458,-51.86919877460649
A,C,-26.197344815324442,160.1349836649101
A,H,68.42173233710643,58.515602462005006
A,Q,100.5789412294858,-72.8878473782994
A,Y,149.50744459041724,-73.40252954009857
A,V,179.85945867468786,-129.08061910441796
A,I,120.3533961378868,-128.91793727300106
A,H,137.07376777253972,-149.0711607198572
A,N,41.16585239122567,59.26498270843648
A,N,33.44796510868229,58.89311587330615
A,K,136.03908730941237,-135.1546053208004
A,C,93.97471618170273,-87.38360540832826
A,I,158.49902367028542,-107.01035190678229
A,P,-53.649811777008814,-61.86408679181627
A,E,150.65212447912978,-131.53438003633931
A,C,137.96182357174678,-66.76251922943882
A,P,-169.93453354960852,-73.85486360523936
A,S,119.56276412661455,-64.56974675451275
A,G,-4.908936564009628,100.17989784854169
A,Y,165.22841163312046,-111.71058287795601
A,T,136.96959820743083,-147.26588685340346
A,M,174.01873907028664,-80.88015200085209
A,N,-173.5151191046464,-115.94249304191085
A,S,-61.62117664092584,-82.32394260236164
A,S,-65.69643507479238,-75.26778492030013
A,N,155.0067196873846,-85.04701078929727
A,L,26.70969827171694,-96.13943289550475
A,L,125.58742326947467,-78.22507400103359
A,C,98.80537426003076,-72.7560034882712
A,T,144.68905501389145,-84.15843528833597
A,P,157.79664534120434,-72.36934349242591
A,C,159.96794590093248,-99.41317231321791
A,L,64.87788037344372,-93.61563619219051
A,G,144.08613915568466,159.32224467705697
A,P,86.00326046452727,-81.46160579693044
A,C,120.00765488611147,-92.8785057396033
A,P,-174.66634045115032,-80.98113278777552
A,K,96.40707093392967,-109.31720346219154
A,V,125.42194976547438,-87.35592097113286
A,C,91.65063148961046,-111.21673166308872
A,H,108.93121252902075,-66.44484720985696
A,L,157.05657991504114,-74.80852907943596
A,L,123.3656062076922,-93.12703527297178
A,E,24.780385021348028,60.398408435862954
A,G,24.55008450100915,63.37455547553058
A,E,124.87897476052422,-160.83758336750918
A,K,125.79761291702143,-136.76142015526554
A,T,118.54387375176286,-93.52242412439519
A,I,119.64466342623878,-93.61472652357565
A,D,3.544359639060718,-138.27763048966852
A,S,170.65827448030504,-167.0401759762053
A,V,-29.265566357389933,-69.3726742833489
A,T,-44.48322093003458,-63.07291107293172
A,S,-25.29246161820706,-76.67607286165469
A,A,-25.674087730391843,-77.5956980373334
A,Q,-12.37953087243907,-73.48484618439521
A,E,-21.043160535228846,-74.36173555358079
A,L,35.555565539315516,-100.20549974473906
A,R,118.81379113600303,-92.82238894318519
A,G,0.416243689713529,89.48901398523077
A,C,155.2445079857928,-72.37795097397674
A,T,-28.50168173462425,-126.59666072560611
A,V,111.34656069709075,-129.49995261625537
A,I,119.00125409364215,-88.72247520893868
A,N,62.37775356147104,-90.63822374811015
A,G,-155.13816812493437,176.18569177645335
A,S,139.89058164749915,-127.40233272782109
A,L,141.67443654626345,-101.3873277312562
A,I,111.14020691323037,-124.66309103906868
A,I,119.57825936951207,-94.47181941749422
A,N,87.82691908221109,-146.97746872369393
A,I,87.02855548722502,-96.57402928116507
A,R,96.74757258342657,-73.6330947298648
A,G,-121.08520395577347,-138.96330374040494
A,G,-8.128351850187732,143.99619256722085
A,N,145.87744246811775,-119.07369364162471
A,N,116.75992193473208,-77.30427097270297
A,L,31.685455926883186,-103.47087494341694
A,A,-36.604430139987386,-72.83180163652838
A,A,-52.90858618382434,-71.23864785418667
A,E,-0.7626281489574771,-77.31313589890509
A,L,-29.161677190598837,-95.29977263413558
A,E,-29.299303197684814,-79.58601230692308
A,A,-28.374080827335742,-71.67951460359896
A,N,-47.029245874112256,-98.8256344277482
A,L,-165.72613807417224,-79.98317054326678
A,G,-1.560528739742045,79.15708686728384
A,L,13.172611021186883,-103.67875803033535
A,I,138.94381966402042,-100.46122876904684
A,E,-58.532726813432944,-102.1976231228752
A,E,143.75239811253888,-95.13393547711333
A,I,113.77101471306496,-124.42422599041706
A,S,-6.896442739260141,-76.42691130881958
A,G,-135.40343179253676,-115.50054418532639
A,Y,176.9457200646518,-104.62995692460318
A,L,128.85126781361913,-135.64345967944837
A,K,109.29453722023183,-137.7678170092574
A,I,121.03416699352296,-99.36369655429908
A,R,121.94566267500922,-141.2299825702956
A,R,33.04495017409649,57.49884541456876
A,S,109.80337576510333,-85.0933106311601
A,Y,-43.761119580817365,-72.0713423315467
A,A,4.247281684900733,-104.04294868295632
A,L,131.09898460464248,-72.40728364334447
A,V,-15.812554118013828,-110.30442280654714
A,S,153.21922236394107,-158.99346516986142
A,L,26.841788961435725,-96.93834884843267
A,S,-1.1512966388176007,-80.7560311660286
A,F,-19.759416809712707,-72.98339643567107
A,F,92.89943646270058,-73.51143605251784
A,R,-40.80780276277303,-76.25901940815733
A,K,22.781667497111293,-112.97493690552794
A,L,119.45217912621872,-75.25733815069839
A,R,-57.0579740700872,-114.19294429975685
A,L,129.53235951228137,-115.43285345066353
A,I,107.60895838784745,-117.73283597777942
A,R,-34.88697823459598,-72.98440662812484
A,G,33.565283600516366,70.87582573805156
A,E,-0.7984686319966061,-78.5222776182186
A,T,104.84136898030582,-153.3390867166368
A,L,157.00687591337515,-96.2595539914098
A,E,148.11092118334207,-64.89658433800184
A,I,122.30880108974789,-63.46939207800258
A,G,3.1178129546668507,107.40615549506546
A,N,63.09811525057,57.53524057688891
A,Y,149.60373504041212,-120.05315189633397
A,S,6.019605578833128,-129.1467123059578
A,F,119.16844579219838,-147.47940653305938
A,Y,118.07919523921133,-127.55096484649445
A,A,124.55799263325387,-129.57972918989176
A,L,127.38060149658898,-150.69009271716922
A,D,44.91227099169854,64.99774675167438
A,N,112.02939955861574,-101.90486104199061
A,Q,-20.41566629577336,-74.82250374092636
A,N,21.323106678187095,-134.69647008575447
A,L,116.05366340653866,-76.84653823409548
A,R,-24.027139906019706,-113.29132504502964
A,Q,133.15054996779722,-139.21316111267575
A,L,-63.2035677512747,-82.72481124431508
A,W,174.0638067985689,-145.24325930982334
A,D,100.39970543165829,-89.63423923312362
A,W,2.1664074176532857,-76.7655014710467
A,S,-60.65675130929022,-68.83140530331289
A,K,-8.642738332043075,-97.68058278916415
A,H,128.95621170069077,-108.23410027816426
A,N,173.27131668746978,-93.71537039094133
A,L,149.96506100097204,-162.78852112214608
A,T,95.70119030676236,-143.6675934748428
A,I,113.46475922588061,-93.00346965058081
A,T,-57.34388349055269,-75.48683448837816
A,Q,169.05395948599391,-123.17389517132699
A,G,160.50011459891596,80.29691920456179
A,K,156.8638459921778,-102.81812565075214
A,L,172.73021928944226,-77.65430809616159
A,F,120.35190237912269,-158.32095795593585
A,F,115.54764600775002,-140.34326308976082
A,H,132.98172038683813,-148.71114635121882
A,Y,52.16746233160825,61.60933157707067
A,N,76.56625217054774,-114.78150934912924
A,P,5.641859773743793,-72.29785875501939
A,K,26.82460633808478,-130.0562387353899
A,L,127.48745327865001,-118.70075999629304
A,C,154.88237773933508,-98.86214526129616
A,L,-20.632357220039975,-67.42039372727113
A,S,-36.930372327750305,-64.95469368576444
A,E,-39.15829587432375,-67.52631815123732
A,I,-42.63190885508914,-64.28381408886949
A,H,-31.031541381859917,-74.34235566431859
A,K,-37.570569613741846,-63.55789654950643
A,M,-40.94290935678847,-63.58275837344908
A,E,-54.93725382263273,-56.42539847683416
A,E,-37.110660147247565,-64.9290843609676
A,V,-42.31206668819927,-78.59829320651168
A,S,-49.00290397187167,-72.66267479828703
A,G,22.13040326469092,117.85509417114928
A,T,46.764012878170995,-114.50237544206036
A,K,-60.75858998483109,-75.74561351484274
A,G,60.38170574334042,-93.50635826421123
A,R,-22.401466367783204,-135.6057460849413
A,Q,161.62227775543496,-93.72356959550686
A,E,-176.55486485867172,-104.35803273465655
A,R,145.50207365754846,-71.09739731701728
A,N,24.489962723753603,62.89848932845329
A,D,-33.5622800779777,-87.58380194721336
A,I,112.25183957033575,-120.91854992194108
A,A,167.84710617839414,-74.40129180683783
A,L,-33.833619043721605,-121.01895397544148
A,K,-19.502820093027548,-77.20554308703367
A,T,-29.209109240937803,-112.95025472630955
A,N,78.98110800034456,-77.27554499109317
A,G,38.010015342291155,105.59143277091262
A,D,-2.1271123977427604,-81.28069148002656
A,Q,20.62058917667896,-111.01992015859715
A,A,146.9733492302072,-129.26830685090914
A,S,104.67246784440322,-99.07929075287137
A,C,51.334094059106,-136.44637533342703
A,E,-15.739317813626354,-66.51374994152837
A,N,28.24149236084044,42.02012385153703
A,E,149.34255014480496,-138.70351725518623
A,L,128.94377005085738,-105.18593400645588
A,L,144.6825377612797,-100.12403236300919
A,K,126.58798183073452,-125.62860766866382
A,F,146.6089108723593,-70.89765351500385
A,S,-12.079431768641768,-127.80601512342298
A,Y,108.97189760448151,-157.37139353017767
A,I,127.78840604124635,-121.1676521288996
A,R,134.91922635827225,-152.94942822368483
A,T,171.74301634857784,-106.5998454011585
A,S,-161.62473163223495,-157.05175232267678
A,F,-45.716575447897235,-64.67654825752027
A,D,-6.717918503221872,-122.75384007010459
A,K,150.1762406302606,-122.4507979592196
A,I,126.24976884385575,-126.3436094567458
A,L,119.03057531194004,-99.41735366223155
A,L,146.69027256385579,-110.18120034730595
A,R,127.04005149369328,-147.08389027734486
A,W,171.09365232808958,-120.42639706747286
A,E,147.1130762315517,-75.47746275392444
A,P,137.31419222936808,-72.75823456699509
A,Y,139.4555372053601,-119.52894184304871
A,W,127.46583742237375,-136.1972681153763
A,P,162.73623935201576,-67.03844139324586
A,P,-25.20964775785301,-61.61786607173519
A,D,110.30169179423189,-104.52278159081686
A,F,-11.959243476067034,-70.88419073627404
A,R,-5.993547863526886,-81.1018248595695
A,D,-23.42671892721931,-77.14491860388227
A,L,104.60269973217237,-72.60808588833692
A,L,-21.156575623325004,-76.29054208009674
A,G,173.6689733109398,143.41170439209313
A,F,-176.14438283948365,-96.5540199480028
A,M,107.21664871055866,-154.29197761076486
A,L,132.59132436431193,-102.68705879497959
A,F,118.69979995205959,-115.81910350147108
A,Y,165.65884987540426,-127.09998101272959
A,K,146.66305967203851,-172.311497666759
A,E,142.06486496980364,-87.31517560131994
A,A,121.58251712776402,-151.32512212298488
A,P,-41.87841168433575,-75.31320766940236
A,Y,173.0513370082724,-114.031867481749
A,Q,-63.86116535824664,-74.76182388398927
A,N,98.46758372732573,-71.31245191760249
A,V,149.73525048156762,-103.64508835538936
A,T,-168.2002866691495,-75.9953039137102
A,E,-164.38591757756473,-131.65596884242038
A,F,-64.08318662910615,60.98262466908588
A,S,-150.13195447440427,41.81820423595951
A,W,74.6251602974135,58.668626530252546
A,T,128.8494966278548,-50.44697866501032
A,V,147.01494411095152,-113.26539223413346
A,V,148.4064556892375,-144.60320900204735
A,D,132.00735478295869,-105.28736859824888
A,I,127.58684105732333,-116.7142690692173
A,D,148.7677459966776,-71.88892232845843
A,P,152.78678387916057,-73.0449885176429
A,P,176.82902584219175,-75.09482291855625
A,L,106.90064926431752,-92.89989623542203
A,R,153.69717998212886,-81.71693178617848
A,S,15.676920931236161,-124.711164256749
A,N,-1.9559364732368159,69.1654412093028
A,D,145.56142153109786,-132.26645463786866
A,P,16.190147186763923,-80.89749114504473
A,K,-29.181552983698506,-78.86895631431238
A,S,-65.92985332517624,-116.0119211239265
A,Q,-18.324139449644246,68.82706857411361
A,N,72.72544726508167,55.80813164516485
A,H,135.4955928087728,-38.001986455588835
A,P,-64.28244677247851,-61.687834816076254
A,G,169.54405192515662,68.90868532106208
A,W,144.52807360819426,-165.46212169328817
A,L,97.25171065830213,-105.11187772743943
A,M,123.77888534417434,-79.90945309354645
A,R,168.91543164080105,-126.87067240816577
A,G,30.74774759223659,86.51519285921857
A,L,174.35398396259455,-107.21395472804429
A,K,145.0188191049103,-99.56124060425512
A,P,157.92249324460846,-72.86003401240772
A,W,63.39932166017393,55.40933377147658
A,T,131.64085139232952,-149.46597921110663
A,Q,140.1569418390347,-91.12360263527887
A,Y,160.74980926391464,-124.06407800999166
A,A,112.93522060547453,-121.64988321178483
A,I,133.78575222885968,-126.80291666726315
A,F,165.02569181383325,-150.6244771984239
A,V,141.86084331784198,-121.06823179964844
A,K,147.1028962619291,-135.58569637106322
A,T,146.5282718886709,-93.93958498610488
A,L,108.39214907284254,-115.26880288796237
A,V,175.66071742355794,-114.41501814832445
A,T,126.86729639932476,-96.65373650945939
A,F,132.46281408772128,-71.10594782473811
A,S,134.8910181039496,-123.55377746002547
A,D,-22.165777305138715,-74.08460788475097
A,E,-43.48077498763061,-77.87125643596976
A,R,-175.35673245673098,-118.54861384643642
A,R,129.6501626146569,-84.0733470585303
A,T,104.44431570370676,-70.9994082609315
A,Y,131.55128658528628,-69.1351918355392
A,G,178.5677047457269,-146.88392855742575
A,A,156.83360851179594,-158.67986520863502
A,K,179.1447736851474,-152.73169526242629
A,S,168.2126919077347,-120.95009281924433
A,D,153.90620954702166,-73.88524614652226
A,I,123.14975832577221,-75.73659341437816
A,I,162.7624465098025,-106.01495628304603
A,Y,112.72986233836679,-124.83747512139985
A,V,116.4862481505198,-127.09147755008202
A,Q,137.45209104111385,-105.7999018566592
A,T,-173.84315173162452,-74.9399455886705
A,D,-13.89979422715205,-80.50383391699872
A,Q,-91.31033861109123,-137.65997631287328
A,I,-48.77958823295488,-75.56124500886219
A,L,-21.373800969161096,-73.66612594644644
A,K,-34.06563902832541,-73.62066971930675
A,E,-33.02524154639253,-71.57671621614398
A,L,-30.092601476464466,-71.1089242326024
A,E,-37.662105542245165,-84.776757313217
A,E,-22.068804641631804,-70.85556761091051
A,S,-32.5864849426363,-82.42386122317147
A,S,-8.671105417809212,-90.36899544143513
A,F,-25.53470373091248,-75.95611655888347
A,R,-26.071556016226033,-86.10545371530927
A,K,-29.381838512953017,-71.84710724196393
A,T,-36.668827679251216,-71.47634489992559
A,F,-29.094942859664858,-76.17393982282309
A,E,-40.33216640025774,-69.1570174795059
A,D,-23.885415888092858,-76.92204808958597
A,Y,-41.07171718194038,-68.61227218931982
A,L,-26.12277257432929,-71.97924088435487
A,H,-25.02067415946608,-85.29555461974275
A,N,-30.847557065752547,-77.55833398647898
A,V,-37.8625573938801,-80.45649367397156
A,V,-49.372152792078396,-79.55961035558043
A,F,127.41959478484893,-86.69296521009737
A,V,120.54455005259055,-120.04356875436596
A,P,90.56872481415631,-81.88340212623335
B,L,-168.11845020928283,-79.06088332190703
B,Y,89.47443035786765,-112.90570629667361
B,P,103.31980387955548,-71.89389059945167
B,G,179.64084211821358,139.15181593162586
B,E,-169.85191381818478,-98.26932423942407
B,V,-16.341416247682155,-113.79022856396166
B,C,84.28467158663882,53.724251438000096
B,P,156.20732985613867,-58.11927783750932
B,G,128.0026421592965,-58.28868369561743
B,M,158.1634220540006,-121.2776905429197
B,D,130.61286102796123,-130.8824634916878
B,I,117.19488810849533,-129.7267064095454
B,R,158.3828091528377,-131.51859929880294
B,N,-18.001583708332955,73.36038621804035
B,N,178.34667715095915,-178.3696384840173
B,L,24.952237378768547,-96.39993242488579
B,T,-43.05852271221673,-81.26295520627471
B,R,-0.23856290687201792,-84.8449128208877
B,L,-15.796287143975851,-71.01059232100084
B,H,11.962142746108487,-85.59991417358057
B,E,-12.546061385867183,-79.25485115007001
B,L,23.066681581249107,-89.85731795416726
B,E,-49.01614326014582,-77.08391859464245
B,N,14.121780623796276,-100.68530964486035
B,C,125.58826549478023,-79.32158199828326
B,S,-38.865259750664464,-102.27547039466243
B,V,134.56745125951198,-128.93327805972402
B,I,117.55638444474435,-96.41830713891467
B,E,86.55905220831039,-95.49558557641816
B,G,-153.6437510403465,145.51519981909414
B,H,166.5123605986779,-112.33761793206999
B,L,118.82435387246109,-133.06603415307922
B,Q,121.32296704411617,-123.54508814273214
B,I,108.96007244960983,-120.10372678630256
B,L,157.80177549002846,-156.76070617547967
B,L,63.632103448408934,59.31743646274708
B,M,104.51158400403044,-123.39033289953979
B,F,-38.06724084699229,-98.50432881000316
B,K,63.62980793220375,-98.7520191112988
B,T,154.93779988849508,-124.57201864732208
B,R,157.69469223419105,-119.56465654329413
B,P,-16.73108896908657,-65.26655022404215
B,E,11.417941900974895,-85.47519941661182
B,D,-14.585785657213874,-98.73868274287867
B,F,-21.130397041183848,-111.17056397530622
B,R,-20.12545356535947,-74.48948449998666
B,D,-15.71994451354127,-78.52687239075232
B,L,111.06898274079815,-103.67385829885669
B,S,154.47977385967212,-135.75466058770704
B,F,85.61340577376765,-132.20503519039985
B,P,1.5982902494270057,-86.32613022116571
B,K,-19.143065786731345,-94.17691961351389
B,L,124.14657679139458,-74.23088366782045
B,I,-42.55398982437686,-112.54246597539505
B,M,135.08649467702443,-139.3107522696779
B,I,133.27744961982,-109.11192674915016
B,T,-34.04282511288671,-85.1024601433035
B,D,-70.46335202432073,-98.36882797205104
B,Y,168.28375302935441,-167.1555509358375
B,L,127.44066489976356,-129.09515336920964
B,L,133.02481059454195,-129.7987832982407
B,L,124.92062141986645,-130.96223510369424
B,F,104.52753180551953,-149.61984104876421
B,R,65.93901333293472,58.46452222677976
B,V,114.88039066877138,-109.05459910777726
B,Y,150.60533432541325,-87.91905973560043
B,G,-19.326009028600854,85.32672089216354
B,L,122.85121178826121,-77.21262955225336
B,E,-20.334840332653574,-110.30415452260401
B,S,147.3855188171634,-157.5580883336322
B,L,5.740514853633915,-92.30499189212979
B,K,-10.736267860537433,-74.95367266714284
B,D,-32.18941232393056,-99.64189985072325
B,L,-57.86629911262511,-70.60335946781947
B,F,84.34240495744498,-120.86530226921366
B,P,-13.502109162551173,-84.91323709525167
B,N,18.40404333030872,-124.66360988196652
B,L,117.79106722065322,-70.38041322793748
B,T,-53.254446538726306,-104.88770744216843
B,V,132.51865466905417,-122.63953217555276
B,I,113.44036466707398,-111.01117948358805
B,R,-51.97201670235724,-79.41729814959979
B,G,46.42852445396519,91.63489356846613
B,S,-40.37285284048216,-70.62256339942503
B,R,136.6606310056934,-124.91057934645369
B,L,175.24920642508556,-105.39765711738451
B,F,93.55569981006231,-120.78969535748483
B,F,64.66506187112596,53.03303542066796
B,N,31.956374483250116,43.95133390739333
B,Y,148.82857119774658,-130.3164836927386
B,A,-14.778064786421108,-109.75388639799527
B,L,114.53902893673323,-138.71536757088182
B,V,120.91704553294937,-120.91109301374517
B,I,107.60280404319067,-127.3460106168526
B,F,121.13700558677318,-134.5745724002086
B,E,50.8332159461409,53.91870964206197
B,M,93.73564927042085,-90.31200373998004
B,V,144.6459592348063,-68.12283703065177
B,H,-4.224044540827268,72.96165423191083
B,L,134.7852772554593,-77.14596386440958
B,K,-4.5706457848517354,-134.1834105674715
B,E,154.14726928402735,-155.47245673353402
B,L,-66.21194975530258,-77.16080545663365
B,G,9.012481888642375,80.92605628534348
B,L,74.79730884535296,-78.42806777906065
B,Y,2.734588547263148,-85.3361535922398
B,N,13.416971575758184,-113.43656518571187
B,L,103.73091179716134,-73.13397081641317
B,M,-43.13646269591808,-91.20350026631742
B,N,137.03880646798186,-149.2802053914138
B,I,110.25822063333476,-111.96025973460081
B,T,-33.081064949561046,-73.51405230189388
B,R,127.56640009738275,-152.0803373018224
B,G,-166.97057788660126,118.18602588787607
B,S,-170.85007388302117,-135.76715800595892
B,V,125.16379790513164,-130.88418683267955
B,R,120.70634397842558,-118.43425337977885
B,I,118.82460294209123,-130.08937803843858
B,E,145.37783173133113,-150.396830628426
B,K,44.5618176273549,60.990338664787146
B,N,106.32381016438958,-110.19774088161678
B,N,9.037920569061063,-82.95017992163501
B,E,1.29771624905931,-133.1938602222816
B,L,122.99364025759864,-85.3991964762871
B,C,-171.8077754686449,-118.7711401619652
B,Y,45.959536187580746,56.287683439506594
B,L,-35.51064514719803,-107.8232732024197
B,A,-12.923725635351548,-75.17893875854244
B,T,32.32358033533571,-96.80624547399097
B,I,131.96568086506363,-127.93716458669381
B,D,104.97193039631591,-97.11075894354758
B,W,-22.49358213186488,-75.19249393008434
B,S,-8.4911868338093,-72.70555242683929
B,R,-8.591415609388102,-82.95106462061554
B,I,-47.03154852292828,-117.07967263582606
B,L,163.6601541888653,-102.27162776554216
B,D,-60.88453715696977,-85.36102941832765
B,S,103.85606374532709,-96.13793321247832
B,V,11.936754335275328,-97.26038850114642
B,E,-13.619205878149236,-81.38487094364056
B,D,3.105640458880579,-106.41825475343188
B,N,149.88911044408005,-67.26904320500024
B,Y,94.84269417201695,-136.5056585106511
B,I,106.25342836255864,-122.18989137306058
B,V,155.33549586345478,-154.6245464832737
B,L,64.24551151238396,58.29951766783701
B,N,-167.78723593259065,-124.50490341380716
B,K,-21.233514989282575,-77.36562008431572
B,D,-8.58782390787482,-71.6632919469721
B,D,-11.499888495400459,-127.1461820678924
B,N,-43.73398045910644,-74.27526008468494
B,E,-163.84162393917902,-131.56086161845155
B,E,50.261437864667165,-124.70484413588431
B,C,140.01679596470066,-67.7770279461262
B,G,143.25047284433865,-78.47812537877651
B,D,102.01932448606446,-124.3550244259832
B,I,134.40748831697317,-100.60911398140112
B,C,162.74441396648965,-100.47774922135956
B,P,55.39618645539985,-77.83980763757515
B,G,-48.75552051673192,-79.48910631643419
B,T,35.081076678932114,-152.657449651693
B,N,-25.827447827154952,131.81475684735295
B,C,146.14347424430414,-69.83395544567563
B,P,173.57362843451463,-70.88626632147178
B,A,105.13600836463982,-143.77590001414407
B,T,154.3450183043222,-112.38962571715045
B,V,139.41139868751773,-85.60857990970764
B,I,-55.59904375611765,-112.33996202676194
B,N,-61.441145562898825,-115.18891906384741
B,G,7.543313592132867,-145.54377324075062
B,Q,152.89912287424286,-149.80850532070042
B,F,131.3769395640797,-85.37622609728163
B,V,164.56886437745445,-127.64338912069535
B,E,158.3987932322257,-93.54936519711738
B,R,122.30428709246412,-122.6419168130577
B,C,146.94859086073728,-153.52482132581673
B,W,-52.79143817986745,-83.0533141196655
B,T,-168.96384613140546,-119.25449626028069
B,H,-3.822717762258261,-76.89060198630176
B,S,-1.7665648127416003,-126.98472130469496
B,H,114.16447938589334,-137.18737190822858
B,C,157.66278929132167,-80.03329591987072
B,Q,126.82530877443547,-76.14740514095372
B,K,120.17421255384419,-77.25647556628475
B,V,123.83390993795646,-121.79792592229174
B,C,162.781280276408,-95.61795816481687
B,P,165.368126327818,-67.25564906104421
B,T,-7.629389920983735,-76.43895299804562
B,I,-29.99035468117108,-77.89692892246943
B,C,85.39570765180136,-84.36545919751089
B,K,-64.0724699296709,-63.791740225587546
B,S,-2.4556320963788787,-129.89440966445682
B,H,-11.655052595150934,-77.17040928692606
B,G,139.99821536016287,80.70626302505063
B,C,152.68319488785636,-97.53914525188613
B,T,-166.45615528595442,-83.31927195346415
B,A,-18.80151022571626,-70.47863992427574
B,E,5.777968621649826,-114.25240422766862
B,G,53.258146928914265,91.13409056466969
B,L,130.31217942351168,-130.36740255614572
B,C,142.6112981573779,-68.5114043664417
B,C,-168.28726363666198,-79.32593642296078
B,H,158.63715475034772,-64.51832286925095
B,S,-2.213951352336152,-73.06120787056102
B,E,4.261104570128336,-114.56104045225985
B,C,171.2131261270502,-76.9509715068475
B,L,112.78596374238656,-153.35131023855033
B,G,-52.7395079307033,93.72202107780424
B,N,149.49914843835867,-159.2689985549916
B,C,157.71290138755458,-156.484588062128
B,S,-62.45400816715076,-79.00956843054209
B,Q,141.3005183827199,-108.86514916862735
B,P,159.0367411079695,-79.42223283374719
B,D,54.26808816759091,57.31577277475863
B,D,118.5842544579832,-154.45903919695812
B,P,-19.744786835680575,-71.04181519177678
B,T,-0.6397513355423106,-82.94362148695825
B,K,20.98500424298913,-118.96748960271628
B,C,167.10425396784802,-72.4760880618717
B,V,-49.13724649523094,-98.30815123403872
B,A,129.51695030760814,-133.20702394646423
B,C,146.6025070826558,-72.34415671406543
B,R,-45.611464800591065,-75.37616083872648
B,N,-61.47689408299267,-109.59943117929437
B,F,160.86632264593183,-147.24382817999026
B,Y,135.94613453339264,-122.41614116527124
B,L,107.85929573491084,-157.1303315731876
B,D,42.854348800664745,55.778356326457015
B,G,27.42963047176836,72.40316270721704
B,R,143.14881384188368,-135.30886373541762
B,C,105.44255453079134,-98.00324462050826
B,V,165.20366569532138,-103.59696365694558
B,E,-35.66216734286091,-87.6991876230049
B,T,160.10831172816705,-136.96352910089183
B,C,126.74975271199433,-79.54424008198154
B,P,156.89561650584454,-77.48081989883039
B,P,146.73849160631482,-69.24090281903305
B,P,43.79740854180626,-94.97089145117994
B,Y,133.251518838233,-106.07985168522188
B,Y,145.3628404626304,-108.63225214527522
B,H,152.43202035348165,-65.0325417657819
B,F,120.63955304615388,-156.7080175115222
B,Q,24.37254810772106,58.60854106940805
B,D,15.687042144450148,65.02579598816041
B,W,-8.682137506415799,-140.12845040771
B,R,169.39375500254303,-149.4399620358031
B,C,128.31834759905897,-106.94532298088352
B,V,163.2494748688534,-127.17811304524537
B,N,-166.8052543926806,-96.06263047343792
B,F,-40.05531554221245,-73.15550154430053
B,S,-26.289992610354492,-74.83114837120849
B,F,-45.637489133563605,-68.66447422239753
B,C,-29.172556542210152,-67.84901762091316
B,Q,-38.65827576984984,-71.44269816344216
B,D,-33.60899777588192,-68.04088994677542
B,L,-24.919100202937038,-72.18410238877205
B,H,-46.621356011433086,-70.60808140362536
B,H,10.426740831292358,-90.35493686651125
B,K,-6.7167920350196875,-100.08455263229753
B,C,-33.423593721077474,-95.81391139828737
B,K,-38.5250376600208,-71.62623416675291
B,N,33.26573493452673,-104.18069871632225
B,S,-161.54773655423296,-157.51630804027957
B,R,-118.93933220450361,-51.932445760808854
B,C,-26.197674239709464,160.14285662001234
B,H,68.4220584220638,58.515221625739215
B,Q,100.5912430841816,-72.91799785498554
B,Y,149.50252097381312,-73.40329692201901
B,V,179.84366239602025,-129.0678474446588
B,I,120.39094149097146,-128.96214129863134
B,H,137.12241165501825,-149.062980218689
B,N,41.213970842877686,59.18804952364661
B,N,33.51106741890682,58.84825157564552
B,K,136.01280690363478,-135.17957427041236
B,C,94.00631276519441,-87.42634040232244
B,I,158.55557141312207,-106.97710010434173
B,P,-53.584566426449406,-61.98520957447789
B,E,150.62868965330205,-131.5959562836964
B,C,137.9604650818326,-66.7447729452732
B,P,-169.94042244344698,-73.8410819641529
B,S,119.58369525569522,-64.50416158387519
B,G,-4.929381705773831,100.10502804659643
B,Y,165.22728822868197,-111.66142416277312
B,T,137.04915799609398,-147.25704654783246
B,M,174.01834017166186,-80.98339336732643
B,N,-173.51509396788003,-115.94288927094485
B,S,-61.5672561963404,-82.34844112783016
B,S,-65.77823751206091,-75.24649522030552
B,N,154.9994633214807,-85.02066807200373
B,L,26.79047599154024,-96.17532305699281
B,L,125.63228074513565,-78.29489267501016
B,C,98.81838606199861,-72.80951804225656
B,T,144.60269085874845,-84.14488842428412
B,P,157.80428587647629,-72.32254965372134
B,C,159.97091363877863,-99.38930009011987
B,L,64.84158588937322,-93.60490844730816
B,G,144.07345114469146,159.32090168960517
B,P,86.00506885828646,-81.46173458756036
B,C,119.93440079042996,-92.8381574720583
B,P,-174.67202743706892,-80.99391785689195
B,K,96.38177390049445,-109.31758340504295
B,V,125.36094283328747,-87.28351745442413
B,C,91.67662636483108,-111.2008480709086
B,H,108.91554771354367,-66.48849981385757
B,L,157.03867671741529,-74.80478459472255
B,L,123.33167412220286,-93.07246942975058
B,E,24.74935084975417,60.36819394812767
B,G,24.5534762377798,63.45226217268709
B,E,124.87900526742422,-160.85472645272574
B,K,125.79853798094513,-136.76187258290892
B,T,118.57333440994549,-93.52230006970997
B,I,119.69529464920322,-93.65792738608589
B,D,3.5455504006561567,-138.32084612396713
B,S,170.65997475048147,-167.02980888575598
B,V,-29.245519253920655,-69.35391404490966
B,T,-44.528604012597725,-63.10856249318043
B,S,-25.259627149719194,-76.64815427244281
B,A,-25.588923736068843,-77.69535716238303
B,Q,-12.343143226347,-73.54997480510993
B,E,-21.024228147451407,-74.38970693473891
B,L,35.57132244629502,-100.21652714789798
B,R,118.81314740599271,-92.78771425985431
B,G,0.45907713241639886,89.44901466454031
B,C,155.25011701512648,-72.37133907059031
B,T,-28.612791015248106,-126.54315641322593
B,V,111.3469592228647,-129.43088528326712
B,I,119.01388355021554,-88.72222661212928
B,N,62.35651055669106,-90.61497679274414
B,G,-155.1499802804615,176.20474904134383
B,S,139.90244914972078,-127.43763146655145
B,L,141.65766872623865,-101.3841576659998
B,I,111.14684913774731,-124.62823061337484
B,I,119.60419125555703,-94.44317744251681
B,N,87.90680792093136,-146.96164244774178
B,I,87.06626977785983,-96.66022266385548
B,R,96.73988916865468,-73.68654188235726
B,G,-121.06776502159249,-138.9633079594484
B,G,-8.12632919790273,143.99550892383962
B,N,145.8727838508967,-119.07311445738864
B,N,116.80064703634726,-77.38823483915588
B,L,31.68863995668891,-103.4660483402105
B,A,-36.62047170822129,-72.84003820690147
B,A,-52.9302064760462,-71.19656060416891
B,E,-0.6485462963265015,-77.36547856687339
B,L,-29.08363317601297,-95.36322837109839
B,E,-29.375413016133614,-79.57895733712357
B,A,-28.407007690560597,-71.63128981803831
B,N,-47.01176594604991,-98.83083661972863
B,L,-165.72233643084783,-79.93732945864916
B,G,-1.611865217766828,79.20527281330367
B,L,13.172742746499253,-103.6401593673745
B,I,138.97758456461463,-100.49103407960928
B,E,-58.44914543562822,-102.23322062484772
B,E,143.6691055692388,-95.13795719376388
B,I,113.77073478182868,-124.37375734051228
B,S,-6.867227882781489,-76.40981796967976
B,G,-135.38794368985162,-115.56512649569723
B,Y,176.91817067158632,-104.65481539527495
B,L,128.93103461210112,-135.59422064678824
B,K,109.30231037127784,-137.84591493012186
B,I,120.96802348218347,-99.38392561985296
B,R,121.94058809067862,-141.11769986877295
B,R,33.03318141929379,57.55743528704897
B,S,109.85372976439642,-85.15062123891217
B,Y,-43.75663107944848,-72.02068199432263
B,A,4.204320123931694,-104.04319759330687
B,L,131.1114173698092,-72.28052677155686
B,V,-15.977775665713674,-110.29841014398986
B,S,153.25217759933992,-158.89670450785744
B,L,26.86448724197051,-96.94359497621046
B,S,-1.260107329602334,-80.69871045147606
B,F,-19.69919085332405,-72.99988034256471
B,F,92.84641356210547,-73.54182830609642
B,R,-40.822352954434216,-76.16929960737652
B,K,22.782856398816183,-112.97468328843775
B,L,119.40949671686587,-75.23674593246365
B,R,-57.098683888661675,-114.1374457467504
B,L,129.55883739124982,-115.42269597537998
B,I,107.5607155542628,-117.67603476378719
B,R,-34.95106025788408,-72.95322979246399
B,G,33.66099081615107,70.80829462752637
B,E,-0.7342566436642932,-78.59324306720272
B,T,104.83912127064708,-153.39582877190796
B,L,157.04887148872314,-96.21978642301784
B,E,148.16854976664763,-64.92118202518341
B,I,122.36986009161453,-63.598432193645024
B,G,3.02150496650158,107.45498400199882
B,N,63.05815871775196,57.57606901392745
B,Y,149.59440264356692,-119.9691217634419
B,S,6.17439053653408,-129.18617903532586
B,F,119.11413410220186,-147.5743316840401
B,Y,118.0629352794694,-127.52410078303124
B,A,124.52981674382012,-129.55297830135214
B,L,127.26499124058378,-150.68051772722748
B,D,44.9583978590894,65.0377119716801
B,N,111.98616103167012,-101.92293719694233
B,Q,-20.437785461849103,-74.83393992444239
B,N,21.367472457606926,-134.68504171022542
B,L,115.95041386150369,-76.80224715573584
B,R,-23.97493393185215,-113.28070442519731
B,Q,133.22153011229136,-139.13684261818372
B,L,-63.21625795787051,-82.77285510492077
B,W,174.07625365443272,-145.18958459136704
B,D,100.4631377482346,-89.67758816530052
B,W,2.137275231657995,-76.82712290856193
B,S,-60.7447694820317,-68.69729073425181
B,K,-8.657557543133446,-97.67133954318216
B,H,129.02535508736094,-108.22560970708271
B,N,173.24285980323828,-93.79035621519219
B,L,149.92950785613215,-162.762368917053
B,T,95.70698635686523,-143.64305064033223
B,I,113.49126635095178,-93.02821899370518
B,T,-57.234578358505516,-75.57160863631371
B,Q,169.01740882290218,-123.23115789480612
B,G,160.4820998250475,80.37104105856362
B,K,156.8658365255489,-102.83443379782338
B,L,172.73026539086845,-77.65476216097971
B,F,120.30327505855774,-158.3099788783725
B,F,115.54766925895899,-140.29599837409364
B,H,133.01571482551287,-148.6677896418921
B,Y,52.205320713891645,61.55862555241677
B,N,76.5362002205426,-114.82330107950244
B,P,5.607277833440717,-72.21847065665465
B,K,26.74651990761429,-130.0302508205794
B,L,127.4921836981866,-118.65350907648214
B,C,154.87937913528202,-98.82723993170521
B,L,-20.720881647518482,-67.33783924855183
B,S,-36.8645947955351,-64.98529098743013
B,E,-39.116369307354724,-67.60294942775063
B,I,-42.64481016237741,-64.302334428529
B,H,-30.989055834568482,-74.30892213097329
B,K,-37.54220528271111,-63.564033114260674
B,M,-40.94406487628804,-63.5834685979117
B,E,-54.927119754559946,-56.402846300476284
B,E,-37.110660147247565,-64.93910167657539
B,V,-42.285089724330994,-78.59776230514798
B,S,-48.96356855103146,-72.71728198654012
B,G,22.213291145169748,117.8200263422244
B,T,46.76343867460762,-114.55353066703489
B,K,-60.737047776614524,-75.72912532333177
B,G,60.34407050624118,-93.48637652800349
B,R,-22.426538375075463,-135.5942812779177
B,Q,161.59512155218474,-93.76766564931447
B,E,-176.5303102070461,-104.27211941977698
B,R,145.54201317335696,-71.14059400260842
B,N,24.584588842048404,62.86899902103819
B,D,-33.48846667255204,-87.69845676105598
B,I,112.28512835486976,-120.93053935924091
B,A,167.76572142723825,-74.38930987565334
B,L,-33.76461881500723,-121.04156242326849
B,K,-19.485849281617874,-77.21194174765252
B,T,-29.23174084686431,-112.91086777975214
B,N,78.96298159774942,-77.27482947092707
B,G,37.93850229198541,105.64774247949072
B,D,-2.133568648231201,-81.24197360069661
B,Q,20.584006037024935,-111.05900988411976
B,A,146.95945516352123,-129.30958437018302
B,S,104.7438847096283,-99.12836185759636
B,C,51.419293160718865,-136.52779652472603
B,E,-15.749760674079447,-66.49941656889607
B,N,28.240118493726097,41.98252873505024
B,E,149.37738768534336,-138.70536897720427
B,L,128.87989505269417,-105.19777872462171
B,L,144.66895072933428,-100.08562721948238
B,K,126.58720209317151,-125.61165013738832
B,F,146.6466326550736,-70.87035983857125
B,S,-12.043806244099402,-127.86916647738306
B,Y,109.05016001056235,-157.4065209420998
B,I,127.7888932747592,-121.20217493604298
B,R,134.9385167509184,-152.96429188221833
B,T,171.74303474917676,-106.59912533501725
B,S,-161.68051806023246,-157.09040348517186
B,F,-45.64779050398872,-64.65018716806814
B,D,-6.7162532826092285,-122.79940206215005
B,K,150.21637451445304,-122.4333941038099
B,I,126.19212474037788,-126.3000589722977
B,L,118.98616061157658,-99.41760516706208
B,L,146.6904939981063,-110.13327890628011
B,R,127.05841295845671,-147.08229932701062
B,W,171.12110210796837,-120.46598045371965
B,E,147.0922816887863,-75.46166357308076
B,P,137.32680765192447,-72.75594552450383
B,Y,139.44531164050397,-119.50749739323165
B,W,127.42573083013676,-136.22339236656828
B,P,162.74371704701736,-66.99623407280845
B,P,-25.196361054935096,-61.6157250337924
B,D,110.36520026253953,-104.56715245682724
B,F,-11.994754180246082,-70.93261276779151
B,R,-6.029743163143622,-81.06354268733556
B,D,-23.461305185732574,-77.13196552566386
B,L,104.55524278825902,-72.54481236560812
B,L,-21.15018995317713,-76.25320323853228
B,G,173.63755362694772,143.47264114574722
B,F,-176.05513154952806,-96.54324479743651
B,M,107.19463307627403,-154.43127417784524
B,L,132.59119221357844,-102.606329300019
B,F,118.65428811729204,-115.8587432906512
B,Y,165.5954597627086,-127.13979737111316
B,K,146.6277804956598,-172.22688142739776
B,E,142.048167726183,-87.30547290711581
B,A,121.55510103248325,-151.3375286610133
B,P,-41.776495548743505,-75.37648430704803
B,Y,173.0347404328688,-114.06405409862174
B,Q,-63.92153068703909,-74.68891623919188
B,N,98.41897729800938,-71.2484837101354
B,V,149.7430702686893,-103.67440102921847
B,T,-168.22506404302888,-75.9645889580448
B,E,-164.39659427048682,-131.6257465097976
B,F,-64.14673386489993,61.021161852771584
B,S,-150.13802863748418,41.8172491987928
B,W,74.60318355165411,58.687636832748225
B,T,128.84183300584166,-50.421734556485866
B,V,147.02953566808387,-113.26774372964677
B,V,148.3578484026199,-144.6452203691166
B,D,132.00576381039414,-105.24118147377854
B,I,127.56358574139927,-116.7482073844785
B,D,148.72567628687005,-71.8521901023462
B,P,152.7852194593544,-72.97849746556584
B,P,176.820097771509,-75.0590333369
B,L,106.81170286054254,-92.92740142170936
B,R,153.69814442578107,-81.64737272433379
B,S,15.752108172161503,-124.753983801259
B,N,-1.9158544329107206,69.05338690516597
B,D,145.5734979009527,-132.26638688348174
B,P,16.20092820940891,-80.8882390073995
B,K,-29.180540367425426,-78.86923531310666
B,S,-65.86857789058986,-116.0706737801097
B,Q,-18.339019405250433,68.83129123390783
B,N,72.62757840059616,55.89428308968899
B,H,135.4488717370085,-37.887219056013706
B,P,-64.25893551895489,-61.68745817230033
B,G,169.53906108796033,68.87045162942258
B,W,144.52816464546285,-165.48128247288147
B,L,97.26491830486144,-105.10068505817111
B,M,123.73690501296046,-79.89294651624371
B,R,168.923870647046,-126.81006161390671
B,G,30.89255655790259,86.37824180596554
B,L,174.40452211834787,-107.24359221486516
B,K,145.06122941928038,-99.5575929831673
B,P,157.93228111537854,-72.93240381452672
B,W,63.34998331038352,55.51233296157906
B,T,131.6234015152375,-149.477679057599
B,Q,140.1214143490663,-91.0395810661152
B,Y,160.75315579245972,-124.10683742799368
B,A,113.05010285895702,-121.59684316415003
B,I,133.7324397168382,-126.91734482199163
B,F,165.09119531788576,-150.6351120516511
B,V,141.85581415539383,-121.09596012460149
B,K,147.12255820158614,-135.57889535884846
B,T,146.54294246876432,-93.9596669686862
B,L,108.4605787306092,-115.25557151377113
B,V,175.6747016494129,-114.41394264397712
B,T,126.85265773112127,-96.68699855043059
B,F,132.51318600155182,-71.06533876161978
B,S,134.90907317609978,-123.58644083435385
B,D,-22.32827247454861,-74.06314541143203
B,E,-43.50841811835706,-77.78382154725564
B,R,-178.698922960833,-118.53298353201893
B,R,147.9345281148544,-64.13644023324618
B,T,-74.42428849221601,-65.40181645218158
B,Y,-179.27188186172393,164.15786117341298
B,G,178.1546922919116,152.6305404282301
B,A,156.86340182568642,-162.41579082742825
B,K,179.10270131568788,-152.7791167474968
B,S,168.18930982364566,-120.94829493162547
B,D,153.93666201901073,-73.80120947568848
B,I,123.07904264946242,-75.78392685981129
B,I,162.767372705121,-105.9427359125036
B,Y,112.75404206116865,-124.80022639745624
B,V,116.57144281495638,-127.1253383257191
B,Q,137.41796455759567,-105.85333199184151
B,T,-173.82883840941108,-74.93761235910671
B,D,-13.906427073911734,-80.47660834990715
B,Q,-91.25684353047028,-137.68188163439606
B,I,-48.79445079838069,-75.58360482740507
B,L,-21.42137279270955,-73.60676286268216
B,K,-34.05272932685597,-73.65892568289199
B,E,-32.99692090168185,-71.56299068467746
B,L,-30.0568131517534,-71.18083068849376
B,E,-37.64128179459836,-84.78977737434332
B,E,-22.012397829678005,-70.88878682733774
B,S,-32.646363959200386,-82.38828754666446
B,S,-8.590937880272218,-90.4090030303542
B,F,-25.534339004925766,-76.02205765765281
B,R,-26.010879737532488,-86.14253833990742
B,K,-29.327186026701092,-71.91808788350205
B,T,-36.71352970540151,-71.49446324797734
B,F,-29.103532108631725,-76.15013119671711
B,E,-40.27160317691789,-69.26139782883408
B,D,-23.766543575219917,-76.979432302104
B,Y,-40.9859769098958,-68.70813589811905
B,L,-26.05737221674271,-72.04623002098549
B,H,-24.854306913801935,-85.36301657188581
B,N,-30.93284203074204,-77.60244355384177
B,V,-37.92020654865343,-80.36318113750191
B,V,-49.402781561010364,-79.5491050051838
B,F,127.41662710418203,-86.6803670687966
B,V,120.54356164514228,-120.04282590270326
B,P,90.58559405148699,-81.87893388989406
C,N,122.7000701402677,-115.0094448060172
C,Q,162.4773765933815,-157.8254943212535
C,H,134.81291327758683,-70.6315030850239
C,L,112.82390766170144,-118.88831533697098
C,C,151.87027546438665,-130.51677821468175
C,G,-133.6991279926321,63.88518609032397
C,S,-30.392502504468037,-67.16477619630132
C,H,-41.0344062002126,-62.75217609287509
C,L,-40.981113715817884,-64.54904101168937
C,V,-42.965435741991804,-65.23220221190266
C,E,-37.06774741566602,-68.42780114561015
C,A,-43.38081858506708,-65.91928058962955
C,L,-34.787341809988995,-61.52619922692073
C,Y,-43.40800008432679,-68.16367525917022
C,L,-40.565542268977474,-63.04240892653366
C,V,-51.69886788729451,-66.26047802023281
C,C,131.67244794470707,-132.803273778831
C,G,-2.8745352228365624,160.94364821037672
C,E,-38.22481457284561,-91.53119744583623
C,R,-44.50729300082742,-89.69208866519547
C,G,155.75086442872933,108.93027228860001
C,F,166.48944791594587,-72.9096783432612
C,F,121.23494380464982,-115.38005872100828
C,Y,142.1780393089104,-117.59177824854197
C,T,141.16171238389285,-75.82174750747181
C,P,11.322410377322507,-69.00821361532236
C,G,116.23260054006296,-103.49532668084287
C,I,-23.357596961724745,-82.35262007099846
C,V,-15.064822779083698,-82.75597803039598
C,E,-33.113767856790524,-79.1772150349397
C,Q,-56.51741863317773,-76.77505792955776
C,C,-37.73343336828742,-91.79132828319601
C,C,-29.4642582163054,-87.28639813516212
C,T,-58.59440872280817,-90.65479746748967
C,S,-166.0522295942523,-87.21066670294086
C,I,114.84956416651731,-116.41057866371462
C,C,143.18808712079317,-77.2671820643807
C,S,-175.94213111258603,-88.63281200355944
C,L,-23.586912732554797,-72.3886547218437
C,Y,-30.707827741057848,-73.58365174205011
C,Q,-37.49814620051403,-69.034271884682
C,L,-13.774725447559895,-73.06659445766796
C,E,-29.24967502239084,-68.79113225186124
C,N,-13.290542976986698,-72.71695576512708
C,Y,35.38168043366011,-98.5295980892221
C,C,157.17881607234526,-134.03568545112262
D,N,122.94731457780415,-115.26439343358619
D,Q,162.1645780230823,-157.70784831053123
D,H,129.87962775516132,-70.2415356643458
D,L,112.86398651016778,-113.43930196403106
D,C,151.83630119206666,-130.52148010160053
D,G,-133.71709521832798,63.939314618254365
D,S,-30.372120558531407,-67.15398390257045
D,H,-41.105410191292734,-62.668662661700964
D,L,-41.03883539962224,-64.52527392273599
D,V,-43.03834242500332,-65.08237662075086
D,E,-36.9996365620905,-68.44100083152193
D,A,-43.36845303046757,-65.99719485947283
D,L,-34.725043566957375,-61.56260953579922
D,Y,-43.43444963734938,-68.2094510909097
D,L,-40.520890308647594,-63.04822029480735
D,V,-51.71831884484655,-66.23886248562472
D,C,131.6235416866763,-132.81984852847722
D,G,-2.8386588528813834,160.99371538423935
D,E,-38.25059319339686,-91.53495543412438
D,R,-44.54245355672008,-89.66997893740685
D,G,155.762164318345,108.89585563295607
D,F,166.48873450996788,-72.91154058869701
D,F,121.14793094078055,-115.33634858039018
D,Y,142.20148783990714,-117.54017696863512
D,T,141.1522078494518,-75.87710448367916
D,P,11.335549900656197,-69.01536096651984
D,G,116.21184145086802,-103.48599142213268
D,I,-23.35723982745467,-82.30842207497228
D,V,-15.051326308024505,-82.8123158170177
D,E,-33.08961546714296,-79.18068559806983
D,Q,-56.47815045780517,-76.82796665350908
D,C,-37.759333630857704,-91.80964888071587
D,C,-29.485807161000693,-87.19528439668956
D,T,-58.55948980559505,-90.66897242094184
D,S,-166.04498745528733,-87.26335486374388
D,I,114.7947788600521,-116.40583838531893
D,C,143.22789003019386,-77.19792403091623
D,S,-175.91375390079654,-88.65685688914861
D,L,-23.564879676514064,-72.39394217613109
D,Y,-30.7141899341181,-73.59915997847447
D,Q,-37.512885621127126,-68.96567565622921
D,L,-13.805404730059145,-73.05400978651534
D,E,-29.234933547563458,-68.80070451831902
D,N,-13.219555840642663,-72.75633594854371
D,Y,35.45813306937693,-98.53018696143188
D,C,157.1575440493805,-134.05534173235517
E,H,141.34576965277836,-68.15071445693387
E,L,112.8265117734278,-114.55570098712924
E,C,151.85580900042658,-130.50683140730547
E,G,-133.72902244896804,63.91678516838481
E,S,-26.9770449226917,-67.14921818571003
E,H,-52.156664256854256,-63.377715995449854
E,L,-40.993816281965636,-56.392631487147206
E,V,-42.94286926059856,-65.15481373918891
E,E,-37.00593583198796,-68.5132866366857
E,A,-43.44839147132308,-65.95725363669831
E,L,-34.713508628102176,-61.51155255232072
E,Y,-43.3771136825629,-68.22404992939343
E,L,-40.56422787510013,-63.04787853594268
E,V,-51.75037273471889,-66.22998847862249
E,C,131.68126823522644,-132.74601192525458
E,G,-2.8003655135788326,160.93574875539736
E,E,-38.22121810003243,-91.60844387014983
E,R,-45.793471330557814,-89.6955603085579
E,G,128.57969397703965,115.55769081931204
E,F,127.27893824301437,-120.6985208313373
E,F,-41.47898840151617,-65.88202922943616
E,Y,120.11744851456656,49.0195635808469
E,G,116.2039147815741,-83.10866794418628
E,I,-23.35594951011717,-82.29021969996927
E,V,-15.087400037006446,-82.76841398101749
E,E,-33.14787810177128,-79.14619992230055
E,Q,-56.46445067315447,-76.81466924212056
E,C,-37.81799099382965,-91.81301488915695
E,C,-29.473256321691952,-87.17355183795978
E,T,-58.48261402291896,-90.67471173714655
E,S,-166.02709583164443,-87.2713990306086
E,I,114.82660423368964,-116.38166427007273
E,C,143.21362025723718,-77.31749953902637
E,S,-175.89604076537103,-88.58486743877228
E,L,-25.071625349513486,-72.45190762134942
E,Y,-38.73310118622506,-65.7075250011666
E,Q,-37.506561033144756,-67.71296185493276
E,L,-13.825867670222667,-73.0637985362779
E,E,-29.211966956772915,-68.80384209372161
E,N,-13.295919498882583,-72.75345351885721
E,Y,35.37827659142271,-98.48986758425819
E,C,157.14894376325523,-134.03911304854063
F,H,141.30422826202465,-68.16703180093998
F,L,112.81638723049294,-114.50301236944797
F,C,151.84290755676986,-130.46414022113203
F,G,-133.75162407916574,63.95681118677347
F,S,-27.312496936824687,-67.1817464725465
F,H,-52.72841229250481,-63.24405943548519
F,L,-41.023749521199406,-55.35707780179286
F,V,-43.002078973837946,-65.16942807425986
F,E,-36.995044438009636,-68.4414839277007
F,A,-43.382440862652665,-65.96304697744559
F,L,-34.78483617344203,-61.575191694078256
F,Y,-43.41195044870607,-68.19507707323734
F,L,-40.53986660278946,-63.040924334709146
F,V,-51.649972626294,-66.2726169572798
F,C,131.61907983412675,-132.7956422753936
F,G,-2.898837103450427,160.9893968198473
F,E,-38.21031551312389,-91.54089119792144
F,R,-44.92709344242549,-89.76055117229085
F,G,139.81970984565902,119.1622434882918
F,F,154.68862362383354,-135.83057173738135
F,F,127.43738603227776,-118.63250220350423
F,Y,148.16496819897412,-163.72424645084848
F,G,116.20340962906063,-87.7682811008262
F,I,-23.401826979899674,-82.24255846459178
F,V,-15.058765992115019,-82.7753783857602
F,E,-33.11544284203849,-79.15828056693827
F,Q,-56.427529164666765,-76.80533166809275
F,C,-37.79230315438416,-91.80223398765206
F,C,-29.49031326630514,-87.20551443075034
F,T,-58.574777235170394,-90.62487556629652
F,S,-166.0301412234449,-87.29066806536278
F,I,114.83445805580278,-116.38105399514177
F,C,143.24805177628016,-77.27413549923851
F,S,-175.9024463791965,-88.61656499197017
F,L,-24.876760642256993,-72.42215650792974
F,Y,-38.94790414557768,-65.87112290505954
F,Q,-37.52844189435979,-67.40580876666093
F,L,-13.894818750444625,-73.07759169446071
F,E,-29.29876155819791,-68.682849896652
F,N,-13.253736844401395,-72.76168696001089
F,Y,35.36198361145438,-98.44252740006725
F,C,157.14376946646448,-134.06149910470631
